Wavelength	Mean	Std+	Std-
350	0.02848885	0.033891835	0.023085865
351	0.02860455	0.034007152	0.023201948
352	0.02860705	0.034016454	0.023197646
353	0.0287203	0.034127499	0.023313101
354	0.02866825	0.034072071	0.023264429
355	0.0284564	0.033859308	0.023053492
356	0.02845675	0.033896789	0.023016711
357	0.0287704	0.034205549	0.023335251
358	0.02915115	0.034562304	0.023739996
359	0.029099	0.034503623	0.023694377
360	0.02919945	0.034615541	0.023783359
361	0.02930015	0.034725091	0.023875209
362	0.02931425	0.034731784	0.023896716
363	0.0291473	0.03458182	0.02371278
364	0.02913605	0.034582501	0.023689599
365	0.02931855	0.034767343	0.023869757
366	0.02958585	0.035014752	0.024156948
367	0.02963285	0.035059645	0.024206055
368	0.0295707	0.03500167	0.02413973
369	0.02963145	0.035043867	0.024219033
370	0.02947925	0.034877785	0.024080715
371	0.02948785	0.034886046	0.024089654
372	0.0299942	0.035417765	0.024570635
373	0.0301309	0.035554744	0.024707056
374	0.03012995	0.035555796	0.024704104
375	0.03002525	0.035459114	0.024591386
376	0.0302982	0.035734558	0.024861842
377	0.0302597	0.035711128	0.024808272
378	0.0300816	0.035553812	0.024609388
379	0.03033395	0.035806912	0.024860988
380	0.03026785	0.03574734	0.02478836
381	0.0302095	0.035687732	0.024731268
382	0.03044525	0.035896049	0.024994451
383	0.0304999	0.035937851	0.025061949
384	0.03064655	0.036073645	0.025219455
385	0.0309366	0.036352963	0.025520237
386	0.03066465	0.036087223	0.025242077
387	0.0306876	0.036122089	0.025253111
388	0.0309016	0.036350251	0.025452949
389	0.03099515	0.036446981	0.025543319
390	0.0311198	0.036575468	0.025664132
391	0.031275	0.036729393	0.025820607
392	0.03148065	0.03692079	0.02604051
393	0.03150035	0.036929168	0.026071532
394	0.031433	0.03687409	0.02599191
395	0.03129955	0.036781047	0.025818053
396	0.0314429	0.036901675	0.025984125
397	0.03149805	0.036953082	0.026043018
398	0.03152345	0.036984801	0.026062099
399	0.0317312	0.037180258	0.026282142
400	0.0318214	0.037269589	0.026373211
401	0.031856	0.037303492	0.026408508
402	0.03187145	0.037307499	0.026435401
403	0.03195725	0.037401236	0.026513264
404	0.03203465	0.037480688	0.026588612
405	0.03208515	0.03752028	0.02665002
406	0.0321098	0.037540381	0.026679219
407	0.03214045	0.037568123	0.026712777
408	0.03218035	0.037606792	0.026753908
409	0.03225305	0.037684382	0.026821718
410	0.03229355	0.037724243	0.026862857
411	0.03232045	0.037749128	0.026891772
412	0.03235105	0.037781426	0.026920674
413	0.0324507	0.037879342	0.027022058
414	0.03252285	0.037951513	0.027094187
415	0.0325323	0.03796445	0.02710015
416	0.03262675	0.038048544	0.027204956
417	0.0327089	0.038125109	0.027292691
418	0.03277005	0.0381864	0.0273537
419	0.0327665	0.038184698	0.027348302
420	0.03282615	0.038246744	0.027405556
421	0.03289095	0.038312601	0.027469299
422	0.0328693	0.038287043	0.027451557
423	0.0329586	0.038375343	0.027541857
424	0.0330411	0.038454758	0.027627442
425	0.0330679	0.038473386	0.027662414
426	0.03310495	0.038515859	0.027694041
427	0.03315325	0.038563891	0.027742609
428	0.03321075	0.038615567	0.027805933
429	0.0332432	0.038655946	0.027830454
430	0.03333645	0.038746488	0.027926412
431	0.0334291	0.038832823	0.028025377
432	0.0333986	0.038804144	0.027993056
433	0.03348475	0.038891866	0.028077634
434	0.0335558	0.038962618	0.028148982
435	0.03354495	0.038948752	0.028141148
436	0.0335909	0.038996483	0.028185317
437	0.0336498	0.039055491	0.028244109
438	0.03371335	0.039117373	0.028309327
439	0.0337223	0.03913174	0.02831286
440	0.0337764	0.039181169	0.028371631
441	0.0338562	0.03925233	0.02846007
442	0.03393335	0.039328133	0.028538567
443	0.0339956	0.039394153	0.028597047
444	0.03405225	0.039453029	0.028651471
445	0.03410635	0.039503299	0.028709401
446	0.03410325	0.039499811	0.028706689
447	0.03413675	0.03953626	0.02873724
448	0.0342189	0.039623673	0.028814127
449	0.03432885	0.039724818	0.028932882
450	0.0343918	0.039786281	0.028997319
451	0.03441875	0.039815761	0.029021739
452	0.0344184	0.039814992	0.029021808
453	0.03444055	0.03983919	0.02904191
454	0.0344805	0.039879272	0.029081728
455	0.03454165	0.039934082	0.029149218
456	0.0346186	0.040014017	0.029223183
457	0.0346987	0.040094588	0.029302812
458	0.03477735	0.040168884	0.029385816
459	0.0347756	0.040171627	0.029379573
460	0.0347916	0.040189939	0.029393261
461	0.03482145	0.040220291	0.029422609
462	0.0348618	0.040260797	0.029462803
463	0.03493215	0.040333827	0.029530473
464	0.0350066	0.040409854	0.029603346
465	0.0350639	0.04046425	0.02966355
466	0.03512095	0.040518697	0.029723203
467	0.0351526	0.040549297	0.029755903
468	0.03515	0.040548062	0.029751938
469	0.0351549	0.040553182	0.029756618
470	0.0352183	0.040616727	0.029819873
471	0.03531945	0.040718103	0.029920797
472	0.03538545	0.040783598	0.029987302
473	0.035453	0.04084647	0.03005953
474	0.03549785	0.040888673	0.030107027
475	0.035484	0.040880336	0.030087664
476	0.03548005	0.040880908	0.030079192
477	0.03552145	0.040925736	0.030117164
478	0.03562145	0.041027628	0.030215272
479	0.0356512	0.041055916	0.030246484
480	0.03572045	0.041121711	0.030319189
481	0.0358095	0.041207466	0.030411534
482	0.0358048	0.041209402	0.030400198
483	0.0357935	0.041198179	0.030388821
484	0.03580155	0.041203908	0.030399192
485	0.03587645	0.041278153	0.030474747
486	0.03596675	0.041364516	0.030568984
487	0.0360394	0.041435483	0.030643317
488	0.0360809	0.041479929	0.030681871
489	0.03616315	0.041562239	0.030764061
490	0.0362201	0.041618345	0.030821855
491	0.03625375	0.041650825	0.030856675
492	0.03628015	0.041680585	0.030879715
493	0.03633235	0.041731702	0.030932998
494	0.03639295	0.041790631	0.030995269
495	0.0364424	0.04184289	0.03104191
496	0.0364804	0.041883888	0.031076912
497	0.0365193	0.041922602	0.031115998
498	0.03656405	0.04196194	0.03116616
499	0.03657265	0.041972607	0.031172693
500	0.03661095	0.04201256	0.03120934
501	0.03667995	0.042081706	0.031278194
502	0.036764	0.04216232	0.03136568
503	0.03681895	0.042215652	0.031422248
504	0.03686325	0.042260187	0.031466313
505	0.0369226	0.042323036	0.031522164
506	0.036933	0.042337167	0.031528833
507	0.0369587	0.042364102	0.031553298
508	0.03703305	0.04243628	0.03162982
509	0.0370831	0.042486861	0.031679339
510	0.03712225	0.042524335	0.031720165
511	0.0371553	0.042554337	0.031756263
512	0.03722695	0.042632677	0.031821223
513	0.0372711	0.042681	0.0318612
514	0.03730155	0.042711587	0.031891513
515	0.0373387	0.042739251	0.031938149
516	0.03741895	0.042821064	0.032016836
517	0.03748545	0.042890592	0.032080308
518	0.03750175	0.042907712	0.032095788
519	0.03754115	0.04294763	0.03213467
520	0.0376113	0.043020243	0.032202357
521	0.0377084	0.043121215	0.032295585
522	0.0377826	0.043188932	0.032376268
523	0.0378332	0.043237905	0.032428495
524	0.03787055	0.043276534	0.032464566
525	0.03790935	0.043315932	0.032502768
526	0.0379651	0.043373603	0.032556597
527	0.03802445	0.043433043	0.032615857
528	0.03808145	0.043486784	0.032676116
529	0.03815445	0.043562467	0.032746433
530	0.0382081	0.043615649	0.032800551
531	0.03823775	0.04364065	0.03283485
532	0.03827235	0.043680747	0.032863953
533	0.0383279	0.043737814	0.032917986
534	0.0383912	0.043800283	0.032982117
535	0.03842335	0.043833624	0.033013076
536	0.0384793	0.043893414	0.033065186
537	0.0385383	0.043954995	0.033121605
538	0.03858665	0.044001068	0.033172232
539	0.0386624	0.044077328	0.033247472
540	0.038716	0.044130722	0.033301278
541	0.03873885	0.044152408	0.033325292
542	0.0388093	0.04422133	0.03339727
543	0.03886755	0.044281171	0.033453929
544	0.03891895	0.044335647	0.033502253
545	0.03898215	0.044395591	0.033568709
546	0.03902175	0.044434608	0.033608892
547	0.0390519	0.044465522	0.033638278
548	0.03908055	0.044495131	0.033665969
549	0.0391552	0.044568405	0.033741995
550	0.03922375	0.04463616	0.03381134
551	0.03927475	0.04468751	0.03386199
552	0.0393424	0.044754534	0.033930266
553	0.03939925	0.044812766	0.033985734
554	0.0394471	0.044863011	0.034031189
555	0.03949025	0.044906673	0.034073827
556	0.03954345	0.044959804	0.034127096
557	0.03959505	0.045011219	0.034178881
558	0.03963075	0.045047009	0.034214491
559	0.0396933	0.045107271	0.034279329
560	0.0397641	0.04517525	0.03435295
561	0.0398392	0.045246827	0.034431573
562	0.03986165	0.045277784	0.034445516
563	0.0399062	0.04532586	0.03448654
564	0.0399659	0.045384661	0.034547139
565	0.03999645	0.045415511	0.034577389
566	0.04005505	0.045470977	0.034639123
567	0.04012095	0.045533691	0.034708209
568	0.04017035	0.045583394	0.034757306
569	0.04022135	0.045637574	0.034805126
570	0.0402694	0.045688998	0.034849802
571	0.04031285	0.045735085	0.034890615
572	0.04039	0.045811211	0.034968789
573	0.0404385	0.045858749	0.035018251
574	0.0404614	0.04588077	0.03504203
575	0.0404953	0.045910535	0.035080065
576	0.0405677	0.045984675	0.035150725
577	0.04065145	0.046070976	0.035231924
578	0.0407081	0.046124103	0.035292097
579	0.0407175	0.046133957	0.035301043
580	0.04074095	0.04615931	0.03532259
581	0.04080605	0.046226587	0.035385513
582	0.04087475	0.046295338	0.035454162
583	0.04092245	0.046344293	0.035500607
584	0.0409539	0.046377778	0.035530022
585	0.0410256	0.046450141	0.035601059
586	0.04108045	0.046506756	0.035654144
587	0.0411334	0.046561587	0.035705213
588	0.0412117	0.04664036	0.03578304
589	0.04124155	0.046668946	0.035814154
590	0.0412855	0.046710841	0.035860159
591	0.041378	0.046800544	0.035955456
592	0.04139755	0.046819898	0.035975202
593	0.04145135	0.046874568	0.036028132
594	0.04154165	0.046966869	0.036116431
595	0.04158525	0.047012371	0.036158129
596	0.0416319	0.047057958	0.036205842
597	0.04167765	0.047101523	0.036253777
598	0.04171335	0.047137067	0.036289633
599	0.04177395	0.047197482	0.036350418
600	0.04183635	0.047260572	0.036412128
601	0.0418866	0.047312747	0.036460453
602	0.04197865	0.047406712	0.036550588
603	0.04203575	0.047462541	0.036608959
604	0.0420508	0.047473455	0.036628145
605	0.04210205	0.047526484	0.036677616
606	0.0421766	0.047604218	0.036748982
607	0.04225005	0.047679654	0.036820446
608	0.04225075	0.047672141	0.036829359
609	0.04230955	0.047730936	0.036888164
610	0.04238565	0.047807539	0.036963761
611	0.04245455	0.047873109	0.037035991
612	0.0424915	0.047909096	0.037073904
613	0.0425315	0.047952587	0.037110413
614	0.0425817	0.048011438	0.037151962
615	0.0426636	0.048093636	0.037233564
616	0.0427243	0.048154462	0.037294138
617	0.04277225	0.048203414	0.037341086
618	0.0428294	0.048266497	0.037392303
619	0.04286515	0.048300567	0.037429733
620	0.0429087	0.048342827	0.037474573
621	0.0429871	0.048427448	0.037546752
622	0.04308145	0.048523509	0.037639391
623	0.0431334	0.048573417	0.037693383
624	0.04312695	0.048561198	0.037692702
625	0.04316225	0.0486026	0.0377219
626	0.0431967	0.048637135	0.037756265
627	0.043236	0.048672626	0.037799374
628	0.0433082	0.048742941	0.037873459
629	0.0433828	0.048818237	0.037947363
630	0.0434495	0.0488834	0.0380156
631	0.04349475	0.048919266	0.038070234
632	0.0435308	0.048952623	0.038108977
633	0.04355745	0.04897874	0.03813616
634	0.043574	0.048996496	0.038151504
635	0.0436256	0.049049136	0.038202064
636	0.0436723	0.049097434	0.038247166
637	0.04371355	0.049140715	0.038286385
638	0.04374375	0.049171067	0.038316433
639	0.0438343	0.049259209	0.038409391
640	0.04392105	0.049343896	0.038498204
641	0.04393065	0.04935491	0.03850639
642	0.04399625	0.049420622	0.038571878
643	0.044076	0.04949964	0.03865236
644	0.0441611	0.049583846	0.038738354
645	0.04417915	0.049601215	0.038757085
646	0.04422855	0.049650524	0.038806576
647	0.04430555	0.049728612	0.038882488
648	0.0443889	0.049819565	0.038958235
649	0.04446665	0.049899454	0.039033846
650	0.04453175	0.049965124	0.039098376
651	0.0445685	0.050006316	0.039130684
652	0.0446277	0.050065666	0.039189734
653	0.04469465	0.050135774	0.039253526
654	0.04476715	0.050217886	0.039316414
655	0.0448046	0.05025357	0.03935563
656	0.04486975	0.050318312	0.039421188
657	0.0449561	0.050406447	0.039505753
658	0.0450238	0.050477534	0.039570066
659	0.04510615	0.05055957	0.03965273
660	0.0451815	0.050634564	0.039728436
661	0.0452115	0.050668964	0.039754036
662	0.0452691	0.050729179	0.039809021
663	0.0453352	0.050796579	0.039873821
664	0.0454044	0.050865731	0.039943069
665	0.0454942	0.050957812	0.040030588
666	0.04557195	0.051036365	0.040107535
667	0.0456354	0.051099393	0.040171407
668	0.04568455	0.051153076	0.040216024
669	0.04573445	0.051208179	0.040260721
670	0.0457887	0.0512663	0.0403111
671	0.04585705	0.051332951	0.040381149
672	0.04589935	0.051379488	0.040419212
673	0.04595655	0.051440133	0.040472967
674	0.04605455	0.051538026	0.040571074
675	0.04610465	0.051592123	0.040617177
676	0.04617175	0.051662829	0.040680671
677	0.046257	0.051750544	0.040763456
678	0.046285	0.05178132	0.04078868
679	0.04636045	0.051858096	0.040862804
680	0.04645145	0.051951054	0.040951846
681	0.0464916	0.05199904	0.04098416
682	0.04655705	0.052070361	0.041043739
683	0.0466339	0.052150867	0.041116933
684	0.0467192	0.052236069	0.041202331
685	0.0467498	0.05227185	0.04122775
686	0.04682145	0.052346715	0.041296185
687	0.0469471	0.052472448	0.041421752
688	0.04702335	0.052550663	0.041496037
689	0.04707715	0.05260782	0.04154648
690	0.04712665	0.052661124	0.041592176
691	0.0472204	0.052758205	0.041682595
692	0.04729915	0.052839539	0.041758761
693	0.0473708	0.052912842	0.041828758
694	0.04743755	0.052979888	0.041895212
695	0.0475143	0.053063467	0.041965133
696	0.0476018	0.053157246	0.042046354
697	0.04770125	0.053261529	0.042140971
698	0.04778715	0.053346052	0.042228248
699	0.04784505	0.053403545	0.042286555
700	0.0478997	0.053459693	0.042339707
701	0.04803615	0.053604658	0.042467642
702	0.04809775	0.053671541	0.042523959
703	0.04815095	0.053728652	0.042573248
704	0.0482492	0.053830335	0.042668065
705	0.0483359	0.053922169	0.042749631
706	0.04840585	0.053998552	0.042813148
707	0.04845705	0.054057349	0.042856751
708	0.04852915	0.054137461	0.042920839
709	0.04861345	0.054227517	0.042999383
710	0.04870355	0.054322382	0.043084718
711	0.04877595	0.054402741	0.043149159
712	0.04882985	0.054462429	0.043197271
713	0.04889675	0.054531595	0.043261905
714	0.0490178	0.054648172	0.043387428
715	0.04909795	0.054732599	0.043463301
716	0.04918905	0.054830353	0.043547747
717	0.0493082	0.054957638	0.043658762
718	0.0494202	0.055076881	0.043763519
719	0.04951	0.055175804	0.043844196
720	0.0495733	0.055247591	0.043899009
721	0.0496126	0.055283578	0.043941622
722	0.04969765	0.055373178	0.044022122
723	0.04979045	0.055473537	0.044107363
724	0.049839	0.055527235	0.044150765
725	0.04989775	0.055601272	0.044194228
726	0.0499873	0.055702936	0.044271664
727	0.0501213	0.055841813	0.044400787
728	0.05018285	0.055908094	0.044457606
729	0.05023265	0.055965	0.0445003
730	0.0502777	0.05601942	0.04453598
731	0.05035135	0.056106558	0.044596142
732	0.0504217	0.056187651	0.044655749
733	0.0504823	0.056256827	0.044707773
734	0.05052145	0.056302343	0.044740557
735	0.05060105	0.056391962	0.044810138
736	0.05067925	0.05648008	0.04487842
737	0.05074165	0.056550709	0.044932591
738	0.0508206	0.056644067	0.044997133
739	0.05089705	0.056732013	0.045062087
740	0.05096995	0.056814061	0.045125839
741	0.0510378	0.056890299	0.045185301
742	0.05112645	0.056988186	0.045264714
743	0.05121505	0.057086402	0.045343698
744	0.0512696	0.057150744	0.045388456
745	0.05134155	0.057229632	0.045453468
746	0.0514108	0.05730774	0.04551386
747	0.0514685	0.057379152	0.045557848
748	0.0515675	0.057485859	0.045649141
749	0.05165995	0.057586595	0.045733305
750	0.0517392	0.057674934	0.045803466
751	0.05178145	0.057724453	0.045838447
752	0.05185345	0.057803368	0.045903532
753	0.05193795	0.057895673	0.045980227
754	0.0520068	0.057975748	0.046037852
755	0.0520469	0.058030597	0.046063203
756	0.0521227	0.058118429	0.046126971
757	0.0522926	0.058294126	0.046291074
758	0.0523096	0.058316082	0.046303118
759	0.05239875	0.058428345	0.046369155
760	0.05262185	0.058700782	0.046542918
761	0.0526151	0.058693355	0.046536845
762	0.05270935	0.058794908	0.046623792
763	0.0528209	0.058917192	0.046724608
764	0.05281615	0.058919668	0.046712632
765	0.05283845	0.058943188	0.046733712
766	0.05289585	0.059003765	0.046787935
767	0.05300715	0.059123702	0.046890598
768	0.0530693	0.059196505	0.046942095
769	0.0531153	0.059255947	0.046974653
770	0.05315355	0.05930985	0.04699725
771	0.05327415	0.059436341	0.047111959
772	0.05336	0.059528732	0.047191268
773	0.0534278	0.059604465	0.047251135
774	0.05351325	0.059699349	0.047327151
775	0.053566	0.059761813	0.047370187
776	0.05361555	0.059823062	0.047408038
777	0.05368195	0.059904831	0.047459069
778	0.0537827	0.060015967	0.047549433
779	0.0538714	0.060118576	0.047624224
780	0.0539388	0.060204756	0.047672844
781	0.05400345	0.060281785	0.047725115
782	0.05409365	0.060385854	0.047801446
783	0.0541929	0.060498627	0.047887173
784	0.0542412	0.060554899	0.047927501
785	0.054351	0.060672871	0.048029129
786	0.05445275	0.060784672	0.048120828
787	0.05447775	0.060824844	0.048130656
788	0.0545702	0.060935159	0.048205241
789	0.05466565	0.061045364	0.048285936
790	0.05475115	0.061141147	0.048361153
791	0.0548202	0.061227021	0.048413379
792	0.05488815	0.061308535	0.048467765
793	0.05495825	0.061389728	0.048526772
794	0.0550501	0.061497007	0.048603193
795	0.0551084	0.061566592	0.048650208
796	0.0551735	0.061643265	0.048703735
797	0.0552908	0.06177731	0.04880429
798	0.05538495	0.061880837	0.048889063
799	0.05548595	0.061992617	0.048979283
800	0.05560115	0.062122932	0.049079368
801	0.05559775	0.062134868	0.049060632
802	0.0556931	0.062244667	0.049141533
803	0.05584905	0.062414193	0.049283907
804	0.0558613	0.062438099	0.049284501
805	0.0559138	0.062510316	0.049317284
806	0.0559898	0.062604755	0.049374845
807	0.056082	0.062701685	0.049462315
808	0.05612785	0.062758461	0.049497239
809	0.05620095	0.062843972	0.049557928
810	0.05633125	0.062986819	0.049675681
811	0.0564217	0.063080657	0.049762743
812	0.05654235	0.063209516	0.049875184
813	0.05668525	0.06336629	0.05000421
814	0.05673635	0.063431691	0.050041009
815	0.0568215	0.063529621	0.050113379
816	0.05691005	0.06363277	0.05018733
817	0.05695435	0.063699049	0.050209651
818	0.05705125	0.063816021	0.050286479
819	0.0571255	0.063906367	0.050344633
820	0.05714675	0.063938209	0.050355291
821	0.0572301	0.064029009	0.050431191
822	0.05733735	0.064157236	0.050517464
823	0.0574457	0.064296453	0.050594947
824	0.0574589	0.064322848	0.050594952
825	0.0575648	0.0644379	0.0506917
826	0.05767865	0.064561106	0.050796194
827	0.05764745	0.064545893	0.050749007
828	0.0578067	0.064726027	0.050887373
829	0.0579684	0.064910397	0.051026403
830	0.05804665	0.06501201	0.05108129
831	0.05811075	0.065092382	0.051129118
832	0.05818065	0.065176454	0.051184846
833	0.0582567	0.065265274	0.051248126
834	0.05833935	0.065359465	0.051319235
835	0.05837435	0.065412828	0.051335872
836	0.05840895	0.065466561	0.051351339
837	0.05853985	0.065606823	0.051472877
838	0.05864995	0.065727266	0.051572634
839	0.0587338	0.065826601	0.051640999
840	0.05878075	0.065897772	0.051663728
841	0.0588695	0.066003202	0.051735798
842	0.05895805	0.066107819	0.051808281
843	0.059042	0.066208513	0.051875487
844	0.05912355	0.066305081	0.051942019
845	0.05923205	0.066428888	0.052035212
846	0.0593362	0.066549084	0.052123316
847	0.05934935	0.066581676	0.052117024
848	0.0593819	0.066628332	0.052135468
849	0.05945385	0.066715137	0.052192563
850	0.05959235	0.066872852	0.052311848
851	0.059686	0.066984689	0.052387311
852	0.0597695	0.067081633	0.052457367
853	0.0598495	0.067171078	0.052527922
854	0.05993845	0.067294166	0.052582734
855	0.0600292	0.06740479	0.05265361
856	0.0601094	0.067497158	0.052721642
857	0.0601497	0.067559356	0.052740044
858	0.06026	0.06768562	0.05283438
859	0.06038035	0.067821767	0.052938933
860	0.06046525	0.067925962	0.053004538
861	0.0605674	0.068043363	0.053091437
862	0.0606398	0.068131315	0.053148285
863	0.06067325	0.068181839	0.053164661
864	0.06076525	0.068283198	0.053247302
865	0.0608148	0.068350938	0.053278662
866	0.0608737	0.068433076	0.053314324
867	0.06114915	0.068721868	0.053576432
868	0.06125	0.068852674	0.053647326
869	0.06130765	0.068940524	0.053674776
870	0.0614185	0.06906884	0.05376816
871	0.06141805	0.06907977	0.05375633
872	0.0614461	0.069123109	0.053769091
873	0.061538	0.069237595	0.053838405
874	0.0617537	0.069470387	0.054037013
875	0.06189355	0.069625069	0.054162031
876	0.06197455	0.06972113	0.05422797
877	0.06205365	0.069828375	0.054278925
878	0.0621389	0.069930925	0.054346875
879	0.06219845	0.070006522	0.054390378
880	0.0621829	0.070015674	0.054350126
881	0.06233985	0.07018603	0.05449367
882	0.0625128	0.070377778	0.054647822
883	0.0626633	0.070557203	0.054769397
884	0.0626504	0.070553104	0.054747696
885	0.0627295	0.070648907	0.054810093
886	0.0628858	0.070830109	0.054941491
887	0.0630173	0.070992086	0.055042514
888	0.06307425	0.071066927	0.055081573
889	0.06310955	0.071115221	0.055103879
890	0.06318195	0.071203293	0.055160607
891	0.06337105	0.071405171	0.055336929
892	0.06351535	0.071562653	0.055468047
893	0.0635476	0.0716101	0.0554851
894	0.0635909	0.071670957	0.055510843
895	0.0637637	0.071861551	0.055665849
896	0.06404065	0.072156216	0.055925084
897	0.06406335	0.072195839	0.055930861
898	0.0641261	0.07226475	0.05598745
899	0.06418405	0.072329861	0.056038239
900	0.06415295	0.072326654	0.055979246
901	0.0643438	0.072545171	0.056142429
902	0.06456835	0.072801222	0.056335478
903	0.0647646	0.073035471	0.056493729
904	0.0646945	0.072986462	0.056402538
905	0.0646847	0.072993983	0.056375417
906	0.06475575	0.073079255	0.056432245
907	0.0649396	0.073278622	0.056600578
908	0.0649676	0.073320109	0.056615091
909	0.0649468	0.073315915	0.056577685
910	0.0650815	0.073483793	0.056679207
911	0.06529905	0.073702402	0.056895698
912	0.0654487	0.073855839	0.057041561
913	0.06543195	0.073864039	0.056999861
914	0.0657079	0.074168291	0.057247509
915	0.06588235	0.074379927	0.057384773
916	0.0659233	0.074464344	0.057382256
917	0.0659147	0.074471369	0.057358031
918	0.06591465	0.074481948	0.057347352
919	0.06597475	0.074556899	0.057392601
920	0.0662423	0.074864869	0.057619731
921	0.0663866	0.075037948	0.057735252
922	0.06648575	0.075156899	0.057814601
923	0.06656925	0.075249453	0.057889047
924	0.0665519	0.075247519	0.057856281
925	0.0666032	0.075307685	0.057898715
926	0.066758	0.075465094	0.058050906
927	0.06712505	0.075875285	0.058374815
928	0.0671634	0.07591909	0.05840771
929	0.06700575	0.075739989	0.058271511
930	0.06704075	0.075753933	0.058327567
931	0.0669795	0.075740803	0.058218197
932	0.06702715	0.075838674	0.058215626
933	0.0674576	0.07624598	0.05866922
934	0.06736525	0.076125805	0.058604695
935	0.06729145	0.076024909	0.058557991
936	0.06734815	0.076064659	0.058631641
937	0.0672917	0.076057151	0.058526249
938	0.06755535	0.076390734	0.058719966
939	0.0679192	0.076835103	0.059003297
940	0.06786235	0.076864544	0.058860156
941	0.0682508	0.077273501	0.059228099
942	0.0685324	0.077552927	0.059511873
943	0.0682433	0.077260492	0.059226108
944	0.06848825	0.077513147	0.059463353
945	0.06876215	0.077790648	0.059733652
946	0.068973	0.077998533	0.059947467
947	0.0687728	0.077855155	0.059690445
948	0.06864355	0.07776385	0.05952325
949	0.06861145	0.077761326	0.059461574
950	0.0688228	0.078031324	0.059614276
951	0.06901715	0.07824015	0.05979415
952	0.06916405	0.07838694	0.05994116
953	0.06920885	0.078438454	0.059979246
954	0.06955225	0.078822531	0.060281969
955	0.0696775	0.078982158	0.060372842
956	0.0694482	0.078772569	0.060123831
957	0.0698573	0.079241521	0.060473079
958	0.0701096	0.079498905	0.060720295
959	0.07021475	0.079587777	0.060841723
960	0.0701293	0.079610673	0.060647927
961	0.0700896	0.079615459	0.060563741
962	0.0702355	0.079774298	0.060696702
963	0.0708202	0.080360553	0.061279847
964	0.07063515	0.080158225	0.061112075
965	0.0705097	0.080038697	0.060980703
966	0.0706628	0.080234133	0.061091467
967	0.07084215	0.080488098	0.061196202
968	0.07080415	0.080494415	0.061113885
969	0.07063625	0.080351743	0.060920757
970	0.07076175	0.08053971	0.06098379
971	0.0710886	0.08090945	0.06126775
972	0.07134625	0.081192321	0.061500179
973	0.0711246	0.08096588	0.06128332
974	0.07137785	0.081184788	0.061570912
975	0.07153305	0.081358584	0.061707516
976	0.0713583	0.081301028	0.061415572
977	0.07152405	0.08148733	0.06156077
978	0.0717438	0.08171842	0.06176918
979	0.0719581	0.081940555	0.061975645
980	0.07180135	0.081797243	0.061805457
981	0.0721319	0.082136337	0.062127463
982	0.072512	0.082529579	0.062494421
983	0.0722794	0.082332598	0.062226202
984	0.07272275	0.082840252	0.062605248
985	0.0731317	0.083313075	0.062950325
986	0.07322185	0.083454845	0.062988855
987	0.0731583	0.083371689	0.062944911
988	0.0729125	0.083142949	0.062682051
989	0.0725562	0.082844317	0.062268083
990	0.0729015	0.083235989	0.062567011
991	0.0733813	0.083748813	0.063013787
992	0.07385095	0.084249292	0.063452608
993	0.0740022	0.084445836	0.063558564
994	0.07375715	0.084205992	0.063308308
995	0.0736862	0.084143568	0.063228832
996	0.07413985	0.084632135	0.063647565
997	0.0741506	0.084699564	0.063601636
998	0.07397925	0.084571115	0.063387385
999	0.07370345	0.084321077	0.063085823
1000	0.07425985	0.084871024	0.063648676
1001	0.07497085	0.085882537	0.064059163
1002	0.0750984	0.086057974	0.064138826
1003	0.0751733	0.08615515	0.06419145
1004	0.0752494	0.086255248	0.064243552
1005	0.075441	0.086470607	0.064411393
1006	0.0756655	0.086725448	0.064605552
1007	0.07583345	0.0869274	0.0647395
1008	0.07594715	0.087085265	0.064809035
1009	0.0760449	0.087234245	0.064855555
1010	0.07616665	0.087390349	0.064942951
1011	0.07631005	0.087543159	0.065076941
1012	0.076431	0.087678474	0.065183526
1013	0.07651335	0.087790135	0.065236565
1014	0.0766203	0.087928405	0.065312195
1015	0.0767902	0.088163618	0.065416782
1016	0.07694905	0.088397381	0.065500719
1017	0.0770768	0.088523305	0.065630295
1018	0.0771567	0.088590382	0.065723018
1019	0.07723255	0.088695659	0.065769441
1020	0.07736505	0.088851716	0.065878384
1021	0.0775307	0.089030442	0.066030958
1022	0.07767015	0.089190671	0.066149629
1023	0.0777501	0.08929478	0.06620542
1024	0.0778101	0.08937529	0.06624491
1025	0.0779212	0.089511528	0.066330872
1026	0.0780858	0.089710643	0.066460957
1027	0.0782355	0.089897301	0.066573699
1028	0.0783459	0.090043632	0.066648168
1029	0.07849075	0.09023347	0.06674803
1030	0.07866115	0.090464022	0.066858278
1031	0.07879105	0.090652112	0.066929988
1032	0.078908	0.090769954	0.067046046
1033	0.07901805	0.090858723	0.067177377
1034	0.0791242	0.090966261	0.067282139
1035	0.07922545	0.091101555	0.067349345
1036	0.07934095	0.091263822	0.067418078
1037	0.07949675	0.091449619	0.067543881
1038	0.0796878	0.091673403	0.067702197
1039	0.07986345	0.091892254	0.067834646
1040	0.0799954	0.092070377	0.067920423
1041	0.0801017	0.092220582	0.067982818
1042	0.0801809	0.092332029	0.068029771
1043	0.0802647	0.092440431	0.068088969
1044	0.08039545	0.092623399	0.068167501
1045	0.08053575	0.092823112	0.068248388
1046	0.080649	0.092971275	0.068326725
1047	0.0807814	0.09311805	0.06844475
1048	0.0809279	0.093269981	0.068585819
1049	0.08106215	0.093442063	0.068682237
1050	0.08121405	0.093646567	0.068781533
1051	0.08136195	0.093844553	0.068879347
1052	0.08148625	0.09402075	0.06895175
1053	0.08157965	0.094166532	0.068992768
1054	0.0816703	0.094307266	0.069033334
1055	0.0817914	0.094462899	0.069119901
1056	0.08193015	0.094626081	0.069234219
1057	0.08205505	0.094781192	0.069328908
1058	0.0821664	0.094939519	0.069393281
1059	0.08232	0.095127025	0.069512975
1060	0.08248995	0.09530626	0.06967364
1061	0.08261255	0.095459742	0.069765358
1062	0.0826943	0.095598673	0.069789927
1063	0.08280615	0.095744703	0.069867597
1064	0.08296415	0.095915925	0.070012375
1065	0.0831163	0.096102745	0.070129855
1066	0.0832815	0.096310893	0.070252107
1067	0.0834396	0.096495246	0.070383954
1068	0.0835889	0.096653418	0.070524382
1069	0.08374565	0.096832933	0.070658367
1070	0.08389685	0.097052742	0.070740958
1071	0.0840362	0.097264246	0.070808154
1072	0.0841558	0.097415871	0.070895729
1073	0.084273	0.097552159	0.070993841
1074	0.0844131	0.097709403	0.071116797
1075	0.08456825	0.097879861	0.071256639
1076	0.0847266	0.098082769	0.071370431
1077	0.08488345	0.098299158	0.071467742
1078	0.0850058	0.098456808	0.071554792
1079	0.0851046	0.098586827	0.071622373
1080	0.085216	0.098751762	0.071680238
1081	0.0853482	0.098932947	0.071763453
1082	0.0855024	0.099125588	0.071879212
1083	0.08569	0.099359143	0.072020857
1084	0.08586895	0.099580849	0.072157051
1085	0.0859987	0.099744208	0.072253192
1086	0.0861232	0.099909416	0.072336984
1087	0.0862654	0.100097605	0.072433195
1088	0.0864121	0.100281592	0.072542608
1089	0.0865768	0.100456247	0.072697353
1090	0.08676215	0.100652157	0.072872143
1091	0.08695845	0.100893577	0.073023323
1092	0.08712675	0.101118301	0.073135199
1093	0.0872462	0.101265178	0.073227222
1094	0.08735315	0.101394606	0.073311694
1095	0.0875292	0.101608159	0.073450241
1096	0.08775305	0.101866736	0.073639364
1097	0.0879079	0.102053798	0.073762002
1098	0.08799105	0.10216268	0.07381942
1099	0.08811115	0.102313245	0.073909055
1100	0.0883128	0.102581286	0.074044314
1101	0.0885186	0.102851862	0.074185338
1102	0.088733	0.103102202	0.074363798
1103	0.0889562	0.10336174	0.07455066
1104	0.0891984	0.10364493	0.07475187
1105	0.08943935	0.103924228	0.074954472
1106	0.08958595	0.1040747	0.0750972
1107	0.08973645	0.104236309	0.075236591
1108	0.08987205	0.10446267	0.07528143
1109	0.0899848	0.104685284	0.075284316
1110	0.0901357	0.104894965	0.075376435
1111	0.09034265	0.105131738	0.075553562
1112	0.09055315	0.105390959	0.075715341
1113	0.09077505	0.105705616	0.075844484
1114	0.09098435	0.10597756	0.07599114
1115	0.09117235	0.106141249	0.076203451
1116	0.09137505	0.106328257	0.076421843
1117	0.0915183	0.10652713	0.07650947
1118	0.09168485	0.106760405	0.076609295
1119	0.0918334	0.106909751	0.076757049
1120	0.09199315	0.10706303	0.07692327
1121	0.0922872	0.107351385	0.077223015
1122	0.09262755	0.107695795	0.077559305
1123	0.09285715	0.107926802	0.077787498
1124	0.09306445	0.108131168	0.077997732
1125	0.0932149	0.108284495	0.078145305
1126	0.0933311	0.108417556	0.078244644
1127	0.0934559	0.108591426	0.078320374
1128	0.0935765	0.108766585	0.078386415
1129	0.0937192	0.108958103	0.078480297
1130	0.0938649	0.10916309	0.07856671
1131	0.09397205	0.109316794	0.078627306
1132	0.09405345	0.109394904	0.078711996
1133	0.09415305	0.109505921	0.078800179
1134	0.0942563	0.10965161	0.07886099
1135	0.0943563	0.109782493	0.078930107
1136	0.09452515	0.109962129	0.079088171
1137	0.09468365	0.110138243	0.079229057
1138	0.0948117	0.110383134	0.079240266
1139	0.09493095	0.110619409	0.079242491
1140	0.09508045	0.11080415	0.07935675
1141	0.09523025	0.110977693	0.079482807
1142	0.0953479	0.111109692	0.079586108
1143	0.09546545	0.111248082	0.079682818
1144	0.0955779	0.111400879	0.079754921
1145	0.0956894	0.11156021	0.07981859
1146	0.09579225	0.111737782	0.079846718
1147	0.0958785	0.111918048	0.079838952
1148	0.0960043	0.11207626	0.07993234
1149	0.09619755	0.112230252	0.080164848
1150	0.0963563	0.112376803	0.080335797
1151	0.09644115	0.11249047	0.08039183
1152	0.0965217	0.112605677	0.080437723
1153	0.09659555	0.112751948	0.080439152
1154	0.09667615	0.112899795	0.080452505
1155	0.0969083	0.113184152	0.080632448
1156	0.0971192	0.11344304	0.08079536
1157	0.0972688	0.113648653	0.080888947
1158	0.09740355	0.113834786	0.080972314
1159	0.097504	0.114018191	0.080989809
1160	0.09759115	0.114189752	0.080992548
1161	0.09774305	0.114411518	0.081074582
1162	0.0979118	0.114642592	0.081181008
1163	0.09805275	0.114844861	0.081260639
1164	0.0981729	0.115024093	0.081321707
1165	0.09830625	0.115214537	0.081397963
1166	0.09845675	0.115420537	0.081492963
1167	0.09861075	0.115635527	0.081585973
1168	0.0987721	0.11586801	0.08167619
1169	0.098928	0.116087742	0.081768258
1170	0.09907845	0.11628665	0.08187025
1171	0.0992235	0.116480301	0.081966699
1172	0.0993544	0.11666459	0.08204421
1173	0.09948375	0.116846118	0.082121382
1174	0.09962345	0.117027754	0.082219146
1175	0.0997621	0.1172081	0.0823161
1176	0.0999012	0.117404924	0.082397476
1177	0.10003975	0.117601834	0.082477666
1178	0.1002299	0.117845143	0.082614657
1179	0.10043045	0.118098274	0.082762626
1180	0.10061365	0.118317054	0.082910246
1181	0.1007901	0.118521543	0.083058657
1182	0.10095105	0.118726578	0.083175522
1183	0.10110285	0.118933057	0.083272643
1184	0.10124925	0.119136392	0.083362108
1185	0.10139055	0.119335948	0.083445152
1186	0.1015619	0.119560862	0.083562938
1187	0.10177675	0.119823119	0.083730381
1188	0.1019722	0.1200605	0.0838839
1189	0.1021293	0.120242681	0.084015919
1190	0.10228985	0.120435703	0.084143997
1191	0.1024644	0.120681371	0.084247429
1192	0.1026373	0.120924637	0.084349963
1193	0.1028055	0.121151444	0.084459556
1194	0.10297215	0.121376451	0.084567849
1195	0.10311495	0.12156651	0.08466339
1196	0.10325765	0.121755309	0.084759991
1197	0.1034227	0.121980652	0.084864748
1198	0.1035918	0.122212571	0.084971029
1199	0.1037727	0.122436704	0.085108696
1200	0.1039549	0.122656819	0.085252981
1201	0.1041386	0.122892843	0.085384357
1202	0.1043261	0.123141003	0.085511197
1203	0.1045046	0.123366599	0.085642601
1204	0.1046767	0.123572283	0.085781117
1205	0.1048504	0.123789413	0.085911387
1206	0.1050234	0.124018534	0.086028266
1207	0.10519365	0.124245915	0.086141385
1208	0.1053505	0.124461264	0.086239736
1209	0.10550875	0.124676262	0.086341238
1210	0.10569485	0.124912286	0.086477414
1211	0.10588045	0.125144734	0.086616166
1212	0.1060403	0.125353069	0.086727531
1213	0.1061948	0.1255586	0.086831
1214	0.10634705	0.125768371	0.086925729
1215	0.1064991	0.12597683	0.08702137
1216	0.10668745	0.126214805	0.087160095
1217	0.10687405	0.126449524	0.087298576
1218	0.107008	0.126625252	0.087390748
1219	0.1071379	0.126800742	0.087475058
1220	0.10731295	0.127033545	0.087592355
1221	0.10749725	0.127274012	0.087720488
1222	0.10767905	0.127500101	0.087857999
1223	0.10785615	0.12771562	0.08799668
1224	0.10802	0.127926689	0.088113311
1225	0.1081773	0.128141839	0.088212761
1226	0.1083375	0.128360073	0.088314927
1227	0.1084954	0.128575165	0.088415635
1228	0.10866185	0.128796029	0.088527671
1229	0.1088541	0.129038752	0.088669448
1230	0.10903495	0.129269651	0.088800249
1231	0.10917555	0.129461092	0.088890008
1232	0.1093198	0.129659605	0.088979995
1233	0.10949595	0.129898948	0.089092952
1234	0.1096673	0.130131144	0.089203456
1235	0.10980245	0.130320176	0.089284724
1236	0.1099369	0.130508336	0.089365464
1237	0.11010035	0.13071334	0.08948736
1238	0.1102669	0.130919955	0.089613845
1239	0.1104382	0.131132805	0.089743595
1240	0.1106069	0.131342723	0.089871077
1241	0.1107883	0.131595079	0.089981521
1242	0.1109717	0.131859735	0.090083665
1243	0.11115375	0.132095851	0.090211649
1244	0.1113362	0.132319579	0.090352821
1245	0.1115177	0.132545136	0.090490264
1246	0.11170155	0.132773718	0.090629382
1247	0.11189125	0.133016384	0.090766116
1248	0.1120886	0.133278667	0.090898533
1249	0.11228435	0.133537746	0.091030954
1250	0.11246555	0.133775727	0.091155373
1251	0.11263535	0.134003579	0.091267121
1252	0.11278975	0.134210971	0.091368529
1253	0.1129482	0.13441978	0.09147662
1254	0.1131214	0.134641083	0.091601717
1255	0.11329855	0.134865243	0.091731857
1256	0.1134677	0.135079473	0.091855927
1257	0.11363835	0.135298186	0.091978514
1258	0.11380735	0.135540084	0.092074616
1259	0.1139788	0.135787637	0.092169963
1260	0.11413995	0.136004339	0.092275561
1261	0.1143027	0.13621737	0.09238803
1262	0.1144698	0.136414425	0.092525175
1263	0.11464375	0.136616249	0.092671251
1264	0.11486955	0.136887338	0.092851762
1265	0.11510565	0.137176989	0.093034311
1266	0.11530645	0.137428825	0.093184075
1267	0.115503	0.137678888	0.093327112
1268	0.11568735	0.13790962	0.09346508
1269	0.11584425	0.138108106	0.093580394
1270	0.11602125	0.138334914	0.093707586
1271	0.1162357	0.138608603	0.093862797
1272	0.11645175	0.138890981	0.094012519
1273	0.1166581	0.139160548	0.094155652
1274	0.1168502	0.139402146	0.094298254
1275	0.1170476	0.139637067	0.094458133
1276	0.1172411	0.139871327	0.094610873
1277	0.1173844	0.140062949	0.094705851
1278	0.1175256	0.14025807	0.09479313
1279	0.11770075	0.140512018	0.094889482
1280	0.117877	0.140761316	0.094992684
1281	0.11805065	0.140975754	0.095125546
1282	0.11822505	0.141194054	0.095256046
1283	0.1184091	0.141448465	0.095369735
1284	0.11859295	0.141702126	0.095483774
1285	0.1187947	0.141967944	0.095621456
1286	0.11900165	0.142239938	0.095763362
1287	0.11921145	0.142500132	0.095922768
1288	0.1194224	0.142764265	0.096080535
1289	0.11963565	0.143038636	0.096232664
1290	0.1198566	0.143321866	0.096391334
1291	0.1200603	0.143602421	0.096518179
1292	0.12024475	0.143870177	0.096619323
1293	0.12043475	0.144131349	0.096738151
1294	0.1206315	0.144389861	0.096873139
1295	0.1208246	0.144639996	0.097009204
1296	0.1210153	0.144880047	0.097150553
1297	0.12121135	0.145136582	0.097286118
1298	0.1214323	0.145433292	0.097431308
1299	0.1216548	0.145726862	0.097582738
1300	0.12184005	0.14597341	0.09770669
1301	0.12201845	0.146213547	0.097823353
1302	0.1221792	0.146431525	0.097926875
1303	0.12235425	0.1466628	0.0980457
1304	0.12256985	0.146913268	0.098226432
1305	0.12278715	0.147168189	0.098406111
1306	0.1229989	0.147435583	0.098562217
1307	0.1232156	0.147708721	0.098722479
1308	0.1233904	0.147935383	0.098845417
1309	0.1235629	0.148163861	0.098961939
1310	0.123777	0.14843474	0.09911926
1311	0.1240137	0.14872604	0.09930136
1312	0.12426945	0.149020587	0.099518313
1313	0.1245215	0.149308707	0.099734293
1314	0.12469905	0.149503654	0.099894446
1315	0.1248674	0.149690778	0.100044022
1316	0.1250956	0.149963516	0.100227684
1317	0.12534835	0.150275032	0.100421668
1318	0.1255444	0.150514356	0.100574444
1319	0.125727	0.150722488	0.100731512
1320	0.12595455	0.150977331	0.100931769
1321	0.12622335	0.151271741	0.101174959
1322	0.12650415	0.151592514	0.101415786
1323	0.1267677	0.151928202	0.101607198
1324	0.12698915	0.152213433	0.101764867
1325	0.12714415	0.152408328	0.101879972
1326	0.12731205	0.152620519	0.102003581
1327	0.12752305	0.1528736	0.1021725
1328	0.12774255	0.15312894	0.10235616
1329	0.1279526	0.153348346	0.102556854
1330	0.1281912	0.153590285	0.102792115
1331	0.12845695	0.153866446	0.103047454
1332	0.12873165	0.154161102	0.103302198
1333	0.12902115	0.154482957	0.103559343
1334	0.1293011	0.154793993	0.103808207
1335	0.12951405	0.155051421	0.103976679
1336	0.1297315	0.155315076	0.104147924
1337	0.1299135	0.155549386	0.104277614
1338	0.1300844	0.155782715	0.104386085
1339	0.130193	0.155955652	0.104430348
1340	0.13031045	0.156132095	0.104488805
1341	0.1305622	0.1564813	0.1046431
1342	0.13085075	0.156895295	0.104806205
1343	0.13101165	0.15714223	0.10488107
1344	0.13117255	0.157396989	0.104948111
1345	0.13137675	0.157720406	0.105033094
1346	0.13157405	0.158028923	0.105119177
1347	0.131633	0.15822464	0.10504136
1348	0.1316685	0.158449181	0.104887819
1349	0.13188255	0.158835983	0.104929117
1350	0.13214435	0.159268734	0.105019966
1351	0.13226475	0.159476968	0.105052532
1352	0.1323183	0.159447596	0.105189004
1353	0.1324981	0.159601084	0.105395116
1354	0.1324067	0.159630044	0.105183356
1355	0.13177505	0.159098353	0.104451747
1356	0.13153965	0.15915508	0.10392422
1357	0.1317659	0.159916052	0.103615748
1358	0.1325925	0.159858243	0.105326757
1359	0.1331944	0.159742805	0.106645995
1360	0.12895265	0.156817892	0.101087408
1361	0.1215628	0.155637689	0.087487911
1362	0.11762595	0.1553483	0.0799036
1363	0.11330855	0.159843886	0.066773214
1364	0.11704175	0.159683372	0.074400128
1365	0.1224634	0.165367873	0.079558927
1366	0.129872	0.181231053	0.078512947
1367	0.13780135	0.211874774	0.063727926
1368	0.1432602	0.203367486	0.083152914
1369	0.1481251	0.207146099	0.089104101
1370	0.14885995	0.202763697	0.094956203
1371	0.15058565	0.207347234	0.093824066
1372	0.14781955	0.195469692	0.100169408
1373	0.14202915	0.192309137	0.091749163
1374	0.14325375	0.184358093	0.102149407
1375	0.1455433	0.179699053	0.111387547
1376	0.14524325	0.181891326	0.108595174
1377	0.1470109	0.192974556	0.101047244
1378	0.142775	0.1858759	0.0996741
1379	0.13226915	0.17072191	0.09381639
1380	0.1358508	0.171058061	0.100643539
1381	0.15041995	0.190141366	0.110698534
1382	0.1538048	0.194063658	0.113545942
1383	0.14816215	0.187767799	0.108556501
1384	0.1455968	0.184315595	0.106878005
1385	0.14453885	0.182865653	0.106212047
1386	0.14277845	0.18102347	0.10453343
1387	0.14310045	0.182287308	0.103913592
1388	0.1474462	0.186935748	0.107956652
1389	0.15356995	0.192314443	0.114825457
1390	0.15318705	0.190599258	0.115774842
1391	0.14701415	0.18177308	0.11225522
1392	0.14418965	0.178593259	0.109786041
1393	0.14590015	0.180025463	0.111774837
1394	0.14757	0.181349195	0.113790805
1395	0.1476693	0.180734094	0.114604506
1396	0.14687185	0.180346163	0.113397537
1397	0.1474043	0.180943447	0.113865153
1398	0.14911155	0.182736519	0.115486581
1399	0.1486128	0.181327833	0.115897767
1400	0.147145	0.179272644	0.115017356
1401	0.1478252	0.17912068	0.11652972
1402	0.1489409	0.180020382	0.117861418
1403	0.14625595	0.177021203	0.115490697
1404	0.143762	0.174705662	0.112818338
1405	0.14639825	0.178103092	0.114693408
1406	0.14905955	0.181362673	0.116756427
1407	0.148173	0.179403579	0.116942421
1408	0.1470742	0.177448195	0.116700205
1409	0.14704075	0.177570606	0.116510894
1410	0.14715265	0.177999202	0.116306098
1411	0.1469447	0.177529839	0.116359561
1412	0.146682	0.177024956	0.116339044
1413	0.14661595	0.176487019	0.116744881
1414	0.1467581	0.176266029	0.117250171
1415	0.1469156	0.176407187	0.117424013
1416	0.14708145	0.176642685	0.117520215
1417	0.1472466	0.177253737	0.117239463
1418	0.14717145	0.177660227	0.116682673
1419	0.1469368	0.177314653	0.116558947
1420	0.14678005	0.176824148	0.116735952
1421	0.1467413	0.176849184	0.116633416
1422	0.1468556	0.177282783	0.116428417
1423	0.147069	0.177699619	0.116438381
1424	0.14716545	0.17787344	0.11645746
1425	0.1471793	0.177874951	0.116483649
1426	0.1472483	0.177890984	0.116605616
1427	0.14733085	0.178013167	0.116648533
1428	0.1474428	0.178255915	0.116629685
1429	0.1475579	0.178458758	0.116657042
1430	0.14762025	0.178583644	0.116656856
1431	0.14781355	0.178866759	0.116760341
1432	0.1482313	0.179335578	0.117127022
1433	0.1484667	0.179613478	0.117319922
1434	0.14839085	0.179597232	0.117184468
1435	0.14838415	0.179632424	0.117135876
1436	0.14847535	0.179733499	0.117217201
1437	0.1485792	0.179837882	0.117320518
1438	0.14887705	0.180105265	0.117648835
1439	0.1491851	0.180412221	0.117957979
1440	0.14945225	0.180775014	0.118129486
1441	0.1496469	0.181066713	0.118227087
1442	0.14964005	0.181186301	0.118093799
1443	0.14960235	0.181242804	0.117961896
1444	0.14946165	0.181044293	0.117879007
1445	0.1493926	0.180948807	0.117836393
1446	0.149647	0.181358603	0.117935397
1447	0.1498778	0.181716162	0.118039438
1448	0.15003345	0.181848158	0.118218742
1449	0.15015765	0.181950165	0.118365135
1450	0.15023	0.18204564	0.11841436
1451	0.1503239	0.182174859	0.118472941
1452	0.1505832	0.182549701	0.118616699
1453	0.15082265	0.182898843	0.118746457
1454	0.15090535	0.183065431	0.118745269
1455	0.1509493	0.183182007	0.118716593
1456	0.151118	0.18344593	0.11879007
1457	0.1513131	0.183724186	0.118902014
1458	0.1515024	0.18395328	0.11905152
1459	0.15169265	0.184184619	0.119200681
1460	0.15186875	0.184441894	0.119295606
1461	0.15201945	0.184680023	0.119358877
1462	0.1521881	0.184967956	0.119408244
1463	0.152374	0.185300316	0.119447684
1464	0.1525588	0.18556593	0.11955167
1465	0.15277575	0.185831107	0.119720393
1466	0.15297945	0.186065246	0.119893654
1467	0.15318385	0.186297355	0.120070345
1468	0.15353035	0.18669804	0.12036266
1469	0.15393665	0.187152916	0.120720384
1470	0.15421825	0.187443254	0.120993246
1471	0.1544114	0.187633433	0.121189367
1472	0.15464135	0.187877097	0.121405603
1473	0.1549167	0.188185695	0.121647705
1474	0.1551177	0.188440069	0.121795331
1475	0.1552473	0.188642851	0.121851749
1476	0.15541545	0.188880366	0.121950534
1477	0.15560195	0.18912716	0.12207674
1478	0.15576495	0.189353447	0.122176453
1479	0.1559196	0.189553427	0.122285773
1480	0.15612355	0.189797796	0.122449304
1481	0.1563588	0.190083886	0.122633714
1482	0.15655135	0.190348594	0.122754106
1483	0.15670705	0.190603287	0.122810813
1484	0.15688765	0.190858341	0.122916959
1485	0.1571126	0.191128885	0.123096315
1486	0.1573094	0.191381376	0.123237424
1487	0.1574925	0.191639117	0.123345883
1488	0.1576694	0.191888632	0.123450168
1489	0.15783635	0.19214342	0.12352928
1490	0.1579942	0.192374983	0.123613417
1491	0.15814475	0.192567261	0.123722239
1492	0.1582871	0.19276497	0.12380923
1493	0.1584641	0.193029005	0.123899195
1494	0.15863905	0.193275674	0.124002426
1495	0.15881675	0.193493595	0.124139905
1496	0.15898195	0.193696225	0.124267675
1497	0.159148	0.193921571	0.124374429
1498	0.15929315	0.194127398	0.124458902
1499	0.1594393	0.19435372	0.12452488
1500	0.1596045	0.194601092	0.124607908
1501	0.1597876	0.194837797	0.124737403
1502	0.15997155	0.195074915	0.124868185
1503	0.1602033	0.195377181	0.125029419
1504	0.16042755	0.195669096	0.125186004
1505	0.16064235	0.195960398	0.125324302
1506	0.160861	0.196255187	0.125466813
1507	0.16110925	0.196569678	0.125648822
1508	0.16134325	0.196865478	0.125821022
1509	0.16156495	0.197140249	0.125989651
1510	0.16178945	0.197417724	0.126161176
1511	0.162007	0.197702179	0.126311821
1512	0.16221455	0.19797809	0.12645101
1513	0.1624098	0.198246517	0.126573083
1514	0.1626026	0.1985105	0.1266947
1515	0.16281015	0.198777601	0.126842699
1516	0.16301815	0.199040798	0.126995502
1517	0.1632562	0.19932848	0.12718392
1518	0.16349465	0.199619409	0.127369891
1519	0.16375265	0.199944106	0.127561194
1520	0.16400935	0.200267966	0.127750734
1521	0.16421885	0.200549335	0.127888365
1522	0.1644184	0.200818792	0.128018008
1523	0.1646004	0.201062989	0.128137811
1524	0.1647842	0.201310718	0.128257682
1525	0.1649974	0.201563383	0.128431417
1526	0.16521565	0.201816565	0.128614735
1527	0.16546585	0.202132926	0.128798774
1528	0.1657133	0.202453221	0.128973379
1529	0.165955	0.202759359	0.129150641
1530	0.16620015	0.20306603	0.12933427
1531	0.166434	0.203369067	0.129498933
1532	0.1666595	0.203662731	0.129656269
1533	0.16686675	0.203915908	0.129817592
1534	0.16707565	0.204168675	0.129982625
1535	0.16731645	0.204474835	0.130158065
1536	0.16755955	0.204788772	0.130330328
1537	0.16777955	0.2050754	0.1304837
1538	0.16799545	0.20535448	0.13063642
1539	0.1682067	0.205629181	0.130784219
1540	0.1684206	0.205907222	0.130933978
1541	0.16863425	0.206187976	0.131080524
1542	0.1688463	0.206469098	0.131223502
1543	0.1690709	0.206748324	0.131393476
1544	0.1692956	0.207022188	0.131569012
1545	0.16949935	0.207267984	0.131730716
1546	0.16969845	0.207510188	0.131886712
1547	0.1699046	0.207783456	0.132025744
1548	0.1701087	0.208059495	0.132157905
1549	0.17029985	0.208305112	0.132294588
1550	0.17049685	0.208553629	0.132440071
1551	0.1707024	0.208816627	0.132588173
1552	0.1709071	0.209078304	0.132735896
1553	0.1711388	0.209360669	0.132916931
1554	0.17138125	0.209651133	0.133111367
1555	0.17160025	0.209929699	0.133270801
1556	0.17181015	0.210204626	0.133415674
1557	0.17203395	0.210487194	0.133580706
1558	0.17226715	0.210777412	0.133756888
1559	0.17252995	0.211107221	0.133952679
1560	0.1728138	0.211463669	0.134163931
1561	0.17306565	0.211780203	0.134351097
1562	0.17329405	0.212067757	0.134520343
1563	0.1735208	0.212358249	0.134683351
1564	0.17374625	0.212651344	0.134841156
1565	0.17396475	0.212922058	0.135007442
1566	0.1741849	0.213183911	0.135185889
1567	0.1744181	0.213462389	0.135373811
1568	0.1746631	0.213756841	0.135569359
1569	0.17489275	0.214062823	0.135722677
1570	0.17511765	0.214382654	0.135852646
1571	0.17532325	0.214645089	0.136001411
1572	0.17550925	0.214860088	0.136158412
1573	0.17573475	0.215131173	0.136338327
1574	0.17599475	0.21545566	0.13653384
1575	0.1762567	0.215772157	0.136741243
1576	0.17651365	0.216068233	0.136959067
1577	0.1767485	0.216351916	0.137145084
1578	0.17697225	0.21663789	0.13730661
1579	0.1772046	0.216932257	0.137476943
1580	0.1774416	0.217227384	0.137655816
1581	0.1776589	0.217498106	0.137819694
1582	0.1778644	0.217752832	0.137975968
1583	0.1780645	0.217986476	0.138142524
1584	0.1782586	0.2182057	0.1383115
1585	0.1784831	0.218482541	0.138483659
1586	0.17872635	0.218796333	0.138656367
1587	0.1789316	0.219076828	0.138786372
1588	0.179111	0.21933304	0.13888896
1589	0.1793361	0.219607611	0.139064589
1590	0.17960005	0.2199039	0.1392962
1591	0.1798488	0.220203407	0.139494193
1592	0.1800796	0.220498424	0.139660776
1593	0.18031115	0.220804373	0.139817927
1594	0.1805459	0.221117556	0.139974244
1595	0.1807644	0.221412849	0.140115951
1596	0.18097455	0.221702341	0.140246759
1597	0.18119005	0.221981397	0.140398703
1598	0.1814086	0.222251696	0.140565504
1599	0.1816442	0.222530045	0.140758355
1600	0.18189275	0.222814686	0.140970814
1601	0.1821309	0.223103872	0.141157928
1602	0.18236665	0.223400812	0.141332488
1603	0.18259975	0.223680207	0.141519293
1604	0.1828298	0.223948094	0.141711506
1605	0.1830507	0.22422777	0.14187363
1606	0.18326695	0.224516682	0.142017218
1607	0.1835326	0.22484134	0.14222386
1608	0.18382625	0.225184695	0.142467805
1609	0.1840327	0.225450867	0.142614533
1610	0.1841886	0.225672818	0.142704382
1611	0.18441695	0.225959707	0.142874193
1612	0.18468715	0.22628422	0.14309008
1613	0.1849705	0.226609744	0.143331256
1614	0.1852569	0.226930874	0.143582926
1615	0.18547975	0.227193466	0.143766034
1616	0.18567105	0.227428035	0.143914065
1617	0.18586455	0.227650681	0.144078419
1618	0.1860591	0.227866798	0.144251402
1619	0.18624485	0.228092872	0.144396828
1620	0.18642695	0.2283245	0.1445294
1621	0.18665405	0.228596662	0.144711438
1622	0.18689955	0.228884711	0.144914389
1623	0.18707585	0.229120519	0.145031181
1624	0.1872238	0.229335046	0.145112554
1625	0.1874359	0.229574469	0.145297331
1626	0.18767295	0.229823091	0.145522809
1627	0.1878143	0.230029686	0.145598914
1628	0.18792035	0.230220585	0.145620115
1629	0.1881679	0.230519121	0.145816679
1630	0.1884657	0.230856299	0.146075101
1631	0.18867185	0.231095753	0.146247947
1632	0.18884965	0.231305268	0.146394032
1633	0.18909015	0.231612101	0.146568199
1634	0.18935195	0.231950716	0.146753184
1635	0.1895498	0.232206926	0.146892674
1636	0.1897309	0.232441682	0.147020118
1637	0.18994815	0.232738287	0.147158013
1638	0.1901776	0.233054515	0.147300685
1639	0.1903721	0.233283607	0.147460593
1640	0.1905595	0.233494195	0.147624805
1641	0.19081455	0.233777182	0.147851918
1642	0.19108445	0.234077054	0.148091846
1643	0.19126335	0.234300489	0.148226211
1644	0.19142765	0.234511339	0.148343961
1645	0.19161105	0.234750112	0.148471988
1646	0.19179815	0.234994953	0.148601347
1647	0.1920273	0.235304774	0.148749826
1648	0.1922615	0.2356223	0.1489007
1649	0.1924016	0.235793298	0.149009902
1650	0.19253075	0.23594792	0.14911358
1651	0.1926632	0.236137249	0.149189151
1652	0.1927982	0.236332281	0.149264119
1653	0.19300345	0.236553508	0.149453392
1654	0.1932111	0.23677471	0.14964749
1655	0.1933679	0.236959847	0.149775953
1656	0.1935212	0.237142156	0.149900244
1657	0.19364965	0.237308153	0.149991147
1658	0.19378045	0.237475679	0.150085221
1659	0.193969	0.237680044	0.150257956
1660	0.19415535	0.237883139	0.150427561
1661	0.1942448	0.237983085	0.150506515
1662	0.19434155	0.238091278	0.150591822
1663	0.19449175	0.238265565	0.150717935
1664	0.1946418	0.238439479	0.150844121
1665	0.1948439	0.238666695	0.151021105
1666	0.19504355	0.238887162	0.151199938
1667	0.1951659	0.238991915	0.151339885
1668	0.1952939	0.239106163	0.151481637
1669	0.19546605	0.239284892	0.151647208
1670	0.19563145	0.239457485	0.151805415
1671	0.19576365	0.239607077	0.151920223
1672	0.19590825	0.239769771	0.152046729
1673	0.196097	0.239969926	0.152224074
1674	0.1962926	0.240173782	0.152411418
1675	0.19650015	0.240376708	0.152623592
1676	0.1966927	0.240570423	0.152814977
1677	0.1968553	0.240756113	0.152954487
1678	0.1970469	0.240973596	0.153120204
1679	0.19730175	0.24126096	0.15334254
1680	0.1975478	0.241532965	0.153562635
1681	0.197783	0.241779079	0.153786921
1682	0.19800175	0.242015251	0.153988249
1683	0.1981716	0.242215322	0.154127878
1684	0.1984103	0.242496743	0.154323857
1685	0.19877385	0.242923536	0.154624164
1686	0.19907355	0.243263829	0.154883271
1687	0.1992737	0.243468438	0.155078962
1688	0.19945125	0.243661396	0.155241104
1689	0.1996183	0.243864442	0.155372158
1690	0.19984585	0.244116929	0.155574771
1691	0.20012175	0.244398432	0.155845068
1692	0.2003311	0.244591894	0.156070306
1693	0.2004804	0.244702231	0.156258569
1694	0.20065855	0.244870446	0.156446654
1695	0.20085645	0.245086407	0.156626493
1696	0.2010366	0.245281012	0.156792188
1697	0.20121535	0.245476886	0.156953814
1698	0.2014472	0.245738525	0.157155875
1699	0.20170175	0.246026159	0.157377341
1700	0.2019422	0.24626778	0.15761662
1701	0.20218095	0.24648899	0.15787291
1702	0.2023561	0.246637726	0.158074474
1703	0.2025081	0.246762774	0.158253426
1704	0.2027129	0.246976788	0.158449012
1705	0.20294185	0.24722707	0.15865663
1706	0.20311045	0.247391587	0.158829313
1707	0.2032605	0.247533385	0.158987615
1708	0.20343555	0.247749426	0.159121674
1709	0.2036094	0.247972756	0.159246044
1710	0.2038343	0.24818928	0.15947932
1711	0.2040705	0.248408101	0.159732899
1712	0.2042836	0.24865557	0.15991163
1713	0.20450355	0.248914399	0.160092701
1714	0.20464405	0.249075929	0.160212171
1715	0.20477415	0.249226347	0.160321953
1716	0.2049947	0.24943592	0.16055348
1717	0.20521725	0.249649336	0.160785164
1718	0.20539375	0.249869601	0.160917899
1719	0.2055696	0.250089827	0.161049373
1720	0.20569565	0.250201915	0.161189385
1721	0.20584335	0.250336676	0.161350024
1722	0.2061266	0.250639417	0.161613783
1723	0.2063954	0.250935655	0.161855145
1724	0.2065982	0.25119712	0.16199928
1725	0.2068091	0.251462303	0.162155897
1726	0.2070102	0.251699286	0.162321114
1727	0.2071989	0.251913473	0.162484327
1728	0.20738155	0.252102619	0.162660481
1729	0.2075908	0.252349033	0.162832567
1730	0.20783935	0.252708277	0.162970423
1731	0.20807265	0.253035276	0.163110024
1732	0.20827325	0.253283117	0.163263383
1733	0.20850325	0.253572392	0.163434108
1734	0.2087881	0.253926818	0.163649382
1735	0.2090471	0.254260327	0.163833873
1736	0.2092534	0.254558858	0.163947942
1737	0.2094479	0.254822318	0.164073482
1738	0.20964345	0.255065343	0.164221557
1739	0.20990325	0.255403303	0.164403197
1740	0.2102142	0.255815311	0.164613089
1741	0.2104019	0.256055134	0.164748666
1742	0.21049645	0.256165087	0.164827813
1743	0.21062545	0.256351332	0.164899568
1744	0.210766	0.256577013	0.164954987
1745	0.21098765	0.25685021	0.16512509
1746	0.21126355	0.257153354	0.165373746
1747	0.21151375	0.257428999	0.165598501
1748	0.21173905	0.257686161	0.165791939
1749	0.2119501	0.257947615	0.165952585
1750	0.21219425	0.258242408	0.166146092
1751	0.21240795	0.258460695	0.166355205
1752	0.2125853	0.258636998	0.166533602
1753	0.2127771	0.258887618	0.166666582
1754	0.2129864	0.259167334	0.166805466
1755	0.21321595	0.259462279	0.166969621
1756	0.21344325	0.259757793	0.167128707
1757	0.2136844	0.260039143	0.167329657
1758	0.21393165	0.260320253	0.167543047
1759	0.2140874	0.260531387	0.167643413
1760	0.2142495	0.260744768	0.167754232
1761	0.2145017	0.261012728	0.167990672
1762	0.2147439	0.261285135	0.168202665
1763	0.2150791	0.261704194	0.168454006
1764	0.2154215	0.262134016	0.168708984
1765	0.21565235	0.262437858	0.168866842
1766	0.2159012	0.262743256	0.169059144
1767	0.2162357	0.263138657	0.169332743
1768	0.21656775	0.263550539	0.169584961
1769	0.2168411	0.263917951	0.169764249
1770	0.2171184	0.264272573	0.169964227
1771	0.2174191	0.264608182	0.170230018
1772	0.2176776	0.264945184	0.170410016
1773	0.217846	0.26524195	0.17045005
1774	0.21806705	0.265496073	0.170638027
1775	0.2183398	0.265712832	0.170966768
1776	0.2185937	0.265993518	0.171193882
1777	0.218912	0.266418315	0.171405685
1778	0.2192833	0.266862757	0.171703843
1779	0.21963725	0.267272793	0.172001707
1780	0.21995695	0.267668027	0.172245873
1781	0.2202984	0.268097886	0.172498914
1782	0.22051395	0.268362574	0.172665326
1783	0.2206824	0.268543296	0.172821504
1784	0.22090585	0.268728786	0.173082914
1785	0.22115505	0.268958427	0.173351673
1786	0.22149015	0.26939394	0.17358636
1787	0.22184525	0.269862375	0.173828125
1788	0.22224235	0.270299896	0.174184804
1789	0.22261585	0.270704021	0.174527679
1790	0.22265895	0.27068449	0.17463341
1791	0.22272755	0.270686637	0.174768463
1792	0.2229949	0.270921054	0.175068746
1793	0.22323425	0.271082821	0.175385679
1794	0.22334475	0.271016548	0.175672952
1795	0.22359355	0.271160919	0.176026181
1796	0.2240529	0.271779001	0.176326799
1797	0.2244754	0.272297564	0.176653236
1798	0.2248387	0.272514673	0.177162727
1799	0.2251698	0.272755687	0.177583913
1800	0.2253677	0.273125355	0.177610045
1801	0.2148213	0.259399367	0.170243233
1802	0.2137621	0.258587712	0.168936488
1803	0.21735	0.264585463	0.170114537
1804	0.2203432	0.269629889	0.171056511
1805	0.21968465	0.268175994	0.171193306
1806	0.21763565	0.265729369	0.169541931
1807	0.2093326	0.256592305	0.162072895
1808	0.19756345	0.242589362	0.152537538
1809	0.1929181	0.235977493	0.149858707
1810	0.1914633	0.233868536	0.149058064
1811	0.1944793	0.239130405	0.149828195
1812	0.20018775	0.253074804	0.147300696
1813	0.2046133	0.268051007	0.141175593
1814	0.2067749	0.273988581	0.139561219
1815	0.21000625	0.275820068	0.144192432
1816	0.1999002	0.255275497	0.144524903
1817	0.18280645	0.236925541	0.128687359
1818	0.17326945	0.22943511	0.11710379
1819	0.1815308	0.247738196	0.115323404
1820	0.20667835	0.290154981	0.123201719
1821	0.22811275	0.329029876	0.127195624
1822	0.22713735	0.340670165	0.113604535
1823	0.2144582	0.330681669	0.098234731
1824	0.2169089	0.34952102	0.08429678
1825	0.19631675	0.334404478	0.058229022
1826	0.16750565	0.301859395	0.033151905
1827	0.17430865	0.325568894	0.023048406
1828	0.2343495	0.463092864	0.005606136
1829	0.3668603	0.759358621	-0.025638021
1830	0.43208875	0.943359601	-0.079182101
1831	0.2683994	0.625623381	-0.088824581
1832	0.13063005	0.316266823	-0.055006723
1833	0.0849118	0.217838295	-0.048014695
1834	0.06774835	0.17431802	-0.03882132
1835	0.0431477	0.128433531	-0.042138131
1836	0.04741735	0.125024053	-0.030189353
1837	0.086755	0.239116067	-0.065606067
1838	0.18032575	0.50349507	-0.14284357
1839	0.42979675	1.131391842	-0.271798342
1840	5.15609205	13.91711199	-3.604927891
1841	1.170814	3.531692105	-1.190064105
1842	0.83796375	2.504997476	-0.829069976
1843	2.33357815	8.551200497	-3.884044197
1844	2.66328065	9.941845415	-4.615284115
1845	1.18004315	3.93539277	-1.57530647
1846	0.2918314	0.868412245	-0.284749445
1847	0.169147	0.407037562	-0.068743562
1848	0.20721735	0.471411917	-0.056977217
1849	0.45813715	1.014167678	-0.097893378
1850	8.35844465	21.65170129	-4.934811994
1851	5.1087353	14.94780652	-4.730335923
1852	13.0373737	33.55255152	-7.477804123
1853	173.4050824	443.9239782	-97.11381351
1854	0.1497908	0.359881438	-0.060299838
1855	0.06527675	0.21197003	-0.08141653
1856	0.05661225	0.187525282	-0.074300782
1857	0.05978935	0.169719947	-0.050141247
1858	0.08508055	0.199547701	-0.029386601
1859	0.21911055	0.488048048	-0.049826948
1860	0	0	0
1861	0	0	0
1862	0	0	0
1863	0.70813865	1.830325643	-0.414048343
1864	0.19473015	0.61591756	-0.22645726
1865	0.29411865	0.745035697	-0.156798397
1866	1.22292065	3.276830378	-0.830989078
1867	0	0	0
1868	0	0	0
1869	0	0	0
1870	0	0	0
1871	0	0	0
1872	0	0	0
1873	2.1383356	4.781551125	-0.504879925
1874	0.43621595	0.924969222	-0.052537322
1875	0.27301285	0.67139132	-0.12536562
1876	0.4018535	0.957209504	-0.153502504
1877	1.4566459	3.30949711	-0.39620531
1878	0.23531055	0.533276712	-0.062655612
1879	0.14050515	0.325546153	-0.044535853
1880	0.1247204	0.282069283	-0.032628483
1881	0.0839466	0.184734048	-0.016840848
1882	0.05881965	0.163884867	-0.046245567
1883	0.06009505	0.14228848	-0.02209838
1884	0.05955395	0.134089464	-0.014981564
1885	0.0518322	0.108696785	-0.005032385
1886	0.04765225	0.097414669	-0.002110169
1887	0.0629356	0.124458636	0.001412564
1888	0.0942186	0.191332707	-0.002895507
1889	0.1192133	0.249136918	-0.010710318
1890	0.12700355	0.249062834	0.004944266
1891	0.14838705	0.333620992	-0.036846892
1892	0.18719115	0.394306485	-0.019924185
1893	0.2157	0.458527651	-0.027127651
1894	0.14958275	0.310289534	-0.011124034
1895	0.1103378	0.238576016	-0.017900416
1896	0.1179615	0.25398565	-0.01806265
1897	0.14600205	0.321928202	-0.029924102
1898	0.20866685	0.505750701	-0.088417001
1899	0.53376295	1.225994704	-0.158468804
1900	0	0	0
1901	0	0	0
1902	12.0952587	25.28117805	-1.090660649
1903	2.3459764	5.029168779	-0.337215979
1904	1.23864395	3.113925554	-0.636637654
1905	0.97269635	2.430400221	-0.485007521
1906	0.68134055	1.635435569	-0.272754469
1907	0.18607585	0.45970942	-0.08755772
1908	0.09287535	0.222357453	-0.036606753
1909	0.08801245	0.205644953	-0.029620053
1910	0.1427791	0.2984706	-0.0129124
1911	0.19466395	0.414264032	-0.024936132
1912	0.171537	0.360317943	-0.017243943
1913	0.15324825	0.344976522	-0.038480022
1914	0.1032596	0.195639845	0.010879355
1915	0.0814846	0.144317627	0.018651573
1916	0.0775147	0.129389064	0.025640336
1917	0.08017765	0.138502467	0.021852833
1918	0.088229	0.148458577	0.027999423
1919	0.1006483	0.158566136	0.042730464
1920	0.11483365	0.178058928	0.051608372
1921	0.1349053	0.195349033	0.074461567
1922	0.1544805	0.222360199	0.086600801
1923	0.17642765	0.246928742	0.105926558
1924	0.20049895	0.282597034	0.118400866
1925	0.20711305	0.27803205	0.13619405
1926	0.2080171	0.271885737	0.144148463
1927	0.2086628	0.271922999	0.145402601
1928	0.21395755	0.281525217	0.146389883
1929	0.21539865	0.285407394	0.145389906
1930	0.2049391	0.267242714	0.142635486
1931	0.198112	0.257239304	0.138984696
1932	0.20263755	0.257071909	0.148203191
1933	0.20614635	0.259014773	0.153277927
1934	0.21863315	0.2713314	0.1659349
1935	0.2302813	0.284935175	0.175627425
1936	0.23352945	0.287150933	0.179907967
1937	0.2336359	0.285900602	0.181371198
1938	0.2357355	0.287659009	0.183811991
1939	0.2385318	0.290545809	0.186517791
1940	0.23845405	0.290727908	0.186180192
1941	0.23256565	0.284503882	0.180627418
1942	0.2277913	0.27971522	0.17586738
1943	0.2288783	0.279074302	0.178682298
1944	0.22991	0.278981978	0.180838022
1945	0.233252	0.283371762	0.183132238
1946	0.23678565	0.288436952	0.185134348
1947	0.23917455	0.29192304	0.18642606
1948	0.24045195	0.293950756	0.186953144
1949	0.24026045	0.293822844	0.186698056
1950	0.2384299	0.2911017	0.1857581
1951	0.23701185	0.289023755	0.184999945
1952	0.23691645	0.288627775	0.185205125
1953	0.23682675	0.288430451	0.185223049
1954	0.235591	0.285067028	0.186114972
1955	0.23445755	0.282120318	0.186794782
1956	0.23575475	0.28418078	0.18732872
1957	0.2375554	0.287428567	0.187682233
1958	0.23901115	0.289706154	0.188316146
1959	0.24015085	0.291240824	0.189060876
1960	0.24139345	0.292781701	0.190005199
1961	0.2428786	0.294410854	0.191346346
1962	0.24401045	0.29575875	0.19226215
1963	0.2443165	0.296498131	0.192134869
1964	0.2445748	0.297155846	0.191993754
1965	0.24597875	0.298763346	0.193194154
1966	0.2472621	0.300246844	0.194277356
1967	0.24786275	0.300895453	0.194830047
1968	0.24824285	0.301313723	0.195171977
1969	0.24831615	0.301363783	0.195268517
1970	0.24807845	0.301006212	0.195150688
1971	0.24795685	0.300888797	0.195024903
1972	0.2481516	0.301314115	0.194989085
1973	0.24839145	0.301758566	0.195024334
1974	0.248975	0.302397991	0.195552009
1975	0.24951515	0.303001	0.1960293
1976	0.24992595	0.303603846	0.196248054
1977	0.25028295	0.30414737	0.19641853
1978	0.25065295	0.304554638	0.196751262
1979	0.25104045	0.304948122	0.197132778
1980	0.25126515	0.305169176	0.197361124
1981	0.2512946	0.30522101	0.19736819
1982	0.25136905	0.305315822	0.197422278
1983	0.25165865	0.305647296	0.197670004
1984	0.2519598	0.306005369	0.197914231
1985	0.25212795	0.3062178	0.1980381
1986	0.2522955	0.306436269	0.198154731
1987	0.2527518	0.30701357	0.19849003
1988	0.25320625	0.307558443	0.198854057
1989	0.25349465	0.308120514	0.198868786
1990	0.2538966	0.308959856	0.198833344
1991	0.2542305	0.309627092	0.198833908
1992	0.25436955	0.309987509	0.198751591
1993	0.2546365	0.310517012	0.198755988
1994	0.25513055	0.311285236	0.198975864
1995	0.2557163	0.312160324	0.199272276
1996	0.25608595	0.312412434	0.199759466
1997	0.25646675	0.312668555	0.200264945
1998	0.2562733	0.312384044	0.200162556
1999	0.2560779	0.312120695	0.200035105
2000	0.25697625	0.313081599	0.200870901
2001	0.25817905	0.314408571	0.201949529
2002	0.2580409	0.314177128	0.201904672
2003	0.2569499	0.312792553	0.201107247
2004	0.25646245	0.312107326	0.200817574
2005	0.25708305	0.312788415	0.201377685
2006	0.2575158	0.313209534	0.201822066
2007	0.2574014	0.313223308	0.201579492
2008	0.2571822	0.313199482	0.201164918
2009	0.2567065	0.312643933	0.200769067
2010	0.2563144	0.312139281	0.200489519
2011	0.2574459	0.313177685	0.201714115
2012	0.25834775	0.313928895	0.202766605
2013	0.25851465	0.313575127	0.203454173
2014	0.258682	0.313183534	0.204180466
2015	0.2590587	0.31345056	0.20466684
2016	0.2595945	0.314306208	0.204882792
2017	0.25999935	0.314928451	0.205070249
2018	0.26012395	0.31483743	0.20541047
2019	0.2602126	0.314704536	0.205720664
2020	0.2604307	0.31502285	0.20583855
2021	0.2606452	0.315368473	0.205921927
2022	0.26072585	0.315520139	0.205931561
2023	0.26072755	0.31558589	0.20586921
2024	0.2608058	0.315565785	0.206045815
2025	0.26095905	0.315573176	0.206344924
2026	0.2609186	0.315433988	0.206403212
2027	0.2606402	0.315020827	0.206259573
2028	0.26064415	0.314874435	0.206413865
2029	0.26122365	0.315344553	0.207102747
2030	0.26169735	0.315750575	0.207644125
2031	0.2614249	0.315402984	0.207446816
2032	0.26115995	0.315088088	0.207231812
2033	0.26115655	0.315233439	0.207079661
2034	0.26121145	0.31545888	0.20696402
2035	0.26161515	0.31586205	0.20736825
2036	0.26206695	0.316312881	0.207821019
2037	0.2620515	0.316267953	0.207835047
2038	0.2619677	0.316151826	0.207783574
2039	0.2621091	0.316427635	0.207790565
2040	0.2623489	0.316824896	0.207872904
2041	0.2626833	0.317191871	0.208174729
2042	0.26347055	0.31803271	0.20890839
2043	0.26417395	0.31876	0.2095879
2044	0.264104	0.318616937	0.209591063
2045	0.26399505	0.318463405	0.209526695
2046	0.2635948	0.317884267	0.209305333
2047	0.26302645	0.317020425	0.209032475
2048	0.2627105	0.316542565	0.208878435
2049	0.26251575	0.316321638	0.208709862
2050	0.2623754	0.316079762	0.208671038
2051	0.26259275	0.316197133	0.208988367
2052	0.26313875	0.316825305	0.209452195
2053	0.26374055	0.317581812	0.209899288
2054	0.2643699	0.318362621	0.210377179
2055	0.26487985	0.319012818	0.210746882
2056	0.26517825	0.319387571	0.210968929
2057	0.26486005	0.318766711	0.210953389
2058	0.26454435	0.318118376	0.210970324
2059	0.2645674	0.317957742	0.211177058
2060	0.26468995	0.317981568	0.211398332
2061	0.26492055	0.318172026	0.211669074
2062	0.26495005	0.318133046	0.211767054
2063	0.2647771	0.317931159	0.211623041
2064	0.26457765	0.317738003	0.211417297
2065	0.26457975	0.317790236	0.211369264
2066	0.2651326	0.31860589	0.21165931
2067	0.2658515	0.319650313	0.212052687
2068	0.26605225	0.319807413	0.212297087
2069	0.26615305	0.319821114	0.212484986
2070	0.26641105	0.320046892	0.212775208
2071	0.2667102	0.320309947	0.213110453
2072	0.2667827	0.320177887	0.213387513
2073	0.26678295	0.319991982	0.213573918
2074	0.2665386	0.319726852	0.213350348
2075	0.26638295	0.31958614	0.21317976
2076	0.2664808	0.319790897	0.213170703
2077	0.26659035	0.319911647	0.213269053
2078	0.2665384	0.319747455	0.213329345
2079	0.2665329	0.319614841	0.213450959
2080	0.2665546	0.319614877	0.213494323
2081	0.2663937	0.319532893	0.213254507
2082	0.2662635	0.319422648	0.213104352
2083	0.26625385	0.319383147	0.213124553
2084	0.2664114	0.319522196	0.213300604
2085	0.2671991	0.320259898	0.214138302
2086	0.26796125	0.320951346	0.214971154
2087	0.2678769	0.320648973	0.215104827
2088	0.26769095	0.320220197	0.215161703
2089	0.26754345	0.319971593	0.215115307
2090	0.2675224	0.319912269	0.215132531
2091	0.2676956	0.320099941	0.215291259
2092	0.2680433	0.320495892	0.215590708
2093	0.26832125	0.320861222	0.215781278
2094	0.2683357	0.320939029	0.215732371
2095	0.2683507	0.320941971	0.215759429
2096	0.2680697	0.320555079	0.215584321
2097	0.26777555	0.320162868	0.215388232
2098	0.2677337	0.319966333	0.215501067
2099	0.2677901	0.319842427	0.215737773
2100	0.2682086	0.320088093	0.216329107
2101	0.2687492	0.320492932	0.217005468
2102	0.26904705	0.320930107	0.217163993
2103	0.26924725	0.321340338	0.217154162
2104	0.2696322	0.321857215	0.217407185
2105	0.2700973	0.32237485	0.21781975
2106	0.2701619	0.322378497	0.217945303
2107	0.26983295	0.321874679	0.217791221
2108	0.26972475	0.321681275	0.217768225
2109	0.26963075	0.321682349	0.217579151
2110	0.26964575	0.321761999	0.217529501
2111	0.27030085	0.322548852	0.218052848
2112	0.2709651	0.323360942	0.218569258
2113	0.271224	0.323554386	0.218893614
2114	0.2713796	0.323567378	0.219191822
2115	0.2711667	0.323152588	0.219180812
2116	0.2708186	0.322537104	0.219100096
2117	0.2703693	0.321864977	0.218873623
2118	0.26984605	0.321214926	0.218477174
2119	0.2697926	0.321104593	0.218480607
2120	0.2701695	0.321650894	0.218688106
2121	0.2703702	0.321955911	0.218784489
2122	0.2706584	0.322305935	0.219010865
2123	0.270832	0.322623205	0.219040795
2124	0.2707881	0.322503931	0.219072269
2125	0.27095885	0.32264971	0.21926799
2126	0.27139805	0.323143175	0.219652925
2127	0.2718005	0.323547594	0.220053406
2128	0.2721421	0.323821717	0.220462483
2129	0.27243475	0.324078459	0.220791041
2130	0.27218135	0.32369599	0.22066671
2131	0.27178175	0.323144368	0.220419132
2132	0.2715267	0.322896862	0.220156538
2133	0.27156075	0.32295812	0.22016338
2134	0.2721828	0.323725067	0.220640533
2135	0.2727479	0.3244527	0.2210431
2136	0.273015	0.32474368	0.22128632
2137	0.2733436	0.325045981	0.221641219
2138	0.27364175	0.32533654	0.22194696
2139	0.2737497	0.32545547	0.22204393
2140	0.27389405	0.325587335	0.222200765
2141	0.2738327	0.325496026	0.222169374
2142	0.27367775	0.325281705	0.222073795
2143	0.2735228	0.324997342	0.222048258
2144	0.27345635	0.324838527	0.222074173
2145	0.2736827	0.325079666	0.222285734
2146	0.27395685	0.325329131	0.222584569
2147	0.2740902	0.325461521	0.222718879
2148	0.27426615	0.325620037	0.222912263
2149	0.27461805	0.325952796	0.223283304
2150	0.27482455	0.326242943	0.223406157
2151	0.2749934	0.326541484	0.223445316
2152	0.27502505	0.326655346	0.223394754
2153	0.27468945	0.326341901	0.223036999
2154	0.2742046	0.32582758	0.22258162
2155	0.2738247	0.325376896	0.222272504
2156	0.27401435	0.325441747	0.222586953
2157	0.27433675	0.325676172	0.222997328
2158	0.2746329	0.326036001	0.223229799
2159	0.27487895	0.326384521	0.223373379
2160	0.27517255	0.326766028	0.223579072
2161	0.2754896	0.327137043	0.223842157
2162	0.2757289	0.327260097	0.224197703
2163	0.2759713	0.327328512	0.224614088
2164	0.27585625	0.327071537	0.224640963
2165	0.2756073	0.326736084	0.224478516
2166	0.2755307	0.326615302	0.224446098
2167	0.27530145	0.32637576	0.22422714
2168	0.2750416	0.326102662	0.223980538
2169	0.2750889	0.326104154	0.224073646
2170	0.2753346	0.326353531	0.224315669
2171	0.2757193	0.326810373	0.224628227
2172	0.275878	0.326978851	0.224777149
2173	0.2756971	0.326783858	0.224610342
2174	0.27568845	0.326816769	0.224560131
2175	0.2758407	0.327040684	0.224640716
2176	0.275906	0.327137063	0.224674937
2177	0.27619915	0.327427733	0.224970567
2178	0.2766958	0.32796451	0.22542709
2179	0.27708305	0.328457804	0.225708296
2180	0.2773282	0.328767057	0.225889343
2181	0.27737925	0.328706144	0.226052356
2182	0.2773281	0.328542215	0.226113985
2183	0.27724005	0.32845547	0.22602463
2184	0.27712635	0.32840254	0.22585016
2185	0.2769654	0.32839812	0.22553268
2186	0.2769649	0.328508611	0.225421189
2187	0.27707555	0.328596491	0.225554609
2188	0.2771188	0.328554817	0.225682783
2189	0.27706265	0.328373108	0.225752192
2190	0.27689365	0.328105294	0.225682006
2191	0.27694915	0.32815951	0.22573879
2192	0.2777481	0.329174348	0.226321852
2193	0.2785121	0.330169173	0.226855027
2194	0.27876585	0.330534078	0.226997622
2195	0.27899345	0.330822767	0.227164133
2196	0.2791829	0.330985289	0.227380511
2197	0.2791602	0.330904639	0.227415761
2198	0.27882365	0.330435618	0.227211682
2199	0.27859945	0.330083237	0.227115663
2200	0.2787892	0.330368683	0.227209717
2201	0.27895395	0.330670534	0.227237366
2202	0.27891335	0.330579569	0.227247131
2203	0.27893675	0.330445028	0.227428472
2204	0.2789084	0.330271292	0.227545508
2205	0.27877	0.329921545	0.227618455
2206	0.27872795	0.329813899	0.227642001
2207	0.2788934	0.3303595	0.2274273
2208	0.27893315	0.330638265	0.227228035
2209	0.27897695	0.330670104	0.227283796
2210	0.2791378	0.330851265	0.227424335
2211	0.2793028	0.331065624	0.227539976
2212	0.2794673	0.331235111	0.227699489
2213	0.2795734	0.331263607	0.227883193
2214	0.27955565	0.33119089	0.22792041
2215	0.2793903	0.330995774	0.227784826
2216	0.2792769	0.330806253	0.227747547
2217	0.27929125	0.330681768	0.227900732
2218	0.27950565	0.33079654	0.22821476
2219	0.2802248	0.331591982	0.228857618
2220	0.28078	0.332181945	0.229378055
2221	0.2810701	0.332462527	0.229677673
2222	0.2813601	0.332750623	0.229969577
2223	0.2814873	0.332749937	0.230224663
2224	0.28163145	0.332727937	0.230534963
2225	0.2815688	0.33256167	0.23057593
2226	0.28112435	0.332070252	0.230178448
2227	0.2807606	0.331629046	0.229892154
2228	0.2808016	0.33160045	0.23000275
2229	0.28098355	0.331720203	0.230246897
2230	0.2812699	0.331871431	0.230668369
2231	0.28152525	0.332019845	0.231030655
2232	0.2812909	0.33168233	0.23089947
2233	0.28090955	0.331128743	0.230690357
2234	0.28077925	0.330793129	0.230765371
2235	0.280791	0.330693838	0.230888162
2236	0.2810405	0.331020727	0.231060273
2237	0.2813321	0.331379984	0.231284216
2238	0.28118355	0.331156809	0.231210291
2239	0.28105305	0.331055228	0.231050872
2240	0.2808068	0.330621845	0.230991755
2241	0.2803693	0.329681507	0.231057093
2242	0.27996405	0.328932472	0.230995628
2243	0.2800161	0.328846291	0.231185909
2244	0.28029205	0.328930111	0.231653989
2245	0.27985	0.328179143	0.231520857
2246	0.279345	0.327427597	0.231262403
2247	0.2792044	0.327111767	0.231297033
2248	0.27901075	0.326689742	0.231331758
2249	0.2789847	0.326530924	0.231438476
2250	0.2789472	0.32638531	0.23150909
2251	0.27882135	0.326154187	0.231488513
2252	0.27878455	0.326105059	0.231464041
2253	0.27857815	0.325963786	0.231192514
2254	0.27806955	0.325446786	0.230692314
2255	0.27717725	0.324364226	0.229990274
2256	0.27652015	0.323482425	0.229557875
2257	0.277021	0.323829741	0.230212259
2258	0.2777837	0.324548232	0.231019168
2259	0.2782931	0.324755997	0.231830203
2260	0.27864045	0.324656603	0.232624297
2261	0.2781081	0.323782277	0.232433923
2262	0.27746115	0.322840795	0.232081505
2263	0.2772328	0.322474553	0.231991047
2264	0.27731305	0.322470427	0.232155673
2265	0.27771995	0.32284338	0.23259652
2266	0.27801985	0.323208707	0.232830993
2267	0.27788145	0.322938095	0.232824805
2268	0.2774546	0.322158584	0.232750616
2269	0.2771603	0.321558501	0.232762099
2270	0.27661665	0.320732947	0.232500353
2271	0.27619635	0.320085529	0.232307171
2272	0.2761093	0.319941424	0.232277176
2273	0.2760122	0.319850667	0.232173733
2274	0.27608595	0.319892845	0.232279055
2275	0.27615535	0.319902583	0.232408117
2276	0.2762546	0.319962806	0.232546394
2277	0.2764157	0.320027178	0.232804222
2278	0.27680275	0.320153172	0.233452328
2279	0.2771988	0.320334067	0.234063533
2280	0.27691285	0.31994649	0.23387921
2281	0.27637255	0.31932305	0.23342205
2282	0.27643685	0.319301114	0.233572586
2283	0.27677315	0.319508491	0.234037809
2284	0.2764016	0.318887807	0.233915393
2285	0.27591785	0.318125467	0.233710233
2286	0.27614865	0.318281936	0.234015364
2287	0.27669645	0.318839351	0.234553549
2288	0.2771082	0.319209096	0.235007304
2289	0.27737835	0.319380691	0.235376009
2290	0.2776634	0.319495761	0.235831039
2291	0.27745715	0.319096438	0.235817862
2292	0.27710245	0.318605904	0.235598996
2293	0.27688705	0.318336064	0.235438036
2294	0.27683485	0.318253828	0.235415872
2295	0.27662125	0.318034821	0.235207679
2296	0.27625915	0.317742779	0.234775521
2297	0.27613755	0.317523028	0.234752072
2298	0.2759213	0.317049133	0.234793467
2299	0.2759685	0.316988407	0.234948593
2300	0.27626025	0.317254108	0.235266392
2301	0.2769872	0.317973159	0.236001241
2302	0.2776318	0.318626828	0.236636772
2303	0.27744005	0.318363725	0.236516375
2304	0.2770178	0.317820769	0.236214831
2305	0.2769972	0.317656329	0.236338071
2306	0.277307	0.317854649	0.236759351
2307	0.27767635	0.3181708	0.2371819
2308	0.2777503	0.318180681	0.237319919
2309	0.2780706	0.318555397	0.237585803
2310	0.27863865	0.319237969	0.238039331
2311	0.2793157	0.320250778	0.238380622
2312	0.28021905	0.321646789	0.238791311
2313	0.28069165	0.322263717	0.239119583
2314	0.2807983	0.322283231	0.239313369
2315	0.28146315	0.323080098	0.239846202
2316	0.28220085	0.324112803	0.240288897
2317	0.28256815	0.324696272	0.240440028
2318	0.2828423	0.325142735	0.240541865
2319	0.28333645	0.325869389	0.240803511
2320	0.28386415	0.326451963	0.241276337
2321	0.2843401	0.326950442	0.241729758
2322	0.2849517	0.327651947	0.242251453
2323	0.28498855	0.327753051	0.242224049
2324	0.28402915	0.326976593	0.241081707
2325	0.2834517	0.326517297	0.240386103
2326	0.2837062	0.326667647	0.240744753
2327	0.2839455	0.326869536	0.241021464
2328	0.2848467	0.327815961	0.241877439
2329	0.28564695	0.328636601	0.242657299
2330	0.285357	0.328258293	0.242455707
2331	0.2850868	0.327918187	0.242255413
2332	0.285642	0.32866433	0.24261967
2333	0.28631295	0.32955533	0.24307057
2334	0.2866255	0.32979955	0.24345145
2335	0.2868675	0.329937273	0.243797727
2336	0.28753605	0.330503097	0.244569003
2337	0.2882142	0.330957789	0.245470611
2338	0.28804995	0.330261637	0.245838263
2339	0.28757015	0.3292199	0.2459204
2340	0.286506	0.327775926	0.245236074
2341	0.285351	0.3264514	0.2442506
2342	0.28484775	0.32620152	0.24349398
2343	0.28475555	0.326487693	0.243023407
2344	0.28485265	0.326372546	0.243332754
2345	0.28479725	0.325737013	0.243857487
2346	0.2847209	0.325604089	0.243837711
2347	0.28482085	0.325991297	0.243650403
2348	0.28519475	0.326664525	0.243724975
2349	0.2858494	0.327641328	0.244057472
2350	0.2863236	0.328396447	0.244250753
2351	0.2868967	0.329308533	0.244484867
2352	0.28737135	0.330076743	0.244665957
2353	0.2876769	0.330432604	0.244921196
2354	0.28803985	0.330782193	0.245297507
2355	0.2881993	0.330885645	0.245512955
2356	0.28878515	0.331447527	0.246122773
2357	0.28957115	0.332148023	0.246994277
2358	0.29013165	0.332774663	0.247488637
2359	0.2905207	0.333703132	0.247338268
2360	0.29078725	0.334415321	0.247159179
2361	0.29084495	0.334498808	0.247191092
2362	0.29106015	0.33474665	0.24737365
2363	0.29158925	0.33528358	0.24789492
2364	0.29217085	0.335886043	0.248455657
2365	0.29297955	0.336904222	0.249054878
2366	0.29357575	0.337675373	0.249476127
2367	0.29291295	0.3367891	0.2490368
2368	0.2920157	0.335566353	0.248465047
2369	0.29089	0.333765716	0.248014284
2370	0.28993535	0.332162739	0.247707961
2371	0.29025815	0.332134306	0.248381994
2372	0.29071355	0.332218464	0.249208636
2373	0.29280875	0.334425319	0.251192181
2374	0.2956462	0.337590863	0.253701537
2375	0.29562715	0.337815429	0.253438871
2376	0.2950868	0.337650364	0.252523236
2377	0.2952383	0.3381287	0.2523479
2378	0.2945235	0.337576449	0.251470551
2379	0.29453395	0.33752538	0.25154252
2380	0.2949172	0.337530472	0.252303928
2381	0.2948483	0.337095954	0.252600646
2382	0.29494365	0.337342064	0.252545236
2383	0.29525965	0.337887066	0.252632234
2384	0.296023	0.338910959	0.253135041
2385	0.29580905	0.33860808	0.25301002
2386	0.2951606	0.337626027	0.252695173
2387	0.2947419	0.337130456	0.252353344
2388	0.2945126	0.336978604	0.252046596
2389	0.29512865	0.337640692	0.252616608
2390	0.29540275	0.337830848	0.252974652
2391	0.2941432	0.336595826	0.251690574
2392	0.29203645	0.334402049	0.249670851
2393	0.2911768	0.333405209	0.248948391
2394	0.2916185	0.333532928	0.249704072
2395	0.29275745	0.334608092	0.250906808
2396	0.2950922	0.337926423	0.252257977
2397	0.29678585	0.340210698	0.253361002
2398	0.29793975	0.341193626	0.254685874
2399	0.29930515	0.34268842	0.25592188
2400	0.29991965	0.343044474	0.256794826
2401	0.3001732	0.34322609	0.25712031
2402	0.30073745	0.344191584	0.257283316
2403	0.3013441	0.344954762	0.257733438
2404	0.3003006	0.344009277	0.256591923
2405	0.29872475	0.342821093	0.254628407
2406	0.2970526	0.341096974	0.253008226
2407	0.2957504	0.339486124	0.252014676
2408	0.29558415	0.339204263	0.251964037
2409	0.2957814	0.339410192	0.252152608
2410	0.2962942	0.340159353	0.252429047
2411	0.29656495	0.340965369	0.252164531
2412	0.2961627	0.340843608	0.251481792
2413	0.2956081	0.340265423	0.250950777
2414	0.29689885	0.341466011	0.252331689
2415	0.2991682	0.343765185	0.254571215
2416	0.299538	0.344001471	0.255074529
2417	0.2987699	0.343262439	0.254277361
2418	0.29806435	0.342895819	0.253232881
2419	0.29853115	0.343787399	0.253274901
2420	0.30144465	0.346746548	0.256142752
2421	0.30364535	0.34874305	0.25854765
2422	0.302479	0.347276573	0.257681427
2423	0.30027265	0.344913361	0.255631939
2424	0.29827515	0.342401157	0.254149143
2425	0.2972206	0.340835583	0.253605617
2426	0.2967421	0.339995099	0.253489101
2427	0.29643085	0.339648658	0.253213042
2428	0.29803	0.341016328	0.255043672
2429	0.29976355	0.342380914	0.257146186
2430	0.30264395	0.345214504	0.260073396
2431	0.3059633	0.348511681	0.263414919
2432	0.3053026	0.348125622	0.262479578
2433	0.30301355	0.346209299	0.259817801
2434	0.3018383	0.344938936	0.258737664
2435	0.3018958	0.344648355	0.259143245
2436	0.30260615	0.345379892	0.259832408
2437	0.3035193	0.346452931	0.260585669
2438	0.3045138	0.347386271	0.261641329
2439	0.3063663	0.349794342	0.262938258
2440	0.30701035	0.35052267	0.26349803
2441	0.30459755	0.3472239	0.2619712
2442	0.30070175	0.342360588	0.259042912
2443	0.29691045	0.337408681	0.256412219
2444	0.2936777	0.334008183	0.253347217
2445	0.2898858	0.330090408	0.249681192
2446	0.28734615	0.326643288	0.248049012
2447	0.2862351	0.325062066	0.247408134
2448	0.28539655	0.323824985	0.246968115
2449	0.2891178	0.328433512	0.249802088
2450	0.2927207	0.333426577	0.252014823
2451	0.29521215	0.336117377	0.254306923
2452	0.2983676	0.339859333	0.256875867
2453	0.29638	0.338467194	0.254292806
2454	0.29304515	0.334914995	0.251175305
2455	0.29032805	0.33108553	0.24957057
2456	0.2888848	0.32944974	0.24831986
2457	0.2895411	0.329932554	0.249149646
2458	0.29096025	0.331156058	0.250764442
2459	0.2955122	0.335992299	0.255032101
2460	0.2989382	0.340142835	0.257733565
2461	0.299035	0.341537718	0.256532282
2462	0.2995588	0.342884037	0.256233563
2463	0.29966615	0.342349802	0.256982498
2464	0.3003841	0.343116503	0.257651697
2465	0.300358	0.344422106	0.256293894
2466	0.2987055	0.343875094	0.253535906
2467	0.29609155	0.340679786	0.251503314
2468	0.29199715	0.336448881	0.247545419
2469	0.2861531	0.330801924	0.241504276
2470	0.28377955	0.328853188	0.238705912
2471	0.2835419	0.328365351	0.238718449
2472	0.28123815	0.326712813	0.235763487
2473	0.27785905	0.32593018	0.22978792
2474	0.2726809	0.323298866	0.222062934
2475	0.2716112	0.321972174	0.221250226
2476	0.2759369	0.32708727	0.22478653
2477	0.2880348	0.339120157	0.236949443
2478	0.29981695	0.351483054	0.248150846
2479	0.30698715	0.358578519	0.255395781
2480	0.31399915	0.367619869	0.260378431
2481	0.30146435	0.353190788	0.249737912
2482	0.28194985	0.329981547	0.233918153
2483	0.27061065	0.318107546	0.223113754
2484	0.26082505	0.313318619	0.208331481
2485	0.2518539	0.304525158	0.199182642
2486	0.242327	0.298034723	0.186619277
2487	0.2232988	0.277951979	0.168645621
2488	0.20767265	0.276438124	0.138907176
2489	0.2136438	0.292054242	0.135233358
2490	0.21345435	0.295498545	0.131410155
2491	0.22049225	0.301869622	0.139114878
2492	0.2420124	0.33194299	0.15208181
2493	0.2550358	0.338102482	0.171969118
2494	0.2583781	0.33767256	0.17908364
2495	0.26699645	0.337789361	0.196203539
2496	0.27288685	0.337855254	0.207918446
2497	0.26989325	0.31842687	0.22135963
2498	0.27126975	0.316791047	0.225748453
2499	0.2670771	0.321555153	0.212599047
2500	0.26892655	0.345287898	0.192565202
