Wavelength	Mean	Std+	Std-
350	0.0196218	0.021565732	0.017677868
351	0.0198182	0.021875895	0.017760505
352	0.0195812	0.021664504	0.017497896
353	0.0193814	0.021396256	0.017366544
354	0.0193228	0.021299538	0.017346062
355	0.019386	0.021365758	0.017406242
356	0.0192492	0.021241443	0.017256957
357	0.0192374	0.021259951	0.017214849
358	0.0193046	0.021374837	0.017234363
359	0.0194002	0.021517036	0.017283364
360	0.0191278	0.021139649	0.017115951
361	0.0190038	0.02094125	0.01706635
362	0.0193808	0.021395797	0.017365803
363	0.019312	0.021350674	0.017273326
364	0.0190962	0.021146572	0.017045828
365	0.0188016	0.020858085	0.016745115
366	0.0190914	0.02126243	0.01692037
367	0.019126	0.021301225	0.016950775
368	0.019037	0.021147672	0.016926328
369	0.0190946	0.021157233	0.017031967
370	0.0190002	0.021109148	0.016891252
371	0.0188972	0.021059855	0.016734545
372	0.018886	0.021051573	0.016720427
373	0.0188896	0.02108225	0.01669695
374	0.018866	0.021056189	0.016675811
375	0.0188108	0.020961222	0.016660378
376	0.018917	0.021076092	0.016757908
377	0.0188226	0.020977146	0.016668054
378	0.0186566	0.020799121	0.016514079
379	0.0188606	0.020988734	0.016732466
380	0.0189464	0.021100549	0.016792251
381	0.0188698	0.021058862	0.016680738
382	0.018522	0.020738261	0.016305739
383	0.0187348	0.020951921	0.016517679
384	0.0188244	0.021073331	0.016575469
385	0.0186578	0.0209725	0.0163431
386	0.0185448	0.020900054	0.016189546
387	0.0185714	0.020921856	0.016220944
388	0.0186698	0.020982287	0.016357313
389	0.0186028	0.020829804	0.016375796
390	0.018566	0.020797186	0.016334814
391	0.0185436	0.020821126	0.016266074
392	0.0185268	0.020853254	0.016200346
393	0.0184062	0.020731438	0.016080962
394	0.0183686	0.020696005	0.016041195
395	0.0184554	0.020796526	0.016114274
396	0.018443	0.020771386	0.016114614
397	0.0185276	0.020855004	0.016200196
398	0.0186406	0.020979817	0.016301383
399	0.0185488	0.020938457	0.016159143
400	0.018512	0.020932066	0.016091934
401	0.0184944	0.020926523	0.016062277
402	0.0184698	0.020877994	0.016061606
403	0.0184478	0.020843282	0.016052318
404	0.0184286	0.020814898	0.016042302
405	0.018412	0.020790737	0.016033263
406	0.0183934	0.020753575	0.016033225
407	0.0183712	0.020742649	0.015999751
408	0.018342	0.020746468	0.015937532
409	0.0182868	0.020702699	0.015870901
410	0.0183538	0.0207707	0.0159369
411	0.018449	0.020867356	0.016030644
412	0.0184732	0.020907483	0.016038917
413	0.0184452	0.020872279	0.016018121
414	0.018434	0.020855933	0.016012067
415	0.018465	0.020893758	0.016036242
416	0.0184056	0.020869678	0.015941522
417	0.0184142	0.020893865	0.015934535
418	0.0184786	0.020958104	0.015999096
419	0.0184732	0.020972226	0.015974174
420	0.0184218	0.020905988	0.015937612
421	0.0183694	0.020831961	0.015906839
422	0.0183908	0.020866385	0.015915215
423	0.018432	0.020936376	0.015927624
424	0.0184526	0.020975689	0.015929511
425	0.0184296	0.020948194	0.015911006
426	0.01842	0.020946665	0.015893335
427	0.018398	0.020927757	0.015868243
428	0.0183708	0.020897914	0.015843686
429	0.0184542	0.020961358	0.015947042
430	0.0184514	0.020980523	0.015922277
431	0.0184118	0.020981174	0.015842426
432	0.018415	0.021011232	0.015818768
433	0.018485	0.021062076	0.015907924
434	0.0185146	0.02107758	0.01595162
435	0.0184406	0.021021143	0.015860057
436	0.0184148	0.021008255	0.015821345
437	0.0184394	0.021040157	0.015838643
438	0.0185038	0.021107358	0.015900242
439	0.0184648	0.021087293	0.015842307
440	0.0184804	0.021123055	0.015837745
441	0.0185134	0.021172103	0.015854697
442	0.0184856	0.021143876	0.015827324
443	0.0184514	0.021104299	0.015798501
444	0.0184436	0.021091749	0.015795451
445	0.0184918	0.021138367	0.015845233
446	0.0184512	0.021108747	0.015793653
447	0.0184448	0.021122486	0.015767114
448	0.0184836	0.021188948	0.015778252
449	0.018448	0.021139108	0.015756892
450	0.0184524	0.021129667	0.015775133
451	0.018482	0.02115133	0.01581267
452	0.0185096	0.021199649	0.015819551
453	0.0184948	0.021208026	0.015781574
454	0.0184816	0.021206827	0.015756373
455	0.0185052	0.021214458	0.015795942
456	0.0184912	0.021210511	0.015771889
457	0.0184892	0.021219694	0.015758706
458	0.0185084	0.021247333	0.015769467
459	0.018523	0.021256761	0.015789239
460	0.0185188	0.021259455	0.015778145
461	0.0185108	0.021269272	0.015752328
462	0.0185506	0.021335918	0.015765282
463	0.0185668	0.021359156	0.015774444
464	0.0185602	0.021353727	0.015766673
465	0.0185192	0.021317586	0.015720814
466	0.0185122	0.021313625	0.015710775
467	0.0185332	0.021338761	0.015727639
468	0.0185842	0.021396118	0.015772282
469	0.0185986	0.021426485	0.015770715
470	0.0185878	0.021426097	0.015749503
471	0.0185646	0.021408566	0.015720634
472	0.0185828	0.021422399	0.015743201
473	0.0185712	0.021414246	0.015728154
474	0.0185598	0.021406971	0.015712629
475	0.0185786	0.021424554	0.015732646
476	0.0185646	0.02143885	0.01569035
477	0.0185664	0.021447927	0.015684873
478	0.0185972	0.021451541	0.015742859
479	0.0186444	0.021512071	0.015776729
480	0.0186476	0.021521392	0.015773808
481	0.0186228	0.021496126	0.015749474
482	0.0186484	0.021510688	0.015786112
483	0.0186612	0.02153664	0.01578576
484	0.018675	0.021574285	0.015775715
485	0.0187084	0.021629591	0.015787209
486	0.01872	0.02163956	0.01580044
487	0.0187108	0.021626647	0.015794953
488	0.0186782	0.021594134	0.015762266
489	0.018714	0.021646082	0.015781918
490	0.018708	0.021652633	0.015763367
491	0.0186734	0.021627115	0.015719685
492	0.0187052	0.021664747	0.015745653
493	0.0187388	0.021700548	0.015777052
494	0.0187642	0.02172828	0.01580012
495	0.018762	0.021735131	0.015788869
496	0.018774	0.021761008	0.015786992
497	0.0187804	0.02177568	0.01578512
498	0.0187736	0.021764515	0.015782685
499	0.0187752	0.02177772	0.01577268
500	0.0187874	0.021792661	0.015782139
501	0.0188084	0.021809359	0.015807441
502	0.0188296	0.021839956	0.015819244
503	0.0188212	0.021841234	0.015801166
504	0.018812	0.021842936	0.015781064
505	0.0188506	0.021893105	0.015808095
506	0.01886	0.021911578	0.015808422
507	0.0188592	0.021915985	0.015802415
508	0.0188542	0.021910977	0.015797423
509	0.0188872	0.021936646	0.015837754
510	0.0189186	0.021969622	0.015867578
511	0.018945	0.022008154	0.015881846
512	0.0189564	0.022031395	0.015881405
513	0.0189538	0.022033479	0.015874121
514	0.0189456	0.022028341	0.015862859
515	0.0189492	0.022043646	0.015854754
516	0.0189638	0.02206308	0.01586452
517	0.0189808	0.022083762	0.015877838
518	0.0189984	0.02210563	0.01589117
519	0.0190184	0.022131192	0.015905608
520	0.0190162	0.022132636	0.015899764
521	0.0189958	0.022113003	0.015878597
522	0.0190482	0.022162192	0.015934208
523	0.0190614	0.022179401	0.015943399
524	0.0190588	0.022186543	0.015931057
525	0.0190856	0.022226879	0.015944321
526	0.0191202	0.022264345	0.015976055
527	0.0191302	0.022274209	0.015986191
528	0.0190888	0.022235241	0.015942359
529	0.0191296	0.022287346	0.015971854
530	0.0191712	0.022338059	0.016004341
531	0.0192014	0.022373527	0.016029273
532	0.0191764	0.022345995	0.016006805
533	0.0191928	0.022369393	0.016016207
534	0.0192322	0.022420683	0.016043717
535	0.0192498	0.02244403	0.01605557
536	0.019267	0.022459586	0.016074414
537	0.0192748	0.022466938	0.016082662
538	0.0192618	0.022462305	0.016061295
539	0.0192772	0.022474682	0.016079718
540	0.0192884	0.022489463	0.016087337
541	0.0192908	0.022506321	0.016075279
542	0.0193148	0.022540857	0.016088743
543	0.0193456	0.022574261	0.016116939
544	0.019377	0.022604072	0.016149928
545	0.019388	0.022622095	0.016153905
546	0.0193974	0.022639498	0.016155302
547	0.0194068	0.022655148	0.016158452
548	0.0194158	0.022665454	0.016166146
549	0.0194338	0.022689248	0.016178352
550	0.0194432	0.022700795	0.016185605
551	0.019439	0.022692225	0.016185775
552	0.019465	0.022720324	0.016209676
553	0.0194994	0.022766614	0.016232186
554	0.0195342	0.022818133	0.016250267
555	0.0195304	0.022818145	0.016242655
556	0.019537	0.022831116	0.016242884
557	0.0195458	0.022846886	0.016244714
558	0.019548	0.022856183	0.016239817
559	0.0195868	0.022890258	0.016283342
560	0.0196244	0.022927025	0.016321775
561	0.019649	0.022959752	0.016338248
562	0.0196552	0.022973214	0.016337186
563	0.0196614	0.022984515	0.016338285
564	0.01967	0.022997609	0.016342391
565	0.0196902	0.02303453	0.01634587
566	0.0197062	0.02304858	0.01636382
567	0.0197228	0.023060239	0.016385361
568	0.0197452	0.023093396	0.016397004
569	0.019747	0.023103045	0.016390955
570	0.0197536	0.023121509	0.016385691
571	0.0197754	0.023161592	0.016389208
572	0.019792	0.023171388	0.016412612
573	0.0197984	0.023182068	0.016414732
574	0.0197978	0.023195584	0.016400016
575	0.0198186	0.02321638	0.01642082
576	0.01984	0.023245734	0.016434266
577	0.0198628	0.023279165	0.016446435
578	0.0198888	0.023310797	0.016466803
579	0.019895	0.023313689	0.016476311
580	0.0199098	0.02332355	0.01649605
581	0.0199456	0.023355314	0.016535886
582	0.0199504	0.023377134	0.016523666
583	0.019944	0.023375558	0.016512442
584	0.0199328	0.023358801	0.016506799
585	0.0199658	0.023410616	0.016520984
586	0.019985	0.02344493	0.01652507
587	0.0200026	0.02347084	0.01653436
588	0.0200412	0.023499445	0.016582955
589	0.0200654	0.023536678	0.016594122
590	0.020081	0.02356656	0.01659544
591	0.020088	0.023575988	0.016600012
592	0.0200646	0.023564418	0.016564782
593	0.0200862	0.023589667	0.016582733
594	0.0201482	0.023648153	0.016648247
595	0.0201268	0.023638562	0.016615038
596	0.020143	0.023660886	0.016625114
597	0.0201808	0.023702066	0.016659534
598	0.020214	0.023740835	0.016687165
599	0.0202292	0.023770437	0.016687963
600	0.020238	0.023792222	0.016683778
601	0.0202448	0.023803896	0.016685704
602	0.0203042	0.023873212	0.016735188
603	0.0203394	0.023918012	0.016760788
604	0.020342	0.023929007	0.016754993
605	0.0203438	0.023940797	0.016746803
606	0.0203956	0.023996287	0.016794913
607	0.0204502	0.024052633	0.016847767
608	0.0203792	0.023994262	0.016764138
609	0.0204022	0.024030498	0.016773902
610	0.0204444	0.024077906	0.016810894
611	0.020457	0.024077823	0.016836177
612	0.0204588	0.024084621	0.016832979
613	0.0204802	0.024105536	0.016854864
614	0.0205254	0.024141004	0.016909796
615	0.0205136	0.024139942	0.016887258
616	0.0205264	0.024158553	0.016894247
617	0.0205606	0.024197237	0.016923963
618	0.0206208	0.024268213	0.016973387
619	0.0206158	0.024274106	0.016957494
620	0.0206002	0.024263941	0.016936459
621	0.0206126	0.024268081	0.016957119
622	0.0206472	0.024302568	0.016991832
623	0.0206714	0.024332909	0.017009891
624	0.0206776	0.024352018	0.017003182
625	0.0207024	0.024395066	0.017009734
626	0.0207216	0.024408226	0.017034974
627	0.0207322	0.024399648	0.017064752
628	0.020716	0.024389681	0.017042319
629	0.0207534	0.024427992	0.017078808
630	0.0208078	0.024487279	0.017128321
631	0.0208534	0.024554551	0.017152249
632	0.0208276	0.024528005	0.017127195
633	0.0208324	0.02453726	0.01712754
634	0.0208896	0.024609367	0.017169833
635	0.0208888	0.024605896	0.017171704
636	0.0208956	0.024615916	0.017175284
637	0.0209152	0.024642027	0.017188373
638	0.020978	0.024702596	0.017253404
639	0.0209962	0.024731938	0.017260462
640	0.0210024	0.024748922	0.017255878
641	0.0210274	0.024771588	0.017283212
642	0.0210334	0.02478382	0.01728298
643	0.021051	0.024806947	0.017295053
644	0.02109	0.024847255	0.017332745
645	0.021061	0.02482068	0.01730132
646	0.0210922	0.024861568	0.017322832
647	0.0211672	0.02495123	0.01738317
648	0.0211968	0.024991929	0.017401671
649	0.021212	0.025015948	0.017408052
650	0.0212258	0.025040114	0.017411486
651	0.0212556	0.025088829	0.017422371
652	0.021252	0.025092129	0.017411871
653	0.0212606	0.025107365	0.017413835
654	0.0212996	0.025157749	0.017441451
655	0.021308	0.025176503	0.017439497
656	0.0213544	0.025227559	0.017481241
657	0.0214258	0.025299459	0.017552141
658	0.0214314	0.02532498	0.01753782
659	0.0214218	0.025318943	0.017524657
660	0.0214142	0.025312437	0.017515963
661	0.0214348	0.025351261	0.017518339
662	0.0214872	0.02540505	0.01756935
663	0.0215248	0.025445707	0.017603893
664	0.0215256	0.02546056	0.01759064
665	0.0215326	0.025481682	0.017583518
666	0.0215468	0.025503374	0.017590226
667	0.0215676	0.025525684	0.017609516
668	0.021597	0.025557238	0.017636762
669	0.0216412	0.025607866	0.017674534
670	0.021685	0.025659038	0.017710962
671	0.0216976	0.025671649	0.017723551
672	0.0217172	0.025688206	0.017746194
673	0.0217306	0.0257075	0.0177537
674	0.0217284	0.025728628	0.017728172
675	0.021777	0.025785915	0.017768085
676	0.0218212	0.025828526	0.017813874
677	0.0218556	0.025854022	0.017857178
678	0.02188	0.025897832	0.017862168
679	0.0219166	0.025948459	0.017884741
680	0.0219494	0.025992173	0.017906627
681	0.0219376	0.025991929	0.017883271
682	0.0219672	0.026032369	0.017902031
683	0.0220034	0.026077372	0.017929428
684	0.022029	0.026109278	0.017948722
685	0.022087	0.026163977	0.018010023
686	0.0221278	0.026214038	0.018041562
687	0.022143	0.026254528	0.018031472
688	0.0221932	0.026305685	0.018080715
689	0.0222284	0.026340227	0.018116573
690	0.0222486	0.026363333	0.018133867
691	0.0222428	0.026381763	0.018103837
692	0.0222694	0.02640547	0.01813333
693	0.022312	0.026444352	0.018179648
694	0.0223674	0.026514621	0.018220179
695	0.0223896	0.026551702	0.018227498
696	0.0224374	0.026602149	0.018272651
697	0.0225182	0.026672479	0.018363921
698	0.022529	0.026699808	0.018358192
699	0.0225514	0.02673132	0.01837148
700	0.0225842	0.026768906	0.018399494
701	0.022631	0.026818285	0.018443715
702	0.022662	0.026866606	0.018457394
703	0.0226944	0.026912526	0.018476274
704	0.022743	0.026955572	0.018530428
705	0.0227806	0.027008992	0.018552208
706	0.0228086	0.027050567	0.018566633
707	0.022827	0.027075417	0.018578583
708	0.0229002	0.027146785	0.018653615
709	0.0229474	0.027204955	0.018689845
710	0.022976	0.027251755	0.018700245
711	0.023003	0.027286435	0.018719565
712	0.0230186	0.02731132	0.01872588
713	0.0230366	0.027338594	0.018734606
714	0.0230744	0.027386091	0.018762709
715	0.0231264	0.027438469	0.018814331
716	0.0231742	0.027490898	0.018857502
717	0.0232112	0.027541747	0.018880653
718	0.0232474	0.027591961	0.018902839
719	0.0232664	0.027624543	0.018908257
720	0.0232706	0.027637101	0.018904099
721	0.0232752	0.027632543	0.018917857
722	0.0233396	0.027716459	0.018962741
723	0.0234218	0.027818577	0.019025023
724	0.0234748	0.027857073	0.019092527
725	0.0235214	0.02791452	0.01912828
726	0.0235588	0.02796404	0.01915356
727	0.0235856	0.027997931	0.019173269
728	0.0236236	0.028034796	0.019212404
729	0.0236556	0.028066606	0.019244594
730	0.0236814	0.028094412	0.019268388
731	0.0236932	0.028123657	0.019262743
732	0.023734	0.028161587	0.019306413
733	0.0237862	0.028208969	0.019363431
734	0.0238368	0.028274074	0.019399526
735	0.023875	0.028331578	0.019418422
736	0.0239158	0.028382833	0.019448767
737	0.0239662	0.02842842	0.01950398
738	0.0239866	0.028452249	0.019520951
739	0.0240162	0.028492445	0.019539955
740	0.0240602	0.028554438	0.019565962
741	0.0241548	0.028673584	0.019636016
742	0.0241528	0.028692694	0.019612906
743	0.0241264	0.028677972	0.019574828
744	0.0241844	0.028722382	0.019646418
745	0.0242326	0.028774418	0.019690782
746	0.024264	0.02881169	0.01971631
747	0.0242702	0.028819074	0.019721326
748	0.0243082	0.028862972	0.019753428
749	0.0243608	0.028931004	0.019790596
750	0.0244228	0.029016062	0.019829538
751	0.0244478	0.029047565	0.019848035
752	0.0244752	0.029080579	0.019869821
753	0.0245076	0.029121374	0.019893826
754	0.024552	0.029183171	0.019920829
755	0.0245722	0.029213868	0.019930532
756	0.024582	0.029228042	0.019935958
757	0.0245858	0.029227609	0.019943991
758	0.0246284	0.029260342	0.019996458
759	0.0247266	0.029389745	0.020063455
760	0.0248886	0.029657991	0.020119209
761	0.024877	0.029628784	0.020125216
762	0.02488	0.029625498	0.020134502
763	0.0249042	0.029649463	0.020158937
764	0.0249732	0.029722545	0.020223855
765	0.0249498	0.029713254	0.020186346
766	0.0249344	0.029706588	0.020162212
767	0.0249664	0.029736357	0.020196443
768	0.0250232	0.029808914	0.020237486
769	0.0250752	0.029866475	0.020283925
770	0.0251184	0.029903207	0.020333593
771	0.0251138	0.029909169	0.020318431
772	0.0251174	0.029923492	0.020311308
773	0.0251382	0.02995841	0.02031799
774	0.0252134	0.030065845	0.020360955
775	0.0252748	0.030139162	0.020410438
776	0.0253198	0.030187442	0.020452158
777	0.0253398	0.030204796	0.020474804
778	0.0254	0.030270969	0.020529031
779	0.02542	0.030300264	0.020539736
780	0.0253858	0.030278512	0.020493088
781	0.0254486	0.030356904	0.020540296
782	0.025507	0.030419039	0.020594961
783	0.0255562	0.030467677	0.020644723
784	0.0255706	0.030500294	0.020640906
785	0.0256042	0.030553437	0.020654963
786	0.0256342	0.030600643	0.020667757
787	0.025638	0.030614214	0.020661786
788	0.025655	0.030635995	0.020674005
789	0.0256812	0.030672609	0.020689791
790	0.025716	0.030724903	0.020707097
791	0.0258144	0.030836351	0.020792449
792	0.0258652	0.030900252	0.020830148
793	0.0258782	0.030927052	0.020829348
794	0.025884	0.030944509	0.020823491
795	0.025924	0.030998893	0.020849107
796	0.025971	0.031059652	0.020882348
797	0.026	0.031102813	0.020897187
798	0.0260494	0.03115262	0.02094618
799	0.0260924	0.031195595	0.020989205
800	0.0261198	0.031225498	0.021014102
801	0.0261822	0.031308975	0.021055425
802	0.0262134	0.031354527	0.021072273
803	0.0262238	0.031375924	0.021071676
804	0.0262688	0.031446791	0.021090809
805	0.0262952	0.03147335	0.02111705
806	0.0263268	0.031502227	0.021151373
807	0.0263988	0.031599191	0.021198409
808	0.0263876	0.031584496	0.021190704
809	0.0264016	0.031610577	0.021192623
810	0.0264818	0.031735651	0.021227949
811	0.0265334	0.031782045	0.021284755
812	0.0265618	0.031818368	0.021305232
813	0.026572	0.031848236	0.021295764
814	0.0266002	0.031885203	0.021315197
815	0.0266072	0.031910828	0.021303572
816	0.0266242	0.031944293	0.021304107
817	0.0267056	0.032015576	0.021395624
818	0.026765	0.032102272	0.021427728
819	0.026808	0.032167596	0.021448404
820	0.026835	0.032197819	0.021472181
821	0.026916	0.032284794	0.021547206
822	0.0269478	0.032339523	0.021556077
823	0.0269346	0.032358711	0.021510489
824	0.0269978	0.032405284	0.021590316
825	0.0270404	0.032459789	0.021621011
826	0.027073	0.032520165	0.021625835
827	0.0271018	0.032580753	0.021622847
828	0.027167	0.032639405	0.021694595
829	0.0271886	0.032647738	0.021729462
830	0.027116	0.032567896	0.021664104
831	0.0271802	0.032658171	0.021702229
832	0.0272318	0.032728932	0.021734668
833	0.027265	0.032771389	0.021758611
834	0.0273698	0.032874731	0.021864869
835	0.0274762	0.033008467	0.021943933
836	0.0275542	0.033119345	0.021989055
837	0.0275184	0.033076273	0.021960527
838	0.0275106	0.033073401	0.021947799
839	0.0275194	0.033099363	0.021939437
840	0.027545	0.033158195	0.021931805
841	0.0276478	0.033279717	0.022015883
842	0.0277282	0.033360956	0.022095444
843	0.027775	0.033394202	0.022155798
844	0.027785	0.033446874	0.022123126
845	0.0278446	0.033516854	0.022172346
846	0.0279202	0.033586273	0.022254127
847	0.0279272	0.033599697	0.022254703
848	0.0279226	0.033622853	0.022222347
849	0.027966	0.033696128	0.022235872
850	0.0281174	0.033868112	0.022366688
851	0.0281626	0.033925135	0.022400065
852	0.0281716	0.033939782	0.022403418
853	0.0281546	0.033923329	0.022385871
854	0.0282244	0.034012473	0.022436327
855	0.0282566	0.034067809	0.022445391
856	0.0282608	0.034094166	0.022427434
857	0.0282456	0.03409325	0.02239795
858	0.028348	0.034188963	0.022507037
859	0.028454	0.034300902	0.022607098
860	0.0284736	0.034371808	0.022575392
861	0.0285516	0.034472227	0.022630973
862	0.0286074	0.034521148	0.022693652
863	0.0286256	0.034502894	0.022748306
864	0.0286376	0.034571617	0.022703583
865	0.0286896	0.034646385	0.022732815
866	0.0287614	0.03471741	0.02280539
867	0.0287812	0.034743682	0.022818718
868	0.0288278	0.034818143	0.022837457
869	0.0288568	0.034873025	0.022840575
870	0.0288204	0.034840464	0.022800336
871	0.0289166	0.03496397	0.02286923
872	0.0290392	0.035108597	0.022969803
873	0.029168	0.035246817	0.023089183
874	0.029124	0.035198518	0.023049482
875	0.0291126	0.035195203	0.023029997
876	0.0291396	0.035240954	0.023038246
877	0.0292518	0.035383573	0.023120027
878	0.0292628	0.035417396	0.023108204
879	0.029268	0.035441925	0.023094075
880	0.0293682	0.035559298	0.023177102
881	0.0294098	0.035612818	0.023206782
882	0.0294292	0.035639164	0.023219236
883	0.029431	0.035640789	0.023221211
884	0.029477	0.035700117	0.023253883
885	0.029499	0.035718989	0.023279011
886	0.0295104	0.035723519	0.023297281
887	0.0296038	0.035883927	0.023323673
888	0.0296434	0.035936245	0.023350555
889	0.0296564	0.035952265	0.023360535
890	0.029664	0.036006669	0.023321331
891	0.0296992	0.03607454	0.02332386
892	0.0297978	0.036176566	0.023419034
893	0.029988	0.036328174	0.023647826
894	0.029947	0.036264465	0.023629535
895	0.029955	0.036324643	0.023585357
896	0.0300106	0.036490389	0.023530811
897	0.0299844	0.036407142	0.023561658
898	0.0299846	0.036426718	0.023542482
899	0.0299894	0.03648582	0.02349298
900	0.0299628	0.036488654	0.023436946
901	0.030055	0.036585548	0.023524452
902	0.0301788	0.036702735	0.023654865
903	0.0303084	0.036818221	0.023798579
904	0.0302672	0.036790626	0.023743774
905	0.0302698	0.03683759	0.02370201
906	0.0303172	0.036948006	0.023686394
907	0.0303022	0.036891016	0.023713384
908	0.0303378	0.036910809	0.023764791
909	0.0304054	0.036985945	0.023824855
910	0.030481	0.037096771	0.023865229
911	0.0305102	0.037145904	0.023874496
912	0.0305224	0.037173872	0.023870928
913	0.0305266	0.037196615	0.023856585
914	0.0305316	0.037303587	0.023759613
915	0.030637	0.03743056	0.02384344
916	0.0308306	0.037563066	0.024098134
917	0.0308362	0.037589981	0.024082419
918	0.0308804	0.037665591	0.024095209
919	0.0309428	0.037765861	0.024119739
920	0.0309922	0.037852741	0.024131659
921	0.0311174	0.037988237	0.024246563
922	0.0311634	0.038056696	0.024270104
923	0.0310064	0.03796319	0.02404961
924	0.0311274	0.038042877	0.024211923
925	0.0311388	0.038005912	0.024271688
926	0.0310098	0.037840676	0.024178924
927	0.0312536	0.038225888	0.024281312
928	0.0312924	0.038295459	0.024289341
929	0.0311768	0.038149698	0.024203902
930	0.0310056	0.038022303	0.023988897
931	0.0313972	0.038343044	0.024451356
932	0.0317298	0.03860104	0.02485856
933	0.0313166	0.038231857	0.024401343
934	0.0313276	0.038302463	0.024352737
935	0.0313568	0.038446168	0.024267432
936	0.0313266	0.038588484	0.024064716
937	0.0312674	0.038516065	0.024018735
938	0.0314632	0.038655379	0.024271021
939	0.0317638	0.038889882	0.024637718
940	0.0318208	0.038971141	0.024670459
941	0.0315906	0.038769578	0.024411622
942	0.0315798	0.038794537	0.024365063
943	0.0322798	0.039537997	0.025021603
944	0.0319112	0.039340072	0.024482328
945	0.0314516	0.038902164	0.024001036
946	0.0310776	0.038331331	0.023823869
947	0.0316716	0.038865737	0.024477463
948	0.031988	0.039235391	0.024740609
949	0.032091	0.039433937	0.024748063
950	0.0321614	0.039389838	0.024932962
951	0.0318576	0.039251679	0.024463521
952	0.0316882	0.039259313	0.024117087
953	0.032208	0.039704432	0.024711568
954	0.0323698	0.03973706	0.02500254
955	0.0323618	0.039671039	0.025052561
956	0.032205	0.03956424	0.02484576
957	0.0322746	0.039811437	0.024737763
958	0.0323932	0.03998536	0.02480104
959	0.032534	0.040101631	0.024966369
960	0.0325828	0.040187438	0.024978162
961	0.0324734	0.040044662	0.024902138
962	0.0323374	0.039850868	0.024823932
963	0.0323082	0.039780467	0.024835933
964	0.0324308	0.040047573	0.024814027
965	0.0327292	0.040449485	0.025008915
966	0.0332316	0.040945721	0.025517479
967	0.0329032	0.040468714	0.025337686
968	0.0328104	0.04036928	0.02525152
969	0.0329096	0.04056154	0.02525766
970	0.0329452	0.040577541	0.025312859
971	0.0329932	0.040693632	0.025292768
972	0.0330478	0.04084162	0.02525398
973	0.033102	0.040928478	0.025275522
974	0.0333138	0.041067227	0.025560373
975	0.0334988	0.041250009	0.025747591
976	0.033583	0.041478526	0.025687474
977	0.0336552	0.04149835	0.02581205
978	0.0334828	0.041339963	0.025625637
979	0.033106	0.041037444	0.025174556
980	0.0329252	0.04085658	0.02499382
981	0.0332986	0.041237454	0.025359746
982	0.0337894	0.041700614	0.025878186
983	0.0337678	0.0415166	0.026019
984	0.0340172	0.041834096	0.026200304
985	0.03408	0.042043422	0.026116578
986	0.0337254	0.041877443	0.025573357
987	0.0337302	0.041952803	0.025507597
988	0.0336796	0.041877813	0.025481387
989	0.0336044	0.041695081	0.025513719
990	0.0341588	0.042140319	0.026177281
991	0.03425	0.042397053	0.026102947
992	0.034141	0.042494783	0.025787217
993	0.0342438	0.04240118	0.02608642
994	0.0344228	0.042721438	0.026124162
995	0.0345848	0.043059669	0.026109931
996	0.0346742	0.043221031	0.026127369
997	0.0344384	0.042744806	0.026131994
998	0.034081	0.042302399	0.025859601
999	0.0336708	0.041987732	0.025353868
1000	0.0340572	0.042325375	0.025789025
1001	0.0351932	0.043885691	0.026500709
1002	0.0353234	0.044176884	0.026469916
1003	0.0353712	0.044393573	0.026348827
1004	0.0354476	0.044421352	0.026473848
1005	0.0355358	0.044561228	0.026510372
1006	0.035574	0.044646271	0.026501729
1007	0.0356166	0.044622096	0.026611104
1008	0.0357862	0.044737903	0.026834497
1009	0.0360152	0.045007117	0.027023283
1010	0.0360472	0.045119276	0.026975124
1011	0.0358362	0.04490552	0.02676688
1012	0.035728	0.044675438	0.026780562
1013	0.0358712	0.044775792	0.026966608
1014	0.0359984	0.045006591	0.026990209
1015	0.0360652	0.045139394	0.026991006
1016	0.0362154	0.045271397	0.027159403
1017	0.0362724	0.045275855	0.027268945
1018	0.0362796	0.045314992	0.027244208
1019	0.036426	0.045615135	0.027236865
1020	0.036593	0.045855748	0.027330252
1021	0.0365988	0.045840982	0.027356618
1022	0.0364666	0.045795276	0.027137924
1023	0.036401	0.045886264	0.026915736
1024	0.0364592	0.046017775	0.026900625
1025	0.0365538	0.046062384	0.027045216
1026	0.0366606	0.046087128	0.027234072
1027	0.0368028	0.046197248	0.027408352
1028	0.0368632	0.046240677	0.027485723
1029	0.036812	0.046191726	0.027432274
1030	0.0368416	0.046314401	0.027368799
1031	0.0369874	0.04639281	0.02758199
1032	0.0370524	0.046349085	0.027755715
1033	0.0371512	0.046520471	0.027781929
1034	0.0373732	0.04686921	0.02787719
1035	0.0374404	0.047040614	0.027840186
1036	0.0373396	0.047121257	0.027557943
1037	0.0373746	0.047345194	0.027404006
1038	0.037509	0.047502362	0.027515638
1039	0.0375896	0.047511984	0.027667216
1040	0.037697	0.047584208	0.027809792
1041	0.0378656	0.047751244	0.027979956
1042	0.0379994	0.047824234	0.028174566
1043	0.0381352	0.047907257	0.028363143
1044	0.0381996	0.048132934	0.028266266
1045	0.0380962	0.048225277	0.027967123
1046	0.0379492	0.048116249	0.027782151
1047	0.0379234	0.048024136	0.027822664
1048	0.0379378	0.047886358	0.027989242
1049	0.0379782	0.047898669	0.028057731
1050	0.0380628	0.048035178	0.028090422
1051	0.0381802	0.048112675	0.028247725
1052	0.0383338	0.04821996	0.02844764
1053	0.0385152	0.048406874	0.028623526
1054	0.038651	0.048548624	0.028753376
1055	0.038699	0.048601864	0.028796136
1056	0.0387256	0.048664753	0.028786447
1057	0.0386946	0.04876275	0.02862645
1058	0.0386544	0.048877864	0.028430936
1059	0.0388018	0.049029821	0.028573779
1060	0.039013	0.049174216	0.028851784
1061	0.0390902	0.049237645	0.028942755
1062	0.039116	0.049292756	0.028939244
1063	0.0391248	0.04933012	0.02891948
1064	0.039139	0.049279622	0.028998378
1065	0.0392108	0.049254733	0.029166867
1066	0.0393804	0.049505792	0.029255008
1067	0.0394936	0.04977715	0.02921005
1068	0.0393968	0.049782632	0.029010968
1069	0.039362	0.049770437	0.028953563
1070	0.0395946	0.049956177	0.029233023
1071	0.0398154	0.050178936	0.029451864
1072	0.0398012	0.05026397	0.02933843
1073	0.0397632	0.050302128	0.029224272
1074	0.0397832	0.050433988	0.029132412
1075	0.0397934	0.050628341	0.028958459
1076	0.0397908	0.050609914	0.028971686
1077	0.0398724	0.05062004	0.02912476
1078	0.0399958	0.050779125	0.029212475
1079	0.040044	0.050795076	0.029292924
1080	0.0401254	0.050832257	0.029418543
1081	0.0402218	0.051071092	0.029372508
1082	0.0403168	0.051302306	0.029331294
1083	0.0404522	0.051463226	0.029441174
1084	0.040532	0.051593176	0.029470824
1085	0.0405356	0.051566205	0.029504995
1086	0.0405662	0.051526432	0.029605968
1087	0.040602	0.051511753	0.029692247
1088	0.04061	0.051512405	0.029707595
1089	0.0406746	0.051680264	0.029668936
1090	0.04079	0.051929135	0.029650865
1091	0.0408552	0.0520179	0.0296925
1092	0.0409216	0.052043102	0.029800098
1093	0.0409846	0.052007122	0.029962078
1094	0.0409788	0.051903828	0.030053772
1095	0.0410066	0.051931507	0.030081693
1096	0.0410796	0.052093751	0.030065449
1097	0.0411208	0.052228522	0.030013078
1098	0.041144	0.052238601	0.030049399
1099	0.0412132	0.052235774	0.030190626
1100	0.0413996	0.052428766	0.030370434
1101	0.0415498	0.052617732	0.030481868
1102	0.041435	0.052649179	0.030220821
1103	0.0413154	0.052682739	0.029948061
1104	0.04149	0.052897056	0.030082944
1105	0.0417258	0.05313621	0.03031539
1106	0.041823	0.053201949	0.030444051
1107	0.0418728	0.053227076	0.030518524
1108	0.0419118	0.05323095	0.03059265
1109	0.0419626	0.053292174	0.030633026
1110	0.042043	0.053399547	0.030686453
1111	0.0421138	0.053444915	0.030782685
1112	0.0421718	0.053578203	0.030765397
1113	0.0422342	0.053843078	0.030625322
1114	0.0422936	0.054049696	0.030537504
1115	0.0424454	0.054211467	0.030679333
1116	0.042623	0.054393461	0.030852539
1117	0.0426066	0.054348427	0.030864773
1118	0.0425416	0.054230621	0.030852579
1119	0.0423986	0.053956688	0.030840512
1120	0.0422932	0.053731456	0.030854944
1121	0.0426858	0.054222256	0.031149344
1122	0.0431274	0.054782743	0.031472057
1123	0.043341	0.055203572	0.031478428
1124	0.0435818	0.055716131	0.031447469
1125	0.043383	0.05555206	0.03121394
1126	0.0429938	0.055075916	0.030911684
1127	0.0431746	0.055184145	0.031165055
1128	0.043619	0.055680674	0.031557326
1129	0.0438776	0.055959174	0.031796026
1130	0.0439974	0.055981983	0.032012817
1131	0.044094	0.056009697	0.032178303
1132	0.0442452	0.056092694	0.032397706
1133	0.0443528	0.056205587	0.032500013
1134	0.0442428	0.056327653	0.032157947
1135	0.0441726	0.056443275	0.031901925
1136	0.0444202	0.056608254	0.032232146
1137	0.0446412	0.056749743	0.032532657
1138	0.0446232	0.056626255	0.032620145
1139	0.0445932	0.056503997	0.032682403
1140	0.0446698	0.056841816	0.032497784
1141	0.0447382	0.057183834	0.032292566
1142	0.0448278	0.057275564	0.032380036
1143	0.0449522	0.057373096	0.032531304
1144	0.045106	0.057565062	0.032646938
1145	0.0452636	0.057760234	0.032766966
1146	0.0453534	0.057922331	0.032784469
1147	0.0453698	0.058046112	0.032693488
1148	0.0453446	0.058039467	0.032649733
1149	0.0452976	0.057900542	0.032694658
1150	0.0453576	0.057957964	0.032757236
1151	0.045611	0.05836597	0.03285603
1152	0.0458234	0.058712909	0.032933891
1153	0.0459354	0.058901002	0.032969798
1154	0.046029	0.059051608	0.033006392
1155	0.0460138	0.059049127	0.032978473
1156	0.0459996	0.059050501	0.032948699
1157	0.0460826	0.059164706	0.033000494
1158	0.0461658	0.059273559	0.033058041
1159	0.0463062	0.059496539	0.033115861
1160	0.0464432	0.059727077	0.033159323
1161	0.0465324	0.059876604	0.033188196
1162	0.0466066	0.059994676	0.033218524
1163	0.0466828	0.060058598	0.033307002
1164	0.0467586	0.060091284	0.033425916
1165	0.0468188	0.060138377	0.033499223
1166	0.0468654	0.060202822	0.033527978
1167	0.0469174	0.060270008	0.033564792
1168	0.0469748	0.060333275	0.033616325
1169	0.0470524	0.060425985	0.033678815
1170	0.047188	0.060600865	0.033775135
1171	0.0473062	0.0607518	0.0338606
1172	0.0473452	0.060779669	0.033910731
1173	0.047387	0.060817825	0.033956175
1174	0.0474816	0.061004534	0.033958666
1175	0.0475758	0.061191417	0.033960183
1176	0.0476682	0.061419991	0.033916409
1177	0.04776	0.061650849	0.033869151
1178	0.0478342	0.061672518	0.033995882
1179	0.0479046	0.061650945	0.034158255
1180	0.0479884	0.061702866	0.034273934
1181	0.0480762	0.061784157	0.034368243
1182	0.0481376	0.06194503	0.03433017
1183	0.0481822	0.062152631	0.034211769
1184	0.0482692	0.062273242	0.034265158
1185	0.0483994	0.062307164	0.034491636
1186	0.0484934	0.062371467	0.034615333
1187	0.0485282	0.062481806	0.034574594
1188	0.0485646	0.062551766	0.034577434
1189	0.048616	0.062538049	0.034693951
1190	0.048687	0.06256856	0.03480544
1191	0.0488466	0.062798043	0.034895157
1192	0.048994	0.063020171	0.034967829
1193	0.0489994	0.063144173	0.034854627
1194	0.0490048	0.063266976	0.034742624
1195	0.0490872	0.063363422	0.034810978
1196	0.049175	0.063462281	0.034887719
1197	0.0493062	0.063652778	0.034959622
1198	0.049433	0.063845094	0.035020906
1199	0.0495286	0.064023102	0.035034098
1200	0.0496238	0.064210154	0.035037446
1201	0.049672	0.064310013	0.035033987
1202	0.0496978	0.064361479	0.035034121
1203	0.049785	0.064464836	0.035105164
1204	0.049914	0.064598391	0.035229609
1205	0.0500228	0.0646835	0.0353621
1206	0.0501006	0.064733189	0.035468011
1207	0.0501776	0.064835862	0.035519338
1208	0.0502772	0.065025346	0.035529054
1209	0.0503758	0.065180055	0.035571545
1210	0.0504738	0.065255673	0.035691927
1211	0.050563	0.065337596	0.035788404
1212	0.050602	0.065434137	0.035769863
1213	0.0506536	0.065542665	0.035764535
1214	0.050733	0.065643235	0.035822765
1215	0.0508076	0.065736498	0.035878702
1216	0.0508614	0.065836155	0.035886645
1217	0.0509238	0.065958753	0.035888847
1218	0.0509864	0.066021466	0.035951334
1219	0.051048	0.066059858	0.036036142
1220	0.0511804	0.066209517	0.036151283
1221	0.0513328	0.066405489	0.036260111
1222	0.0514042	0.066550707	0.036257693
1223	0.051446	0.06666329	0.03622871
1224	0.0514946	0.066733656	0.036255544
1225	0.051549	0.066779896	0.036318104
1226	0.0516624	0.066903525	0.036421275
1227	0.0518284	0.067108289	0.036548511
1228	0.051939	0.06724352	0.03663448
1229	0.0519508	0.067235891	0.036665709
1230	0.0519692	0.067257224	0.036681176
1231	0.0520268	0.067392881	0.036660719
1232	0.0520878	0.067504991	0.036670609
1233	0.0521892	0.067574519	0.036803881
1234	0.0523008	0.067675922	0.036925678
1235	0.0523868	0.067836704	0.036936896
1236	0.0524644	0.067988916	0.036939884
1237	0.052498	0.068161383	0.036834617
1238	0.0525336	0.068345824	0.036721376
1239	0.0526292	0.068376501	0.036881899
1240	0.0527508	0.068404103	0.037097497
1241	0.0528194	0.068462172	0.037176628
1242	0.0528538	0.068500105	0.037207495
1243	0.0529216	0.068675065	0.037168135
1244	0.053009	0.068930342	0.037087658
1245	0.0531082	0.069084665	0.037131735
1246	0.0532218	0.069174751	0.037268849
1247	0.0532948	0.069228513	0.037361087
1248	0.053323	0.069234444	0.037411556
1249	0.0533902	0.069311839	0.037468561
1250	0.0534914	0.069487164	0.037495636
1251	0.0535822	0.069660584	0.037503816
1252	0.053701	0.069816926	0.037585074
1253	0.053828	0.069946504	0.037709496
1254	0.0538776	0.070011486	0.037743714
1255	0.0539158	0.070101772	0.037729828
1256	0.054013	0.070275311	0.037750689
1257	0.0541154	0.070428693	0.037802107
1258	0.0541826	0.070435755	0.037929445
1259	0.0542434	0.070442384	0.038044416
1260	0.0543206	0.070517557	0.038123643
1261	0.0544116	0.07060582	0.03821738
1262	0.0545302	0.070792076	0.038268324
1263	0.0546382	0.070976929	0.038299471
1264	0.054742	0.07114988	0.03833412
1265	0.054855	0.071333272	0.038376728
1266	0.0549506	0.071490604	0.038410596
1267	0.0550342	0.071638896	0.038429504
1268	0.0551094	0.071790567	0.038428233
1269	0.0551828	0.071921027	0.038444573
1270	0.0552106	0.071943885	0.038477315
1271	0.0552054	0.071910607	0.038500193
1272	0.0552998	0.07200567	0.03859393
1273	0.0554958	0.07225426	0.03873734
1274	0.0556272	0.072437995	0.038816405
1275	0.0556326	0.072449761	0.038815439
1276	0.0556322	0.072441326	0.038823074
1277	0.055726	0.072513078	0.038938922
1278	0.0558474	0.07262736	0.03906744
1279	0.0559364	0.072765616	0.039107184
1280	0.0560074	0.07288069	0.03913411
1281	0.0560488	0.072989582	0.039108018
1282	0.0561016	0.073127569	0.039075631
1283	0.0562328	0.073346765	0.039118835
1284	0.0563676	0.073545366	0.039189834
1285	0.0564516	0.073603806	0.039299394
1286	0.0565206	0.073651857	0.039389343
1287	0.056585	0.073755123	0.039414877
1288	0.0566772	0.073905523	0.039448877
1289	0.0567854	0.074094641	0.039476159
1290	0.0568636	0.074250706	0.039476494
1291	0.0569156	0.074374197	0.039457003
1292	0.0569664	0.074507797	0.039425003
1293	0.0570444	0.07467182	0.03941698
1294	0.0571504	0.074874286	0.039426514
1295	0.0572442	0.074952317	0.039536083
1296	0.0573094	0.074864463	0.039754337
1297	0.0573726	0.074861252	0.039883948
1298	0.0574736	0.074986969	0.039960231
1299	0.057608	0.075179188	0.040036812
1300	0.057757	0.075492842	0.040021158
1301	0.0578766	0.075751167	0.040002033
1302	0.05791	0.075831994	0.039988006
1303	0.0579572	0.07592675	0.03998765
1304	0.058101	0.076166946	0.040035054
1305	0.058234	0.076367672	0.040100328
1306	0.0582432	0.076275692	0.040210708
1307	0.0582374	0.076188758	0.040286042
1308	0.058235	0.07627244	0.04019756
1309	0.0582526	0.076383081	0.040122119
1310	0.0583814	0.076553837	0.040208963
1311	0.0585202	0.076724098	0.040316302
1312	0.058682	0.076889155	0.040474845
1313	0.0588574	0.077066532	0.040648268
1314	0.0589666	0.077126721	0.040806479
1315	0.059032	0.077157179	0.040906821
1316	0.0590502	0.077243961	0.040856439
1317	0.0590794	0.077371225	0.040787575
1318	0.0591454	0.07744629	0.04084451
1319	0.0592004	0.077452406	0.040948394
1320	0.0592532	0.077494025	0.041012375
1321	0.0593788	0.077654975	0.041102625
1322	0.0595046	0.077872339	0.041136861
1323	0.0595284	0.077991562	0.041065238
1324	0.0595374	0.077973286	0.041101514
1325	0.0595632	0.07793222	0.04119418
1326	0.0596368	0.078069562	0.041204038
1327	0.0598754	0.078496675	0.041254125
1328	0.0600576	0.078867106	0.041248094
1329	0.059935	0.078843423	0.041026577
1330	0.0597884	0.078695909	0.040880891
1331	0.0597468	0.078483579	0.041010021
1332	0.0597628	0.078398947	0.041126653
1333	0.0600138	0.078717134	0.041310466
1334	0.0602588	0.078998045	0.041519555
1335	0.060381	0.079056808	0.041705192
1336	0.0604958	0.079123561	0.041868039
1337	0.0605736	0.079261684	0.041885516
1338	0.0606472	0.079409441	0.041884959
1339	0.0608094	0.079588656	0.042030144
1340	0.0609926	0.079757979	0.042227221
1341	0.0611586	0.079818217	0.042498983
1342	0.061332	0.079892883	0.042771117
1343	0.0614052	0.080178581	0.042631819
1344	0.061498	0.080562392	0.042433608
1345	0.0615276	0.080496156	0.042559044
1346	0.0614804	0.080210154	0.042750646
1347	0.061538	0.080383319	0.042692681
1348	0.06171	0.080950599	0.042469401
1349	0.0615962	0.080922258	0.042270142
1350	0.0611534	0.080134642	0.042172158
1351	0.0611038	0.079866907	0.042340693
1352	0.0616384	0.080730586	0.042546214
1353	0.0620204	0.081307185	0.042733615
1354	0.061476	0.080396757	0.042555243
1355	0.0604164	0.079687136	0.041145664
1356	0.0598616	0.080480845	0.039242355
1357	0.0599252	0.081805882	0.038044518
1358	0.0613224	0.082178488	0.040466312
1359	0.0620334	0.082527229	0.041539571
1360	0.060298	0.078409819	0.042186181
1361	0.0595214	0.074470196	0.044572604
1362	0.0548586	0.075373932	0.034343268
1363	0.0468086	0.084328262	0.009288938
1364	0.0522822	0.083596222	0.020968178
1365	0.0644928	0.10089478	0.02809082
1366	0.0823202	0.117120327	0.047520073
1367	0.095136	0.134527218	0.055744782
1368	0.082644	0.103225648	0.062062352
1369	0.0710896	0.110317404	0.031861796
1370	0.0580022	0.091996364	0.024008036
1371	0.0493028	0.077562617	0.021042983
1372	0.0597926	0.086616961	0.032968239
1373	0.0676214	0.097012525	0.038230275
1374	0.0686224	0.097181952	0.040062848
1375	0.0716196	0.107802268	0.035436932
1376	0.068654	0.09306355	0.04424445
1377	0.0613844	0.074841827	0.047926973
1378	0.057756	0.076332135	0.039179865
1379	0.0560004	0.08517283	0.02682797
1380	0.0590226	0.085125083	0.032920117
1381	0.068502	0.090013723	0.046990277
1382	0.0756988	0.100304655	0.051092945
1383	0.0734738	0.098657517	0.048290083
1384	0.0671198	0.087764026	0.046475574
1385	0.061873	0.087498067	0.036247933
1386	0.0628114	0.092088182	0.033534618
1387	0.0672848	0.09516307	0.03940653
1388	0.0672688	0.09022379	0.04431381
1389	0.0651772	0.081038274	0.049316126
1390	0.0659304	0.08188189	0.04997891
1391	0.06799	0.089634409	0.046345591
1392	0.066533	0.091078581	0.041987419
1393	0.0644002	0.087348834	0.041451566
1394	0.0633892	0.085575684	0.041202716
1395	0.0622882	0.08401173	0.04056467
1396	0.062877	0.085294938	0.040459062
1397	0.06283	0.085987198	0.039672802
1398	0.0616828	0.084564196	0.038801404
1399	0.0605874	0.08088899	0.04028581
1400	0.060635	0.079685832	0.041584168
1401	0.0643188	0.086396413	0.042241187
1402	0.0670852	0.091427126	0.042743274
1403	0.068522	0.091859774	0.045184226
1404	0.0702758	0.09321911	0.04733249
1405	0.0685236	0.090906995	0.046140205
1406	0.0659322	0.087455224	0.044409176
1407	0.0656402	0.087418694	0.043861706
1408	0.0657762	0.087834518	0.043717882
1409	0.06596	0.088414799	0.043505201
1410	0.0665866	0.089554643	0.043618557
1411	0.0678452	0.090299288	0.045391112
1412	0.0690804	0.091295089	0.046865711
1413	0.0690968	0.091458879	0.046734721
1414	0.0684044	0.091077357	0.045731443
1415	0.068136	0.090832289	0.045439711
1416	0.0681582	0.090480918	0.045835482
1417	0.0682976	0.090154177	0.046441023
1418	0.0684384	0.090159429	0.046717371
1419	0.06848	0.090528765	0.046431235
1420	0.0686368	0.090912226	0.046361374
1421	0.0691444	0.091100872	0.047187928
1422	0.0698366	0.091374258	0.048298942
1423	0.0699734	0.091377856	0.048568944
1424	0.0694822	0.09110481	0.04785959
1425	0.0691996	0.091248315	0.047150885
1426	0.069233	0.091772315	0.046693685
1427	0.069281	0.091974822	0.046587178
1428	0.0694236	0.091746613	0.047100587
1429	0.0695268	0.091611004	0.047442596
1430	0.0697282	0.091703726	0.047752674
1431	0.0700042	0.091989593	0.048018807
1432	0.0699708	0.092392049	0.047549551
1433	0.0698112	0.092597147	0.047025253
1434	0.069729	0.092700705	0.046757295
1435	0.0697666	0.092900043	0.046633157
1436	0.0698884	0.09296938	0.04680742
1437	0.0700244	0.093033976	0.047014824
1438	0.0702126	0.093282832	0.047142368
1439	0.0702986	0.093389177	0.047208023
1440	0.0702762	0.092996926	0.047555474
1441	0.0703252	0.092766257	0.047884143
1442	0.070455	0.09303421	0.04787579
1443	0.0705184	0.093319707	0.047717093
1444	0.0706132	0.09360411	0.04762229
1445	0.0707942	0.093816815	0.047771585
1446	0.070942	0.09379389	0.04809011
1447	0.0709568	0.093759727	0.048153873
1448	0.0707212	0.09363667	0.04780573
1449	0.0705958	0.093571307	0.047620293
1450	0.0709994	0.093924443	0.048074357
1451	0.0713604	0.09423993	0.04848087
1452	0.0713806	0.094207081	0.048554119
1453	0.071392	0.094184069	0.048599931
1454	0.0714806	0.094472991	0.048488209
1455	0.0715644	0.094771156	0.048357644
1456	0.0714844	0.094748812	0.048219988
1457	0.0713892	0.094695209	0.048083191
1458	0.071422	0.094839935	0.048004065
1459	0.0714788	0.094981316	0.047976284
1460	0.071571	0.095009421	0.048132579
1461	0.0716526	0.095019601	0.048285599
1462	0.0717068	0.095062559	0.048351041
1463	0.0717886	0.09519175	0.04838545
1464	0.0719204	0.095459497	0.048381303
1465	0.0720558	0.095703314	0.048408286
1466	0.0722764	0.095867088	0.048685712
1467	0.0725458	0.09597511	0.04911649
1468	0.0725934	0.095937201	0.049249599
1469	0.0724984	0.095898247	0.049098553
1470	0.0725696	0.096098341	0.049040859
1471	0.0727594	0.096448165	0.049070635
1472	0.072932	0.096772235	0.049091765
1473	0.0730908	0.09699586	0.04918574
1474	0.0731412	0.097089693	0.049192707
1475	0.0730826	0.097108521	0.049056679
1476	0.0731658	0.097146519	0.049185081
1477	0.0734242	0.097172453	0.049675947
1478	0.0735992	0.097274294	0.049924106
1479	0.0736768	0.097537963	0.049815637
1480	0.0737732	0.097756849	0.049789551
1481	0.0738838	0.097940133	0.049827467
1482	0.074002	0.098122508	0.049881492
1483	0.0741508	0.098265646	0.050035954
1484	0.0742838	0.098408889	0.050158711
1485	0.074401	0.098532568	0.050269432
1486	0.0745272	0.098714367	0.050340033
1487	0.0746442	0.099057384	0.050231016
1488	0.0747156	0.099281113	0.050150087
1489	0.0747626	0.099297812	0.050227388
1490	0.07486	0.099353219	0.050366781
1491	0.0749616	0.099418692	0.050504508
1492	0.0750498	0.099504525	0.050595075
1493	0.0752394	0.099737667	0.050741133
1494	0.075398	0.099952814	0.050843186
1495	0.0754318	0.100078122	0.050785478
1496	0.0754672	0.100188051	0.050746349
1497	0.0755002	0.100291802	0.050708598
1498	0.0755404	0.100379641	0.050701159
1499	0.07552	0.100300668	0.050739332
1500	0.0755154	0.100255759	0.050775041
1501	0.07579	0.100555733	0.051024267
1502	0.0760364	0.100842763	0.051230037
1503	0.0761766	0.101078952	0.051274248
1504	0.0763294	0.101309231	0.051349569
1505	0.076454	0.101449481	0.051458519
1506	0.0765608	0.101569745	0.051551855
1507	0.0765642	0.101640007	0.051488393
1508	0.0765642	0.101727855	0.051400545
1509	0.0766186	0.101894096	0.051343104
1510	0.076693	0.102063497	0.051322503
1511	0.0769116	0.102349884	0.051473316
1512	0.0771194	0.102627576	0.051611224
1513	0.077209	0.102715798	0.051702202
1514	0.0772994	0.102790258	0.051808542
1515	0.0773538	0.102789968	0.051917632
1516	0.0773952	0.102788446	0.052001954
1517	0.077502	0.102937628	0.052066372
1518	0.0776184	0.103099348	0.052137452
1519	0.0777446	0.103287172	0.052202028
1520	0.0778828	0.103492993	0.052272607
1521	0.077965	0.103651502	0.052278498
1522	0.0780222	0.103765807	0.052278593
1523	0.0781268	0.103855492	0.052398108
1524	0.0782534	0.103972339	0.052534461
1525	0.0783686	0.104226944	0.052510256
1526	0.0784766	0.104492888	0.052460312
1527	0.0786736	0.10465893	0.05268827
1528	0.0788706	0.104798165	0.052943035
1529	0.078906	0.104890231	0.052921769
1530	0.0789286	0.104989626	0.052867574
1531	0.07907	0.105193331	0.052946669
1532	0.079234	0.105421248	0.053046752
1533	0.0793602	0.105552251	0.053168149
1534	0.0794702	0.105652815	0.053287585
1535	0.0795714	0.10583295	0.05330985
1536	0.0796722	0.106035629	0.053308771
1537	0.079753	0.106154321	0.053351679
1538	0.0798198	0.106230793	0.053408807
1539	0.0799262	0.106381429	0.053470971
1540	0.080057	0.106577558	0.053536442
1541	0.0801086	0.106617949	0.053599251
1542	0.0801388	0.106612666	0.053664934
1543	0.0802548	0.106725522	0.053784078
1544	0.0803784	0.106854084	0.053902716
1545	0.0804668	0.106995537	0.053938063
1546	0.0805596	0.107167442	0.053951758
1547	0.0806994	0.107386189	0.054012611
1548	0.080856	0.107621888	0.054090112
1549	0.0809412	0.107780407	0.054101993
1550	0.0810086	0.107893919	0.054123281
1551	0.0810762	0.107960316	0.054192084
1552	0.0811262	0.108015133	0.054237267
1553	0.0812178	0.108156354	0.054279246
1554	0.0813438	0.108341342	0.054346258
1555	0.0814768	0.10855097	0.05440263
1556	0.0816022	0.108766879	0.054437521
1557	0.081694	0.108886867	0.054501133
1558	0.0817714	0.108962548	0.054580252
1559	0.0819106	0.109124117	0.054697083
1560	0.0820806	0.109323265	0.054837935
1561	0.082159	0.109440092	0.054877908
1562	0.0821918	0.109528156	0.054855444
1563	0.0822954	0.109680823	0.054909977
1564	0.0824398	0.109865385	0.055014215
1565	0.0826144	0.110088492	0.055140308
1566	0.082817	0.110342395	0.055291605
1567	0.082943	0.110455944	0.055430056
1568	0.08301	0.110471636	0.055548364
1569	0.0831466	0.110606618	0.055686582
1570	0.083326	0.110829351	0.055822649
1571	0.083422	0.111058775	0.055785225
1572	0.0834698	0.111276072	0.055663528
1573	0.0835978	0.111390302	0.055805298
1574	0.0837854	0.111464884	0.056105916
1575	0.0839294	0.111688707	0.056170093
1576	0.084036	0.111988295	0.056083705
1577	0.0840816	0.11204476	0.05611844
1578	0.0840928	0.111944842	0.056240758
1579	0.0841628	0.112028031	0.056297569
1580	0.0842658	0.112234468	0.056297132
1581	0.0843728	0.112496575	0.056249025
1582	0.0844818	0.112794433	0.056169167
1583	0.0845716	0.112936335	0.056206865
1584	0.084653	0.112976196	0.056329804
1585	0.08477	0.113010672	0.056529328
1586	0.0849118	0.113046554	0.056777046
1587	0.0850528	0.113240401	0.056865199
1588	0.085188	0.113536716	0.056839284
1589	0.085266	0.113656303	0.056875697
1590	0.0853186	0.113655416	0.056981784
1591	0.0854366	0.113823784	0.057049416
1592	0.085587	0.114106382	0.057067618
1593	0.0856824	0.114289058	0.057075742
1594	0.0857388	0.114403674	0.057073926
1595	0.0858408	0.114572191	0.057109409
1596	0.0859844	0.114790165	0.057178635
1597	0.0861558	0.114982066	0.057329534
1598	0.086341	0.115146521	0.057535479
1599	0.0864294	0.115236636	0.057622164
1600	0.0864514	0.115276115	0.057626685
1601	0.0865134	0.115401391	0.057625409
1602	0.0866104	0.115585679	0.057635121
1603	0.0866976	0.115720437	0.057674763
1604	0.0867722	0.115824811	0.057719589
1605	0.0869132	0.11604805	0.05777835
1606	0.0870992	0.116345983	0.057852417
1607	0.0872392	0.116443709	0.058034691
1608	0.0873514	0.116420905	0.058281895
1609	0.0874834	0.116630629	0.058336171
1610	0.0876262	0.116979336	0.058273064
1611	0.0876534	0.117051355	0.058255445
1612	0.0876176	0.116970995	0.058264205
1613	0.0877082	0.117089277	0.058327123
1614	0.0878614	0.117306523	0.058416277
1615	0.0879562	0.117342207	0.058570193
1616	0.088025	0.117289876	0.058760124
1617	0.0881718	0.117494719	0.058848881
1618	0.0883568	0.117824412	0.058889188
1619	0.0884914	0.118083806	0.058898994
1620	0.0886006	0.118310506	0.058890694
1621	0.088725	0.118491045	0.058958955
1622	0.0888568	0.118651951	0.059061649
1623	0.0889794	0.11882137	0.05913743
1624	0.0890984	0.118994185	0.059202615
1625	0.0892126	0.119099957	0.059325243
1626	0.0893246	0.119178939	0.059470261
1627	0.0894852	0.119358151	0.059612249
1628	0.0896646	0.11957656	0.05975264
1629	0.0898686	0.119772741	0.059964459
1630	0.090082	0.119962013	0.060201987
1631	0.090158	0.120122805	0.060193195
1632	0.0901916	0.120276972	0.060106228
1633	0.0902986	0.12046938	0.06012782
1634	0.0904278	0.120673494	0.060182106
1635	0.0905258	0.12081673	0.06023487
1636	0.0906168	0.120948632	0.060284968
1637	0.0906946	0.120994714	0.060394486
1638	0.0907688	0.121016286	0.060521314
1639	0.0908998	0.121234291	0.060565309
1640	0.0910448	0.121499165	0.060590435
1641	0.0911436	0.121570958	0.060716242
1642	0.0912342	0.121608279	0.060860121
1643	0.0913788	0.121890618	0.060866982
1644	0.0915312	0.122212293	0.060850107
1645	0.0915952	0.122246109	0.060944291
1646	0.0916468	0.122238401	0.061055199
1647	0.091804	0.122509623	0.061098377
1648	0.091974	0.122816761	0.061131239
1649	0.0920604	0.122949228	0.061171572
1650	0.0921422	0.123068562	0.061215838
1651	0.092188	0.123059079	0.061316921
1652	0.0922246	0.123034382	0.061414818
1653	0.0923184	0.123256729	0.061380071
1654	0.0924212	0.123494275	0.061348125
1655	0.0926456	0.123618494	0.061672706
1656	0.0928712	0.123742214	0.062000186
1657	0.0930254	0.124057496	0.061993304
1658	0.0931722	0.124367073	0.061977327
1659	0.0932236	0.124332008	0.062115192
1660	0.0932796	0.12430276	0.06225644
1661	0.0933824	0.124499109	0.062265691
1662	0.0934928	0.124710628	0.062274972
1663	0.0936932	0.125009002	0.062377398
1664	0.0938906	0.125297714	0.062483486
1665	0.094056	0.12553415	0.06257785
1666	0.0942104	0.125735749	0.062685051
1667	0.0942502	0.125658849	0.062841551
1668	0.0943026	0.125631655	0.062973545
1669	0.094429	0.125837346	0.063020654
1670	0.094556	0.12602404	0.06308796
1671	0.0946864	0.126181006	0.063191794
1672	0.0948022	0.126336576	0.063267824
1673	0.0948906	0.126469312	0.063311888
1674	0.095016	0.126650837	0.063381163
1675	0.095238	0.127008371	0.063467629
1676	0.0954284	0.127354991	0.063501809
1677	0.0955404	0.127646311	0.063434489
1678	0.0957028	0.127911171	0.063494429
1679	0.095958	0.128091831	0.063824169
1680	0.0960974	0.128184418	0.064010382
1681	0.09602	0.128123997	0.063916003
1682	0.0960446	0.128166524	0.063922676
1683	0.096233	0.128353921	0.064112079
1684	0.096363	0.128500667	0.064225333
1685	0.0964124	0.128619887	0.064204913
1686	0.0965072	0.12877649	0.06423791
1687	0.0966498	0.128965157	0.064334443
1688	0.0967476	0.129069946	0.064425254
1689	0.0968024	0.129070155	0.064534645
1690	0.0969366	0.129200255	0.064672945
1691	0.097174	0.129490448	0.064857552
1692	0.097293	0.129665325	0.064920675
1693	0.0972684	0.129699768	0.064837032
1694	0.0973462	0.12985673	0.06483567
1695	0.09753	0.130134696	0.064925304
1696	0.0976648	0.130267518	0.065062082
1697	0.0977614	0.130290794	0.065232006
1698	0.0978088	0.130415825	0.065201775
1699	0.0978164	0.130616711	0.065016089
1700	0.0979212	0.130881319	0.064961081
1701	0.0980858	0.131157311	0.065014289
1702	0.0983462	0.131364019	0.065328381
1703	0.0986454	0.131548902	0.065741898
1704	0.0988094	0.131785171	0.065833629
1705	0.0989128	0.132046548	0.065779052
1706	0.0989922	0.132169516	0.065814884
1707	0.0990856	0.132262585	0.065908615
1708	0.0992188	0.132471497	0.065966103
1709	0.0993556	0.132716491	0.065994709
1710	0.0994682	0.132865581	0.066070819
1711	0.099585	0.132970874	0.066199126
1712	0.0995976	0.132956973	0.066238227
1713	0.099583	0.132959964	0.066206036
1714	0.0995586	0.133075249	0.066041951
1715	0.0995432	0.133180544	0.065905856
1716	0.099672	0.133174105	0.066169895
1717	0.099819	0.13318857	0.06644943
1718	0.099971	0.133529256	0.066412744
1719	0.100109	0.133869026	0.066348974
1720	0.1001854	0.1339377	0.0664331
1721	0.100247	0.133985566	0.066508434
1722	0.1002626	0.133959901	0.066565299
1723	0.1003358	0.134006895	0.066664705
1724	0.100595	0.134381985	0.066808015
1725	0.1008198	0.134698843	0.066940757
1726	0.1009166	0.134742224	0.067090976
1727	0.1009896	0.134775957	0.067203243
1728	0.1009752	0.134804648	0.067145752
1729	0.1009874	0.134829759	0.067145041
1730	0.1010984	0.134902813	0.067293987
1731	0.101134	0.13494699	0.06732101
1732	0.100997	0.134891082	0.067102918
1733	0.1009716	0.13487652	0.06706668
1734	0.1011398	0.134908669	0.067370931
1735	0.101328	0.135132103	0.067523897
1736	0.1015376	0.135617787	0.067457413
1737	0.1016442	0.135858509	0.067429891
1738	0.1016636	0.135883337	0.067443863
1739	0.1017538	0.13601922	0.06748838
1740	0.1018514	0.136187545	0.067515255
1741	0.1018696	0.136264474	0.067474726
1742	0.101855	0.136289758	0.067420242
1743	0.1020288	0.136476428	0.067581172
1744	0.1023156	0.136781735	0.067849465
1745	0.1024172	0.136991045	0.067843355
1746	0.1024456	0.137162941	0.067728259
1747	0.1025412	0.137253053	0.067829347
1748	0.102656	0.137277845	0.068034155
1749	0.1027462	0.13733108	0.06816132
1750	0.1028316	0.137394932	0.068268268
1751	0.102825	0.137394951	0.068255049
1752	0.1027634	0.137375414	0.068151386
1753	0.1028458	0.137557873	0.068133727
1754	0.1029696	0.137787789	0.068151411
1755	0.103114	0.137858755	0.068369245
1756	0.1032536	0.137922983	0.068584217
1757	0.1034434	0.138181122	0.068705678
1758	0.103665	0.13848605	0.06884395
1759	0.1037578	0.138788661	0.068726939
1760	0.1038074	0.139065128	0.068549672
1761	0.10374	0.138970709	0.068509291
1762	0.1037138	0.138898171	0.068529429
1763	0.1038132	0.139023537	0.068602863
1764	0.1039456	0.139168863	0.068722337
1765	0.1042656	0.13950062	0.06903058
1766	0.1046026	0.139824938	0.069380262
1767	0.1048456	0.140054522	0.069636678
1768	0.1049418	0.140186943	0.069696657
1769	0.1048016	0.140075754	0.069527446
1770	0.1048038	0.140044261	0.069563339
1771	0.1050778	0.140235525	0.069920075
1772	0.1052766	0.140439894	0.070113306
1773	0.1053554	0.140541236	0.070169564
1774	0.1052922	0.140493978	0.070090422
1775	0.1050896	0.14038923	0.06978997
1776	0.1050274	0.140424986	0.069629814
1777	0.105093	0.140588053	0.069597947
1778	0.1051674	0.140632838	0.069701962
1779	0.1052388	0.140554264	0.069923336
1780	0.1053206	0.140851581	0.069789619
1781	0.1053838	0.14131054	0.06945706
1782	0.1056572	0.141591915	0.069722485
1783	0.1060068	0.141811866	0.070201734
1784	0.1062506	0.142203452	0.070297748
1785	0.106455	0.142645176	0.070264824
1786	0.1064982	0.142490192	0.070506208
1787	0.1065366	0.14233842	0.07073478
1788	0.1064478	0.14253801	0.07035759
1789	0.1064598	0.142811903	0.070107697
1790	0.107007	0.143002795	0.071011205
1791	0.1073972	0.143114976	0.071679424
1792	0.1070224	0.143090601	0.070954199
1793	0.1066706	0.143027318	0.070313882
1794	0.1065168	0.142600504	0.070433096
1795	0.1064728	0.142321343	0.070624257
1796	0.1066474	0.142863584	0.070431216
1797	0.1068666	0.143300436	0.070432764
1798	0.107024	0.14314893	0.07089907
1799	0.1070916	0.143139604	0.071043596
1800	0.1073414	0.143507229	0.071175571
1801	0.1112288	0.148753649	0.073703951
1802	0.1107272	0.150728178	0.070726222
1803	0.1107392	0.151873366	0.069605034
1804	0.1096582	0.149889041	0.069427359
1805	0.1061046	0.142045324	0.070163876
1806	0.1033248	0.135569391	0.071080209
1807	0.1070178	0.139523862	0.074511738
1808	0.109111	0.1454989	0.0727231
1809	0.1155764	0.149195968	0.081956832
1810	0.1235216	0.151376621	0.095666579
1811	0.1220184	0.144227197	0.099809603
1812	0.1185012	0.130734168	0.106268232
1813	0.1177536	0.130840017	0.104667183
1814	0.1176166	0.138210285	0.097022915
1815	0.1169068	0.14571847	0.08809513
1816	0.1234068	0.151632375	0.095181225
1817	0.1258174	0.145446999	0.106187801
1818	0.1234108	0.161329706	0.085491894
1819	0.1205168	0.185339521	0.055694079
1820	0.1211358	0.194616707	0.047654893
1821	0.1284728	0.189047122	0.067898478
1822	0.13146	0.168660616	0.094259384
1823	0.1155322	0.142485089	0.088579311
1824	0.097359	0.146290253	0.048427747
1825	0.1097048	0.206090019	0.013319581
1826	0.1394384	0.296008447	-0.017131647
1827	0.1761654	0.366570122	-0.014239322
1828	0.1917478	0.37593791	0.00755769
1829	0.1991796	0.350039069	0.048320131
1830	0.231285	0.370974682	0.091595318
1831	0.3003116	0.444052722	0.156570478
1832	0.4290614	0.598691854	0.259430946
1833	0.7760338	1.196090585	0.355977015
1834	0.8720038	1.573158532	0.170849068
1835	0.6187922	1.261690031	-0.024105631
1836	0.9443414	1.710364771	0.178318029
1837	1.4713052	2.373561787	0.569048613
1838	0.5136872	0.904530043	0.122844357
1839	0.1814664	0.385489225	-0.022556425
1840	0.1037988	0.195920572	0.011677028
1841	0.126078	0.210053001	0.042102999
1842	0.244487	0.411568449	0.077405551
1843	0.3414796	0.713732703	-0.030773503
1844	0.2818846	0.600804891	-0.037035691
1845	0.2369484	0.475297042	-0.001400242
1846	0.1794208	0.39181114	-0.03296954
1847	0.1375654	0.292939677	-0.017808877
1848	0.136119	0.250233577	0.022004423
1849	0.2174412	0.393702086	0.041180314
1850	0.3495928	0.660643296	0.038542304
1851	0.6948592	1.272121154	0.117597246
1852	1.0297478	1.739687864	0.319807736
1853	0.8205524	1.304303123	0.336801677
1854	0.8215398	1.373497132	0.269582468
1855	0.8202402	1.554828769	0.085651631
1856	0.4375596	0.913326839	-0.038207639
1857	0.1898108	0.449548172	-0.069926572
1858	0.0954444	0.25467771	-0.06378891
1859	0.0876252	0.245927155	-0.070676755
1860	0.1044858	0.288571255	-0.079599655
1861	0.0922666	0.206146067	-0.021612867
1862	0.0707964	0.149676655	-0.008083855
1863	0.1371266	0.30183508	-0.02758188
1864	0.1884494	0.432218089	-0.055319289
1865	0.2081172	0.451732827	-0.035498427
1866	0.2565426	0.53738659	-0.02430139
1867	0.3929496	0.772464068	0.013435132
1868	0.4262078	0.847051846	0.005363754
1869	0.3938252	0.86045472	-0.07280432
1870	0.384794	0.922310961	-0.152722961
1871	0.2730206	0.7552523	-0.2092111
1872	0.1852108	0.463846543	-0.093424943
1873	0.1688788	0.322030695	0.015726905
1874	0.2634736	0.467194914	0.059752286
1875	0.3532058	0.654427055	0.051984545
1876	0.2902852	0.595629518	-0.015059118
1877	0.2072568	0.490486898	-0.075973298
1878	0.1987796	0.380916114	0.016643086
1879	0.18922	0.325076609	0.053363391
1880	0.1384794	0.256544803	0.020413997
1881	0.0968824	0.164451634	0.029313166
1882	0.0775744	0.113154079	0.041994721
1883	0.1171738	0.218371973	0.015975627
1884	0.1519076	0.314715048	-0.010899848
1885	0.1825382	0.36487739	0.00019901
1886	0.2114964	0.427518007	-0.004525207
1887	0.200116	0.373945976	0.026286024
1888	0.15584	0.268443559	0.043236441
1889	0.1213122	0.202808451	0.039815949
1890	0.1394494	0.235347438	0.043551362
1891	0.1656496	0.303486732	0.027812468
1892	0.1749622	0.329349122	0.020575278
1893	0.1827202	0.351595425	0.013844975
1894	0.1835474	0.336386281	0.030708519
1895	0.1843174	0.327598936	0.041035864
1896	0.190544	0.339633909	0.041454091
1897	0.218687	0.416390435	0.020983565
1898	0.2467914	0.510868079	-0.017285279
1899	0.243603	0.522401148	-0.035195148
1900	0.2246216	0.497022673	-0.047779473
1901	0.2028428	0.457651999	-0.051966399
1902	0.207956	0.523734226	-0.107822226
1903	0.232486	0.537224714	-0.072252714
1904	0.2429824	0.605100665	-0.119135865
1905	0.2425116	0.521101312	-0.036078112
1906	0.2776228	0.553340331	0.001905269
1907	0.3067428	0.625257518	-0.011771918
1908	0.3214998	0.686714237	-0.043714637
1909	0.2986762	0.663515648	-0.066163248
1910	0.2063706	0.470902346	-0.058161146
1911	0.1502482	0.344797347	-0.044300947
1912	0.0820258	0.173282779	-0.009231179
1913	0.0339302	0.098649925	-0.030789525
1914	0.0681228	0.117579987	0.018665613
1915	0.0958082	0.158435257	0.033181143
1916	0.1273528	0.202363627	0.052341973
1917	0.150839	0.240391976	0.061286024
1918	0.1509994	0.250424631	0.051574169
1919	0.1368628	0.237778124	0.035947476
1920	0.1321146	0.223892054	0.040337146
1921	0.141216	0.20924572	0.07318628
1922	0.1463514	0.204714415	0.087988385
1923	0.124107	0.178600088	0.069613912
1924	0.1045298	0.154667531	0.054392069
1925	0.1115522	0.162917221	0.060187179
1926	0.1243974	0.181105585	0.067689215
1927	0.1287694	0.180290823	0.077247977
1928	0.1236466	0.162802083	0.084491117
1929	0.1194068	0.153730614	0.085082986
1930	0.1190594	0.157525136	0.080593664
1931	0.1193346	0.164827552	0.073841648
1932	0.1222194	0.166363723	0.078075077
1933	0.1245912	0.171325264	0.077857136
1934	0.1148196	0.156144133	0.073495067
1935	0.1052858	0.143577679	0.066993921
1936	0.1076404	0.145291027	0.069989773
1937	0.1139378	0.152706916	0.075168684
1938	0.1185632	0.15928057	0.07784583
1939	0.1227414	0.166304432	0.079178368
1940	0.1258764	0.171107665	0.080645135
1941	0.12532	0.167359406	0.083280594
1942	0.1245188	0.16502355	0.08401405
1943	0.1222868	0.158815484	0.085758116
1944	0.1203268	0.154356985	0.086296615
1945	0.1169762	0.149335044	0.084617356
1946	0.1135706	0.145862033	0.081279167
1947	0.1153648	0.146489902	0.084239698
1948	0.1205596	0.149908557	0.091210643
1949	0.1251566	0.155164564	0.095148636
1950	0.1284706	0.16149671	0.09544449
1951	0.1305716	0.165816903	0.095326297
1952	0.127549	0.161186114	0.093911886
1953	0.1246552	0.156782858	0.092527542
1954	0.1224922	0.157976814	0.087007586
1955	0.1204502	0.159631441	0.081268959
1956	0.1197246	0.160948962	0.078500238
1957	0.1194258	0.162109584	0.076742016
1958	0.1192964	0.163386542	0.075206258
1959	0.119289	0.164808211	0.073769789
1960	0.118682	0.165353716	0.072010284
1961	0.1171124	0.164401833	0.069822967
1962	0.116083	0.16347682	0.06868918
1963	0.1170744	0.161532453	0.072616347
1964	0.1179266	0.15990298	0.07595022
1965	0.1200696	0.161923595	0.078215605
1966	0.122044	0.164184756	0.079903244
1967	0.1226372	0.165062535	0.080211865
1968	0.1226996	0.165387127	0.080012073
1969	0.1220936	0.163921675	0.080265525
1970	0.121078	0.161258543	0.080897457
1971	0.1202816	0.15981833	0.08074487
1972	0.119733	0.160167651	0.079298349
1973	0.1193976	0.160675085	0.078120115
1974	0.1196992	0.162134731	0.077263669
1975	0.1199798	0.163526636	0.076432964
1976	0.1204806	0.163181119	0.077780081
1977	0.1211162	0.162870034	0.079362366
1978	0.1214462	0.162559246	0.080333154
1979	0.1215498	0.162012918	0.081086682
1980	0.1216022	0.161947471	0.081256929
1981	0.1216592	0.162618381	0.080700019
1982	0.1215706	0.163213113	0.079928087
1983	0.1205976	0.16296858	0.07822662
1984	0.119555	0.162744885	0.076365115
1985	0.1192236	0.16258314	0.07586406
1986	0.1188948	0.162425499	0.075364101
1987	0.1186302	0.162189191	0.075071209
1988	0.1184052	0.162166993	0.074643407
1989	0.1187024	0.162521575	0.074883225
1990	0.1191434	0.163001804	0.075284996
1991	0.1196126	0.16353745	0.07568775
1992	0.1201578	0.163841074	0.076474526
1993	0.1201932	0.1634873	0.0768991
1994	0.1192756	0.162533422	0.076017778
1995	0.118443	0.161757432	0.075128568
1996	0.1179966	0.160787844	0.075205356
1997	0.1175084	0.159728968	0.075287832
1998	0.1172386	0.157801003	0.076676197
1999	0.116843	0.155393705	0.078292295
2000	0.1162564	0.154244251	0.078268549
2001	0.115573	0.153580171	0.077565829
2002	0.1161652	0.154988557	0.077341843
2003	0.1186872	0.159511366	0.077863034
2004	0.1202648	0.162630509	0.077899091
2005	0.119984	0.161242097	0.078725903
2006	0.120417	0.161320388	0.079513612
2007	0.1210816	0.163337537	0.078825663
2008	0.1216178	0.165423917	0.077811683
2009	0.1223832	0.166718879	0.078047521
2010	0.1232784	0.168266825	0.078289975
2011	0.1245858	0.169071393	0.080100207
2012	0.1256254	0.170389928	0.080860872
2013	0.1264836	0.172484697	0.080482503
2014	0.1270658	0.174457098	0.079674502
2015	0.1276098	0.17519563	0.08002397
2016	0.128704	0.175892591	0.081515409
2017	0.1291294	0.176250052	0.082008748
2018	0.1278128	0.17460668	0.08101892
2019	0.1269384	0.173664827	0.080211973
2020	0.127339	0.174702166	0.079975834
2021	0.1276848	0.175664902	0.079704698
2022	0.1273902	0.175306028	0.079474372
2023	0.1271034	0.174840979	0.079365821
2024	0.1279258	0.176093819	0.079757781
2025	0.129079	0.177678929	0.080479071
2026	0.1300214	0.178321285	0.081721515
2027	0.130822	0.178973376	0.082670624
2028	0.1314586	0.179450247	0.083466953
2029	0.1321102	0.179447363	0.084773037
2030	0.132535	0.179272036	0.085797964
2031	0.131947	0.17757222	0.08632178
2032	0.131386	0.175996937	0.086775063
2033	0.1301372	0.174607734	0.085666666
2034	0.1287502	0.173237079	0.084263321
2035	0.1283206	0.172957844	0.083683356
2036	0.1281972	0.172885402	0.083508998
2037	0.1286298	0.173100196	0.084159404
2038	0.1296334	0.173925605	0.085341195
2039	0.1305074	0.175199732	0.085815068
2040	0.1307784	0.176197317	0.085359483
2041	0.1311444	0.176935569	0.085353231
2042	0.1311658	0.176397406	0.085934194
2043	0.1307122	0.175404428	0.086019972
2044	0.1303058	0.175399419	0.085212181
2045	0.1301726	0.175768094	0.084577106
2046	0.1307746	0.176287861	0.085261339
2047	0.1312664	0.176514279	0.086018521
2048	0.1313912	0.177008434	0.085773966
2049	0.1311592	0.177236586	0.085081814
2050	0.1306282	0.176575446	0.084680954
2051	0.1304932	0.176193806	0.084792594
2052	0.1309768	0.176631823	0.085321777
2053	0.1317344	0.17793494	0.08553386
2054	0.1322402	0.178818012	0.085662388
2055	0.1326228	0.178230226	0.087015374
2056	0.1328052	0.177537198	0.088073202
2057	0.1318282	0.176975363	0.086681037
2058	0.1308618	0.176568734	0.085154866
2059	0.1312004	0.176729538	0.085671262
2060	0.13177	0.176893426	0.086646574
2061	0.1315474	0.176260441	0.086834359
2062	0.1308228	0.174734812	0.086910788
2063	0.1304188	0.174409767	0.086427833
2064	0.1307156	0.175907077	0.085524123
2065	0.131212	0.176910095	0.085513905
2066	0.1316216	0.177309218	0.085933982
2067	0.1320264	0.177885441	0.086167359
2068	0.1333922	0.179013315	0.087771085
2069	0.1346364	0.180093922	0.089178878
2070	0.1349888	0.180024463	0.089953137
2071	0.1351778	0.179831905	0.090523695
2072	0.1348808	0.179705677	0.090055923
2073	0.134452	0.179550259	0.089353741
2074	0.1340474	0.1801143	0.0879805
2075	0.1338318	0.181002371	0.086661229
2076	0.1339742	0.181163965	0.086784435
2077	0.1342628	0.181218182	0.087307418
2078	0.13436	0.180774196	0.087945804
2079	0.1340112	0.179842412	0.088179988
2080	0.1337488	0.179422354	0.088075246
2081	0.1334436	0.179251878	0.087635322
2082	0.1332234	0.179237778	0.087209022
2083	0.1339584	0.180194797	0.087722003
2084	0.13475	0.181149843	0.088350157
2085	0.1348884	0.181103834	0.088672966
2086	0.134844	0.180818682	0.088869318
2087	0.1348864	0.180972468	0.088800332
2088	0.1350386	0.181578268	0.088498932
2089	0.1354914	0.181851745	0.089131055
2090	0.1360466	0.181833989	0.090259211
2091	0.1364838	0.181922365	0.091045235
2092	0.1368556	0.181846069	0.091865131
2093	0.137113	0.182067593	0.092158407
2094	0.1370384	0.182385099	0.091691701
2095	0.1368572	0.182392068	0.091322332
2096	0.1368674	0.18259231	0.09114249
2097	0.1370552	0.183135858	0.090974542
2098	0.137208	0.183884237	0.090531763
2099	0.1371926	0.184397899	0.089987301
2100	0.136983	0.184406129	0.089559871
2101	0.1368242	0.184503803	0.089144597
2102	0.1374056	0.184870682	0.089940518
2103	0.1381616	0.185244014	0.091079186
2104	0.138192	0.185176775	0.091207225
2105	0.1379622	0.184993447	0.090930953
2106	0.1381392	0.184923062	0.091355338
2107	0.1384344	0.184672248	0.092196552
2108	0.1386716	0.184398925	0.092944275
2109	0.1387434	0.184808242	0.092678558
2110	0.1386558	0.185033996	0.092277604
2111	0.1378278	0.183953057	0.091702543
2112	0.1369666	0.182934305	0.090998895
2113	0.1368206	0.183074903	0.090566297
2114	0.1368976	0.183363098	0.090432102
2115	0.136957	0.183279453	0.090634547
2116	0.137087	0.183283336	0.090890664
2117	0.137641	0.184096849	0.091185151
2118	0.1383138	0.18533436	0.09129324
2119	0.1389382	0.18662969	0.09124671
2120	0.1392212	0.186914446	0.091527954
2121	0.1392506	0.186536701	0.091964499
2122	0.1390254	0.186264735	0.091786065
2123	0.1389904	0.186405669	0.091575131
2124	0.1395622	0.187342085	0.091782315
2125	0.1399994	0.187733707	0.092265093
2126	0.140082	0.186783929	0.093380071
2127	0.1400134	0.185933085	0.094093715
2128	0.1393778	0.185877481	0.092878119
2129	0.1387316	0.185981607	0.091481593
2130	0.1393104	0.186807693	0.091813107
2131	0.1403888	0.187979481	0.092798119
2132	0.141335	0.189206984	0.093463016
2133	0.1417974	0.190204383	0.093390417
2134	0.1413228	0.189979133	0.092666467
2135	0.1400412	0.188583959	0.091498441
2136	0.1393192	0.187735623	0.090902777
2137	0.139904	0.188264722	0.091543278
2138	0.1405236	0.188998104	0.092049096
2139	0.1408504	0.189560857	0.092139943
2140	0.1409316	0.189556007	0.092307193
2141	0.140953	0.189073707	0.092832293
2142	0.1412756	0.189156491	0.093394709
2143	0.1421266	0.190247992	0.094005208
2144	0.1428496	0.191128901	0.094570299
2145	0.142904	0.191263281	0.094544719
2146	0.1428552	0.191391779	0.094318621
2147	0.142889	0.191710561	0.094067439
2148	0.1429144	0.192170736	0.093658064
2149	0.1425738	0.19137301	0.09377459
2150	0.1419716	0.19006711	0.09387609
2151	0.1419092	0.19008121	0.09373719
2152	0.1423536	0.190512119	0.094195081
2153	0.1423148	0.19045056	0.09417904
2154	0.1415438	0.19010584	0.09298176
2155	0.141281	0.190287507	0.092274493
2156	0.1416956	0.190796357	0.092594843
2157	0.1419046	0.190678201	0.093130999
2158	0.1421192	0.190101582	0.094136818
2159	0.1423436	0.18974389	0.09494331
2160	0.141873	0.189377492	0.094368508
2161	0.1412786	0.188971492	0.093585708
2162	0.141716	0.189125773	0.094306227
2163	0.142488	0.189412965	0.095563035
2164	0.1429108	0.190030714	0.095790886
2165	0.1432536	0.190768207	0.095738993
2166	0.143642	0.191700664	0.095583336
2167	0.1438416	0.192259299	0.095423901
2168	0.1439058	0.192712477	0.095099123
2169	0.1436888	0.19299423	0.09438337
2170	0.1432954	0.192875382	0.093715418
2171	0.1426964	0.192632712	0.092760088
2172	0.1420928	0.192189886	0.091995714
2173	0.141854	0.191574142	0.092133858
2174	0.1418716	0.191118958	0.092624242
2175	0.1422958	0.191030193	0.093561407
2176	0.1427126	0.191059942	0.094365258
2177	0.1429238	0.191076191	0.094771409
2178	0.14299	0.190914728	0.095065272
2179	0.1426686	0.190458586	0.094878614
2180	0.1424332	0.190116838	0.094749562
2181	0.1426644	0.191042706	0.094286094
2182	0.1429006	0.192284831	0.093516369
2183	0.142755	0.192656423	0.092853577
2184	0.1424816	0.192647846	0.092315354
2185	0.1426726	0.192997281	0.092347919
2186	0.142642	0.193005359	0.092278641
2187	0.1425738	0.192682136	0.092465464
2188	0.1431164	0.192872746	0.093360054
2189	0.1433512	0.192624895	0.094077505
2190	0.1429078	0.191582904	0.094232696
2191	0.1424272	0.190911093	0.093943307
2192	0.1422078	0.191146441	0.093269159
2193	0.14214	0.191635452	0.092644548
2194	0.1424492	0.192594877	0.092303523
2195	0.1428698	0.193434397	0.092305203
2196	0.1433014	0.19354641	0.09305639
2197	0.1435892	0.193679022	0.093499378
2198	0.1432918	0.193130363	0.093453237
2199	0.143037	0.192503744	0.093570256
2200	0.1426994	0.192180475	0.093218325
2201	0.1421778	0.191510009	0.092845591
2202	0.1416218	0.190900606	0.092342994
2203	0.1414192	0.190636948	0.092201452
2204	0.1417442	0.190673675	0.092814725
2205	0.1417668	0.190448676	0.093084924
2206	0.1417708	0.190060044	0.093481556
2207	0.1420684	0.190622806	0.093513994
2208	0.1425024	0.19166533	0.09333947
2209	0.1429982	0.192402522	0.093593878
2210	0.14326	0.192826461	0.093693539
2211	0.1434542	0.1929997	0.0939087
2212	0.143777	0.193217058	0.094336942
2213	0.1439188	0.193028085	0.094809515
2214	0.1438616	0.192553267	0.095169933
2215	0.1434738	0.191794886	0.095152714
2216	0.1430196	0.19118816	0.09485104
2217	0.142778	0.19094615	0.09460985
2218	0.142549	0.19043909	0.09465891
2219	0.1425244	0.19025961	0.09478919
2220	0.1427212	0.190812307	0.094630093
2221	0.1425332	0.191256975	0.093809425
2222	0.142077	0.191519716	0.092634284
2223	0.142242	0.192256187	0.092227813
2224	0.1431474	0.193446788	0.092848012
2225	0.1438552	0.194205948	0.093504452
2226	0.1446424	0.194754767	0.094530033
2227	0.145223	0.194987835	0.095458165
2228	0.144799	0.19415905	0.09543895
2229	0.1444022	0.193380853	0.095423547
2230	0.1435054	0.192098969	0.094911831
2231	0.1423088	0.190409316	0.094208284
2232	0.1418462	0.189138556	0.094553844
2233	0.1420712	0.188751384	0.095391016
2234	0.1430476	0.190038947	0.096056253
2235	0.143845	0.191244943	0.096445057
2236	0.1439104	0.191813504	0.096007296
2237	0.1436404	0.192068085	0.095212715
2238	0.1436044	0.19164938	0.09555942
2239	0.1441508	0.191773258	0.096528342
2240	0.1447478	0.192370265	0.097125335
2241	0.1452254	0.192894414	0.097556386
2242	0.1453008	0.192887883	0.097713717
2243	0.1447718	0.192801707	0.096741893
2244	0.1444312	0.193287007	0.095575393
2245	0.1444422	0.193572001	0.095312399
2246	0.1446216	0.193923958	0.095319242
2247	0.1450588	0.194326823	0.095790777
2248	0.1451344	0.19475991	0.09550889
2249	0.1446904	0.194636128	0.094744672
2250	0.144306	0.194212561	0.094399439
2251	0.1442342	0.193942177	0.094526223
2252	0.1442848	0.193743786	0.094825814
2253	0.1442558	0.193484929	0.095026671
2254	0.1442022	0.193080956	0.095323444
2255	0.1442462	0.192480091	0.096012309
2256	0.1441588	0.192108202	0.096209398
2257	0.1438264	0.19238072	0.09527208
2258	0.1437358	0.192760391	0.094711209
2259	0.1439268	0.193411517	0.094442083
2260	0.1441316	0.193900391	0.094362809
2261	0.1448482	0.194016853	0.095679547
2262	0.1457988	0.194613882	0.096983718
2263	0.1460916	0.195019564	0.097163636
2264	0.1459314	0.194810536	0.097052264
2265	0.145777	0.194322461	0.097231539
2266	0.1453774	0.193246962	0.097507838
2267	0.1449624	0.192094305	0.097830495
2268	0.1446748	0.191027821	0.098321779
2269	0.1445848	0.190448944	0.098720656
2270	0.1447486	0.19126731	0.09822989
2271	0.1450782	0.192373702	0.097782698
2272	0.14596	0.193753538	0.098166462
2273	0.1463698	0.194295132	0.098444468
2274	0.145502	0.192814829	0.098189171
2275	0.1451482	0.191928004	0.098368396
2276	0.1460024	0.192512657	0.099492143
2277	0.1466022	0.193132054	0.100072346
2278	0.1463834	0.194198081	0.098568719
2279	0.1460174	0.195108059	0.096926741
2280	0.145303	0.194166861	0.096439139
2281	0.1447784	0.193243996	0.096312804
2282	0.144741	0.193353919	0.096128081
2283	0.1448642	0.193619306	0.096109094
2284	0.1458886	0.194176538	0.097600662
2285	0.1464994	0.194327823	0.098670977
2286	0.1462742	0.194409018	0.098139382
2287	0.1462184	0.194926868	0.097509932
2288	0.1466742	0.196034542	0.097313858
2289	0.1473588	0.197390838	0.097326762
2290	0.1476024	0.198101035	0.097103765
2291	0.1472466	0.198164497	0.096328703
2292	0.146951	0.197696922	0.096205078
2293	0.1468094	0.19684084	0.09677796
2294	0.1465508	0.196269461	0.096832139
2295	0.1463784	0.195538911	0.097217889
2296	0.1461182	0.194628581	0.097607819
2297	0.1459824	0.19451325	0.09745155
2298	0.1463118	0.194857567	0.097766033
2299	0.147367	0.195269016	0.099464984
2300	0.1479642	0.19507115	0.10085725
2301	0.14722	0.193989014	0.100450986
2302	0.1467356	0.193781372	0.099689828
2303	0.1466482	0.194930621	0.098365779
2304	0.1463526	0.195432621	0.097272579
2305	0.1469484	0.195511654	0.098385146
2306	0.1479738	0.196131695	0.099815905
2307	0.1484736	0.196135466	0.100811734
2308	0.1489144	0.196042733	0.101786067
2309	0.1487094	0.196170756	0.101248044
2310	0.1481146	0.195820919	0.100408281
2311	0.1485034	0.196703673	0.100303127
2312	0.1496874	0.198561025	0.100813775
2313	0.1502244	0.199321686	0.101127114
2314	0.1500042	0.199484465	0.100523935
2315	0.1497324	0.199048648	0.100416152
2316	0.1499044	0.198314369	0.101494431
2317	0.150454	0.198402815	0.102505185
2318	0.1504472	0.198879151	0.102015249
2319	0.1502626	0.199328686	0.101196514
2320	0.1497492	0.198794202	0.100704198
2321	0.149166	0.198484072	0.099847928
2322	0.1501558	0.200422869	0.099888731
2323	0.1513464	0.201972193	0.100720607
2324	0.1517252	0.202125757	0.101324643
2325	0.1525158	0.203016035	0.102015565
2326	0.152893	0.203357566	0.102428434
2327	0.1528442	0.20356929	0.10211911
2328	0.1529202	0.20526386	0.10057654
2329	0.1529446	0.206550197	0.099339003
2330	0.1530444	0.205985301	0.100103499
2331	0.1533506	0.205264625	0.101436575
2332	0.1536818	0.204231547	0.103132053
2333	0.1539678	0.203407387	0.104528213
2334	0.1535252	0.203238405	0.103811995
2335	0.1525004	0.202692136	0.102308664
2336	0.1519566	0.202309011	0.101604189
2337	0.1522084	0.202832732	0.101584068
2338	0.1521906	0.203629098	0.100752102
2339	0.151877	0.204062651	0.099691349
2340	0.1518108	0.204848688	0.098772912
2341	0.1513394	0.205879395	0.096799405
2342	0.151444	0.206899301	0.095988699
2343	0.1517342	0.207957921	0.095510479
2344	0.1512042	0.206745131	0.095663269
2345	0.1516264	0.204982101	0.098270699
2346	0.1525306	0.204010116	0.101051084
2347	0.1529142	0.203332895	0.102495505
2348	0.1529514	0.20295477	0.10294803
2349	0.1524528	0.202611337	0.102294263
2350	0.153061	0.203847318	0.102274682
2351	0.154069	0.20498712	0.10315088
2352	0.1549808	0.205817866	0.104143734
2353	0.1575888	0.209454597	0.105723003
2354	0.159185	0.212471295	0.105898705
2355	0.1579552	0.211564388	0.104346012
2356	0.1565336	0.20941737	0.10364983
2357	0.1549082	0.206670447	0.103145953
2358	0.1535556	0.204746148	0.102365052
2359	0.153932	0.205114306	0.102749694
2360	0.154292	0.205545476	0.103038524
2361	0.1539214	0.204320788	0.103522012
2362	0.1540974	0.203323646	0.104871154
2363	0.1559854	0.204724483	0.107246317
2364	0.1576384	0.206025101	0.109251699
2365	0.158295	0.205694965	0.110895035
2366	0.158958	0.205496784	0.112419216
2367	0.1580718	0.20490355	0.11124005
2368	0.1567686	0.20405434	0.10948286
2369	0.1574772	0.205710815	0.109243585
2370	0.1587108	0.208212641	0.109208959
2371	0.1577592	0.208400617	0.107117783
2372	0.1559954	0.207644282	0.104346518
2373	0.155658	0.207103778	0.104212222
2374	0.1556572	0.206076768	0.105237632
2375	0.1557388	0.205271411	0.106206189
2376	0.1567606	0.20622914	0.10729206
2377	0.155682	0.20587576	0.10548824
2378	0.1535832	0.204496234	0.102670166
2379	0.1529078	0.204106754	0.101708846
2380	0.1533622	0.204755306	0.101969094
2381	0.1548516	0.205639753	0.104063447
2382	0.155138	0.205438753	0.104837247
2383	0.1544462	0.205436347	0.103456053
2384	0.1542424	0.205356501	0.103128299
2385	0.1542876	0.203856179	0.104719021
2386	0.1555132	0.203163634	0.107862766
2387	0.1568392	0.204191776	0.109486624
2388	0.1572198	0.204969238	0.109470362
2389	0.158046	0.206183155	0.109908845
2390	0.1597482	0.20906359	0.11043281
2391	0.1608046	0.211475271	0.110133929
2392	0.159273	0.210194192	0.108351808
2393	0.1574418	0.207245721	0.107637879
2394	0.1565354	0.203889725	0.109181075
2395	0.1561102	0.202302021	0.109918379
2396	0.1571974	0.204511645	0.109883155
2397	0.158089	0.205545167	0.110632833
2398	0.1568888	0.203034092	0.110743508
2399	0.156116	0.200969111	0.111262889
2400	0.1565784	0.200744292	0.112412508
2401	0.155958	0.200827681	0.111088319
2402	0.1549434	0.202204677	0.107682123
2403	0.154706	0.203167475	0.106244525
2404	0.1553276	0.202924951	0.107730249
2405	0.1558484	0.203015215	0.108681585
2406	0.155175	0.200556612	0.109793388
2407	0.154468	0.19798546	0.11095054
2408	0.1523438	0.196116155	0.108571445
2409	0.149401	0.195302303	0.103499697
2410	0.1488212	0.200309139	0.097333261
2411	0.149051	0.205209098	0.092892902
2412	0.150585	0.207629553	0.093540447
2413	0.1535956	0.211464809	0.095726391
2414	0.1552334	0.211189812	0.099276988
2415	0.1549552	0.208614437	0.101295963
2416	0.1549114	0.209278218	0.100544582
2417	0.1547982	0.210724683	0.098871717
2418	0.1524434	0.208176461	0.096710339
2419	0.1502528	0.204583507	0.095922093
2420	0.1508642	0.204050533	0.097677867
2421	0.1529924	0.205502845	0.100481955
2422	0.1561606	0.207179812	0.105141388
2423	0.157691	0.208048656	0.107333344
2424	0.1569592	0.205662096	0.108256304
2425	0.1578688	0.20512269	0.11061491
2426	0.1553426	0.201799529	0.108885671
2427	0.1517972	0.196616506	0.106977894
2428	0.1513494	0.195576944	0.107121856
2429	0.1504384	0.194790142	0.106086658
2430	0.1524324	0.197869881	0.106994919
2431	0.1562184	0.205324548	0.107112252
2432	0.1557104	0.206272013	0.105148787
2433	0.1517276	0.199305082	0.104150118
2434	0.14975	0.194909739	0.104590261
2435	0.150977	0.194337237	0.107616763
2436	0.1538056	0.199670968	0.107940232
2437	0.1578896	0.209907865	0.105871335
2438	0.1587496	0.212352295	0.105146905
2439	0.1547264	0.205469636	0.103983164
2440	0.1498002	0.197028122	0.102572278
2441	0.1473142	0.194491748	0.100136652
2442	0.1483112	0.195799001	0.100823399
2443	0.1494626	0.196980574	0.101944626
2444	0.1500814	0.198308983	0.101853817
2445	0.151885	0.198231984	0.105538016
2446	0.151684	0.199360034	0.104007966
2447	0.1476458	0.200918497	0.094373103
2448	0.1455208	0.201721572	0.089320028
2449	0.1458436	0.198257095	0.093430105
2450	0.1435334	0.195299168	0.091767632
2451	0.1427594	0.199244948	0.086273852
2452	0.1444738	0.201352375	0.087595225
2453	0.1450302	0.195294281	0.094766119
2454	0.1477874	0.194436994	0.101137806
2455	0.152054	0.200595759	0.103512241
2456	0.1539368	0.205380074	0.102493526
2457	0.1552282	0.207857092	0.102599308
2458	0.1544012	0.208292869	0.100509531
2459	0.1521666	0.211431201	0.092901999
2460	0.1482204	0.211771613	0.084669187
2461	0.1401776	0.203108815	0.077246385
2462	0.1366646	0.198667397	0.074661803
2463	0.13841	0.19737513	0.07944487
2464	0.139336	0.196805871	0.081866129
2465	0.1403988	0.197275179	0.083522421
2466	0.1421956	0.198445963	0.085945237
2467	0.1468328	0.202552305	0.091113295
2468	0.1493772	0.205568006	0.093186394
2469	0.148731	0.202962235	0.094499765
2470	0.1496024	0.19945005	0.09975475
2471	0.149277	0.192544932	0.106009068
2472	0.1482904	0.187996029	0.108584771
2473	0.1430646	0.182985513	0.103143687
2474	0.1414694	0.185477568	0.097461232
2475	0.152731	0.20164146	0.10382054
2476	0.1573612	0.210255032	0.104467368
2477	0.1431222	0.194215059	0.092029341
2478	0.1316538	0.183672699	0.079634901
2479	0.1381528	0.202424968	0.073880632
2480	0.1461104	0.231108114	0.061112686
2481	0.1350928	0.225464862	0.044720738
2482	0.1221076	0.209300413	0.034914787
2483	0.1261472	0.200128943	0.052165457
2484	0.1285524	0.190724546	0.066380254
2485	0.1290954	0.181725479	0.076465321
2486	0.1368852	0.188995156	0.084775244
2487	0.1535954	0.233144716	0.074046084
2488	0.167699	0.280473673	0.054924327
2489	0.1395516	0.239796363	0.039306837
2490	0.1038104	0.179120432	0.028500368
2491	0.0895966	0.129321817	0.049871383
2492	0.0856108	0.148588378	0.022633222
2493	0.110838	0.186609151	0.035066849
2494	0.140314	0.227813391	0.052814609
2495	0.1585968	0.271939848	0.045253752
2496	0.1813032	0.341752309	0.020854091
2497	0.2004386	0.361765422	0.039111778
2498	0.2083076	0.37337207	0.04324313
2499	0.189429	0.360618695	0.018239305
2500	0.1619326	0.31881959	0.00504561
