Wavelength	Mean	Std+	Std-
350	0.01241175	0.016822071	0.008001429
351	0.01232485	0.016736969	0.007912731
352	0.01206905	0.016494512	0.007643588
353	0.0121907	0.01659869	0.00778271
354	0.01227145	0.016659505	0.007883395
355	0.0122807	0.016652514	0.007908886
356	0.0122907	0.01669694	0.00788446
357	0.0123548	0.016745112	0.007964488
358	0.0124078	0.016766613	0.008048987
359	0.0122969	0.016677072	0.007916728
360	0.0122379	0.016614264	0.007861536
361	0.01221955	0.016593541	0.007845559
362	0.01225075	0.016639307	0.007862193
363	0.0121359	0.016560134	0.007711666
364	0.0121886	0.016613382	0.007763818
365	0.01242685	0.016812757	0.008040943
366	0.01235195	0.016747927	0.007955973
367	0.01224155	0.016657769	0.007825331
368	0.01216095	0.016593899	0.007728001
369	0.0123197	0.016723645	0.007915755
370	0.01238335	0.016778769	0.007987931
371	0.01246435	0.016863546	0.008065154
372	0.0126501	0.017064107	0.008236093
373	0.0126062	0.016981316	0.008231084
374	0.01252675	0.016887387	0.008166113
375	0.0124378	0.016821751	0.008053849
376	0.0123169	0.016715767	0.007918033
377	0.012366	0.016772393	0.007959607
378	0.0125133	0.016925699	0.008100901
379	0.0125405	0.016976851	0.008104149
380	0.01259985	0.017031585	0.008168115
381	0.01263185	0.017042801	0.008220899
382	0.0125735	0.016950784	0.008196216
383	0.01267965	0.017066135	0.008293165
384	0.01274035	0.017134464	0.008346236
385	0.0127125	0.017105562	0.008319438
386	0.012555	0.01698025	0.00812975
387	0.0124945	0.016942929	0.008046071
388	0.0125154	0.016980202	0.008050598
389	0.0126093	0.017089741	0.008128859
390	0.01252905	0.016992093	0.008066007
391	0.01245025	0.016894605	0.008005895
392	0.01253875	0.016991264	0.008086236
393	0.01268985	0.017145129	0.008234571
394	0.01274035	0.017193638	0.008287062
395	0.012654	0.017100548	0.008207452
396	0.01270035	0.017165607	0.008235093
397	0.0127322	0.017212982	0.008251418
398	0.0127501	0.017245655	0.008254545
399	0.01274705	0.017269249	0.008224851
400	0.01277315	0.017303263	0.008243037
401	0.01281405	0.017341644	0.008286456
402	0.01286755	0.017384337	0.008350763
403	0.01301465	0.017514405	0.008514895
404	0.01313045	0.017611209	0.008649691
405	0.0131847	0.017645173	0.008724227
406	0.0132348	0.017694039	0.008775561
407	0.01334405	0.017807032	0.008881068
408	0.01348885	0.017959877	0.009017823
409	0.0135463	0.018032119	0.009060481
410	0.01365295	0.018148669	0.009157231
411	0.01377465	0.018278612	0.009270688
412	0.0138823	0.018397111	0.009367489
413	0.0140096	0.018537906	0.009481294
414	0.0141704	0.018712194	0.009628606
415	0.0143795	0.018934567	0.009824433
416	0.01455855	0.019124798	0.009992302
417	0.01472545	0.019307289	0.010143611
418	0.01488615	0.019487943	0.010284357
419	0.01507715	0.019706306	0.010447994
420	0.01527775	0.019935909	0.010619591
421	0.01549375	0.020178918	0.010808582
422	0.01574645	0.020450504	0.011042396
423	0.01592355	0.020652392	0.011194708
424	0.0161031	0.020856855	0.011349345
425	0.0163194	0.021096176	0.011542624
426	0.01649135	0.021288917	0.011693783
427	0.01668845	0.021509006	0.011867894
428	0.01691125	0.021757832	0.012064668
429	0.0170919	0.021972224	0.012211576
430	0.0172508	0.02215964	0.01234196
431	0.01740615	0.022346445	0.012465855
432	0.01759695	0.022590762	0.012603138
433	0.0177408	0.022777422	0.012704178
434	0.01790085	0.022974326	0.012827374
435	0.01811455	0.023220171	0.013008929
436	0.0182524	0.023358909	0.013145891
437	0.0183852	0.023492672	0.013277728
438	0.01852	0.023631736	0.013408264
439	0.0186572	0.0237857	0.0135287
440	0.01882235	0.023966885	0.013677815
441	0.0189861	0.024147619	0.013824581
442	0.0190778	0.024263051	0.013892549
443	0.01922205	0.024429165	0.014014935
444	0.019357	0.024579082	0.014134918
445	0.01944195	0.024666005	0.014217895
446	0.01956605	0.024803518	0.014328582
447	0.01970695	0.024958439	0.014455461
448	0.01985965	0.025124584	0.014594716
449	0.01994775	0.025224496	0.014671004
450	0.02007695	0.025364295	0.014789605
451	0.0202135	0.025509433	0.014917567
452	0.02026325	0.02555993	0.01496657
453	0.0203744	0.025672119	0.015076681
454	0.0204923	0.025795921	0.015188679
455	0.0205783	0.025898713	0.015257887
456	0.02063885	0.025977552	0.015300148
457	0.02071725	0.026070016	0.015364484
458	0.0208204	0.026181967	0.015458833
459	0.02088435	0.026247244	0.015521456
460	0.02095815	0.02632374	0.01559256
461	0.0210399	0.026409195	0.015670605
462	0.02112665	0.026501287	0.015752013
463	0.02117365	0.026554464	0.015792836
464	0.0212283	0.026615138	0.015841462
465	0.0213352	0.026726959	0.015943441
466	0.0213888	0.026785505	0.015992095
467	0.0214606	0.026865793	0.016055407
468	0.02156765	0.026986324	0.016148976
469	0.02160505	0.027035143	0.016174957
470	0.02163495	0.027075322	0.016194578
471	0.0216649	0.027114878	0.016214922
472	0.0217292	0.02718868	0.01626972
473	0.02178465	0.027258272	0.016311028
474	0.02185405	0.027340713	0.016367387
475	0.02196765	0.027459625	0.016475675
476	0.0220122	0.027502072	0.016522328
477	0.02208325	0.027575628	0.016590872
478	0.0222074	0.027710154	0.016704646
479	0.02224625	0.027757158	0.016735342
480	0.0222682	0.027781692	0.016754708
481	0.0222892	0.02780027	0.01677813
482	0.022393	0.027897722	0.016888278
483	0.0224594	0.027960674	0.016958126
484	0.0225136	0.0280126	0.0170146
485	0.0225795	0.028075275	0.017083725
486	0.0226547	0.028163215	0.017146185
487	0.02272945	0.02825891	0.01719999
488	0.02280055	0.028358881	0.017242219
489	0.0228579	0.028443443	0.017272357
490	0.0229524	0.028554576	0.017350224
491	0.02307945	0.028688777	0.017470123
492	0.02322975	0.028837551	0.017621949
493	0.0233628	0.02897932	0.01774628
494	0.02349105	0.029124414	0.017857686
495	0.02362995	0.029290554	0.017969346
496	0.02385235	0.029527621	0.018177079
497	0.02408145	0.029769248	0.018393652
498	0.02429185	0.029993503	0.018590197
499	0.02454165	0.030269544	0.018813756
500	0.0248337	0.030591808	0.019075592
501	0.0251585	0.030951047	0.019365953
502	0.0254442	0.031283602	0.019604798
503	0.02581565	0.031704282	0.019927018
504	0.02622665	0.032167669	0.020285631
505	0.0266318	0.032632151	0.020631449
506	0.02714345	0.033195848	0.021091052
507	0.0276723	0.033779739	0.021564861
508	0.0281882	0.034359798	0.022016602
509	0.02882755	0.035078079	0.022577021
510	0.0295162	0.03584974	0.02318266
511	0.0302485	0.036669489	0.023827511
512	0.0310082	0.037530457	0.024485943
513	0.03184155	0.038468014	0.025215086
514	0.0327385	0.039476423	0.026000577
515	0.0337023	0.040569178	0.026835422
516	0.034744	0.041764105	0.027723895
517	0.03584685	0.043039577	0.028654123
518	0.03701205	0.044398489	0.029625611
519	0.03825255	0.045851754	0.030653346
520	0.03950775	0.047317058	0.031698442
521	0.0407654	0.048776734	0.032754066
522	0.042121	0.050321296	0.033920704
523	0.0434184	0.051804206	0.035032594
524	0.0447039	0.05327818	0.03612962
525	0.04605685	0.054835766	0.037277934
526	0.04741	0.05640187	0.03841813
527	0.04874635	0.057956508	0.039536192
528	0.0500655	0.059501104	0.040629896
529	0.05134505	0.06099417	0.04169593
530	0.05256065	0.062401615	0.042719685
531	0.05370785	0.063716932	0.043698768
532	0.054877	0.06505254	0.04470146
533	0.0559934	0.066341072	0.045645728
534	0.057059	0.067582242	0.046535758
535	0.05803195	0.068727375	0.047336525
536	0.05896095	0.069803805	0.048118095
537	0.05986815	0.0708456	0.0488907
538	0.06076665	0.07187107	0.04966223
539	0.06159625	0.072835419	0.050357081
540	0.06240265	0.073781508	0.051023792
541	0.06318495	0.074706833	0.051663067
542	0.0638915	0.075553554	0.052229446
543	0.0646013	0.076392008	0.052810592
544	0.0653124	0.07722059	0.05340421
545	0.06603705	0.078050174	0.054023926
546	0.0666831	0.078800682	0.054565518
547	0.0672992	0.079521047	0.055077353
548	0.0679187	0.080244623	0.055592777
549	0.0685009	0.080922954	0.056078846
550	0.06904825	0.081556703	0.056539797
551	0.0695568	0.082140062	0.056973538
552	0.06994455	0.082588939	0.057300161
553	0.07027235	0.08296322	0.05758148
554	0.0705411	0.083263312	0.057818888
555	0.07071905	0.083448671	0.057989429
556	0.07080315	0.08352008	0.05808622
557	0.0708266	0.083521371	0.058131829
558	0.07078875	0.083458396	0.058119104
559	0.0706156	0.083261537	0.057969663
560	0.0703963	0.083008076	0.057784524
561	0.07014825	0.082711006	0.057585494
562	0.0698157	0.082301263	0.057330137
563	0.0694541	0.081854566	0.057053634
564	0.0690557	0.081363808	0.056747592
565	0.06855965	0.080764547	0.056354753
566	0.067994	0.080097552	0.055890448
567	0.06738425	0.079379961	0.055388539
568	0.0667425	0.078610154	0.054874846
569	0.06605175	0.077785282	0.054318218
570	0.06532675	0.076929592	0.053723908
571	0.06456745	0.076047729	0.053087171
572	0.06384775	0.075200583	0.052494917
573	0.06314225	0.074363948	0.051920552
574	0.06245405	0.073541625	0.051366475
575	0.061828	0.072781665	0.050874335
576	0.0612239	0.072058116	0.050389684
577	0.0606355	0.071361393	0.049909607
578	0.0600731	0.070704431	0.049441769
579	0.0595391	0.070084296	0.048993904
580	0.05903085	0.069491279	0.048570421
581	0.0585544	0.068929058	0.048179742
582	0.0581729	0.068463702	0.047882098
583	0.0578024	0.068008179	0.047596621
584	0.057439	0.06755915	0.04731885
585	0.0571048	0.06715338	0.04705622
586	0.05679405	0.066772598	0.046815502
587	0.0564874	0.066397041	0.046577759
588	0.0561597	0.066002993	0.046316407
589	0.0558832	0.065694995	0.046071405
590	0.05563045	0.065422797	0.045838103
591	0.05539875	0.065175984	0.045621516
592	0.05525615	0.064992335	0.045519965
593	0.0551293	0.0648271	0.0454315
594	0.05500965	0.06467545	0.04534385
595	0.05488365	0.064542343	0.045224957
596	0.0547727	0.06441741	0.04512799
597	0.0546808	0.064308516	0.045053084
598	0.05463145	0.064246098	0.045016802
599	0.0544765	0.064078821	0.044874179
600	0.0542935	0.063883732	0.044703268
601	0.0541197	0.063697655	0.044541745
602	0.05389405	0.063460945	0.044327155
603	0.05362905	0.063175081	0.044083019
604	0.05332615	0.062839434	0.043812866
605	0.05302755	0.062491657	0.043563443
606	0.05269585	0.062107974	0.043283726
607	0.0523418	0.061697819	0.042985781
608	0.05199445	0.061284814	0.042704086
609	0.0515896	0.060808811	0.042370389
610	0.0511654	0.060308546	0.042022254
611	0.0507496	0.059811144	0.041688056
612	0.0503314	0.059309565	0.041353235
613	0.0499362	0.058827858	0.041044542
614	0.04957085	0.058372681	0.040769019
615	0.04925255	0.057975465	0.040529635
616	0.0489164	0.057566064	0.040266736
617	0.0485818	0.057164122	0.039999478
618	0.04831255	0.056837148	0.039787952
619	0.04808665	0.056543148	0.039630152
620	0.04788265	0.05627205	0.03949325
621	0.0476936	0.056026722	0.039360478
622	0.0476226	0.055904854	0.039340346
623	0.04754085	0.055779516	0.039302184
624	0.04742315	0.055627172	0.039219128
625	0.04739615	0.055580721	0.039211579
626	0.04737495	0.055536341	0.039213559
627	0.04736155	0.05549855	0.03922455
628	0.04736895	0.05548845	0.03924945
629	0.04733595	0.05543934	0.03923256
630	0.04729495	0.055382498	0.039207402
631	0.04727155	0.0553425	0.0392006
632	0.0471882	0.055236964	0.039139436
633	0.04709475	0.055120182	0.039069318
634	0.04700055	0.055002465	0.038998635
635	0.04686325	0.054827583	0.038898917
636	0.046658	0.054583825	0.038732175
637	0.04638825	0.054273799	0.038502701
638	0.0460318	0.053870026	0.038193574
639	0.0456938	0.053478126	0.037909474
640	0.0453455	0.053076607	0.037614393
641	0.04494895	0.052635541	0.037262359
642	0.04448295	0.05211665	0.03684925
643	0.0440186	0.051598518	0.036438682
644	0.0435713	0.051097841	0.036044759
645	0.0431132	0.050579839	0.035646561
646	0.04263085	0.050044978	0.035216722
647	0.04213505	0.049503795	0.034766305
648	0.0416918	0.049018796	0.034364804
649	0.04128705	0.048580466	0.033993634
650	0.0409178	0.048181167	0.033654433
651	0.04059375	0.047825404	0.033362096
652	0.04030165	0.047495964	0.033107336
653	0.0400282	0.04717955	0.03287685
654	0.03976865	0.046869028	0.032668272
655	0.03935595	0.046422372	0.032289528
656	0.03887325	0.045911383	0.031835117
657	0.03835105	0.045361553	0.031340547
658	0.03781385	0.044753749	0.030873951
659	0.03733165	0.044198311	0.030464989
660	0.03685815	0.043652842	0.030063458
661	0.0363302	0.043058951	0.029601449
662	0.03579	0.042455115	0.029124885
663	0.03527375	0.041879788	0.028667712
664	0.03480375	0.041356807	0.028250693
665	0.03437165	0.040876825	0.027866475
666	0.033981	0.04044169	0.02752031
667	0.03363185	0.040052538	0.027211162
668	0.03333795	0.039730973	0.026944927
669	0.0330743	0.039444174	0.026704426
670	0.03285055	0.03920188	0.02649922
671	0.0327116	0.039053995	0.026369205
672	0.03258605	0.038915456	0.026256644
673	0.0324885	0.038808043	0.026168957
674	0.03243515	0.038752202	0.026118098
675	0.0324393	0.038754279	0.026124321
676	0.03244195	0.038760835	0.026123065
677	0.03244565	0.038774389	0.026116911
678	0.03256915	0.038902335	0.026235965
679	0.0327307	0.039080713	0.026380687
680	0.03295155	0.039326765	0.026576335
681	0.0333218	0.039726366	0.026917234
682	0.0338209	0.040273505	0.027368295
683	0.0344259	0.040936129	0.027915671
684	0.03517395	0.041751117	0.028596783
685	0.0362691	0.042934851	0.029603349
686	0.03758385	0.044387995	0.030779705
687	0.0390966	0.046097949	0.032095251
688	0.0408242	0.048053513	0.033594887
689	0.04284335	0.050329742	0.035356958
690	0.0451014	0.052875781	0.037327019
691	0.0477424	0.055862124	0.039622676
692	0.0507325	0.059262563	0.042202437
693	0.0540032	0.063008572	0.044997828
694	0.0576044	0.067164464	0.048044336
695	0.0615835	0.071760458	0.051406542
696	0.0657496	0.076574235	0.054924965
697	0.07014245	0.081649877	0.058635023
698	0.0747845	0.087042047	0.062526953
699	0.0796442	0.092691369	0.066597031
700	0.08469025	0.098563195	0.070817305
701	0.08989125	0.104625697	0.075156803
702	0.09517905	0.110779136	0.079578964
703	0.1004832	0.116937328	0.084029072
704	0.1058527	0.123142708	0.088562692
705	0.11127325	0.129408359	0.093138141
706	0.11673165	0.135711802	0.097751498
707	0.12222785	0.142049719	0.102405981
708	0.1277721	0.14843592	0.10710828
709	0.13333375	0.154830276	0.111837224
710	0.13891755	0.16123979	0.11659531
711	0.14457745	0.167722955	0.121431945
712	0.1502191	0.17417479	0.12626341
713	0.15583455	0.180584035	0.131085065
714	0.16144995	0.186964806	0.135935094
715	0.1667294	0.192910621	0.140548179
716	0.1721548	0.199056635	0.145252965
717	0.1778219	0.205546014	0.150097786
718	0.18388145	0.212588032	0.155174868
719	0.19028675	0.220009153	0.160564347
720	0.19651435	0.227177597	0.165851103
721	0.2024507	0.233807477	0.171093923
722	0.2079808	0.240044646	0.175916954
723	0.21359425	0.246443021	0.180745479
724	0.2192597	0.252999373	0.185520027
725	0.2248468	0.259402755	0.190290845
726	0.23035035	0.265696927	0.195003773
727	0.2358252	0.271953656	0.199696744
728	0.2411447	0.278101492	0.204187908
729	0.2463611	0.284132978	0.208589222
730	0.2514394	0.29000608	0.21287272
731	0.256612	0.295988015	0.217235985
732	0.26150405	0.301621549	0.221386551
733	0.26609125	0.306899403	0.225283097
734	0.27030315	0.311758201	0.228848099
735	0.27431595	0.316429929	0.232201971
736	0.2782307	0.320986901	0.235474499
737	0.2820636	0.325431222	0.238695978
738	0.28550205	0.329462495	0.241541605
739	0.28886715	0.33339676	0.24433754
740	0.29213835	0.337213781	0.247062919
741	0.29509435	0.340710444	0.249478256
742	0.2979167	0.344015485	0.251817915
743	0.3005958	0.347140144	0.254051456
744	0.3030572	0.350025496	0.256088904
745	0.30532175	0.352689581	0.257953919
746	0.30744995	0.355189971	0.259709929
747	0.30944245	0.357519555	0.261365345
748	0.31126425	0.359657152	0.262871348
749	0.3129638	0.361658094	0.264269506
750	0.3145386	0.363518063	0.265559137
751	0.31600555	0.365247095	0.266764005
752	0.31735845	0.366836526	0.267880374
753	0.31861965	0.3683125	0.2689268
754	0.31978815	0.369669554	0.269906746
755	0.3208789	0.370933692	0.270824108
756	0.3218403	0.371993704	0.271686896
757	0.3226445	0.372760828	0.272528172
758	0.3218235	0.371495843	0.272151157
759	0.3205102	0.3699938	0.2710266
760	0.31923715	0.369178704	0.269295596
761	0.32092	0.371120775	0.270719225
762	0.3222187	0.372632756	0.271804644
763	0.32351975	0.374149779	0.272889721
764	0.3252028	0.376090971	0.274314629
765	0.3267319	0.37780197	0.27566183
766	0.3280145	0.379207234	0.276821766
767	0.329084	0.380345217	0.277822783
768	0.32983495	0.381148445	0.278521455
769	0.3304613	0.381818733	0.279103867
770	0.33099215	0.382387179	0.279597121
771	0.33147815	0.382923861	0.280032439
772	0.33195945	0.383440933	0.280477967
773	0.33242395	0.383933945	0.280913955
774	0.33281825	0.384364817	0.281271683
775	0.33323375	0.384814536	0.281652964
776	0.33364275	0.385251595	0.282033905
777	0.3340254	0.385652351	0.282398449
778	0.33440165	0.386055801	0.282747499
779	0.3348104	0.386497052	0.283123748
780	0.33525835	0.386982458	0.283534242
781	0.3356523	0.387404726	0.283899874
782	0.33601735	0.387794359	0.284240341
783	0.3363601	0.388158056	0.284562144
784	0.33668595	0.388496939	0.284874961
785	0.33694445	0.388757921	0.285130979
786	0.33717845	0.388990165	0.285366735
787	0.33741195	0.389221253	0.285602647
788	0.3376466	0.389454855	0.285838345
789	0.33795185	0.389770522	0.286133178
790	0.33834825	0.39019205	0.28650445
791	0.33876955	0.390644529	0.286894571
792	0.3392295	0.391137145	0.287321855
793	0.33968395	0.391621095	0.287746805
794	0.3399249	0.391865029	0.287984771
795	0.34019485	0.392145967	0.288243733
796	0.3405316	0.392506105	0.288557095
797	0.3410097	0.393030509	0.288988891
798	0.34131645	0.393336909	0.289295991
799	0.34158745	0.393611524	0.289563376
800	0.34184705	0.393891943	0.289802157
801	0.34215425	0.394213522	0.290094978
802	0.3425429	0.394627099	0.290458701
803	0.34299875	0.395119093	0.290878407
804	0.34345955	0.395633283	0.291285817
805	0.34387695	0.39608433	0.29166957
806	0.344235	0.39646076	0.29200924
807	0.34448025	0.396705947	0.292254553
808	0.3446444	0.396857193	0.292431607
809	0.34476065	0.396958562	0.292562738
810	0.34482845	0.397012884	0.292644016
811	0.3446866	0.396802074	0.292571126
812	0.34442815	0.396450487	0.292405813
813	0.3440784	0.395987553	0.292169247
814	0.34387515	0.395698584	0.292051716
815	0.343937	0.395725296	0.292148704
816	0.34421425	0.396011693	0.292416807
817	0.3447477	0.396613475	0.292881925
818	0.3455426	0.39750149	0.29358371
819	0.3462508	0.398315694	0.294185906
820	0.34674245	0.398926408	0.294558492
821	0.3465158	0.398533779	0.294497821
822	0.3466151	0.398579334	0.294650866
823	0.34710805	0.399155012	0.295061088
824	0.34805735	0.400279311	0.295835389
825	0.34850765	0.400778796	0.296236504
826	0.3486675	0.400918503	0.296416497
827	0.34863075	0.400832803	0.296428697
828	0.34891565	0.401119932	0.296711368
829	0.34928775	0.401523904	0.297051596
830	0.34966665	0.40196302	0.29737028
831	0.350076	0.40239099	0.29776101
832	0.35047715	0.40281756	0.29813674
833	0.3508666	0.403243202	0.298489998
834	0.35129925	0.403723313	0.298875187
835	0.3517145	0.404193394	0.299235606
836	0.35211795	0.404647166	0.299588734
837	0.35250765	0.405054069	0.299961231
838	0.35287165	0.405447484	0.300295816
839	0.35320475	0.405813195	0.300596305
840	0.35349395	0.406133796	0.300854104
841	0.35384075	0.406510434	0.301171066
842	0.3542121	0.406900903	0.301523297
843	0.354601	0.407299087	0.301902913
844	0.3549336	0.407669724	0.302197476
845	0.3552174	0.407986661	0.302448139
846	0.3554801	0.408279973	0.302680227
847	0.35578205	0.408615774	0.302948326
848	0.35603025	0.4088544	0.3032061
849	0.35626275	0.409072886	0.303452614
850	0.35648985	0.409306545	0.303673155
851	0.3567455	0.409631868	0.303859132
852	0.3570138	0.409902433	0.304125167
853	0.3572971	0.410100646	0.304493554
854	0.35753345	0.410300482	0.304766418
855	0.3577627	0.410588996	0.304936404
856	0.357994	0.410920768	0.305067232
857	0.35829775	0.411245146	0.305350354
858	0.35855555	0.411512694	0.305598406
859	0.3588072	0.411768786	0.305845614
860	0.35907565	0.412038278	0.306113022
861	0.3592607	0.412238103	0.306283297
862	0.3594552	0.412463292	0.306447108
863	0.35967965	0.412734855	0.306624445
864	0.35996115	0.412988327	0.306933973
865	0.36022725	0.413199681	0.307254819
866	0.3604649	0.413381015	0.307548785
867	0.36061085	0.413565895	0.307655805
868	0.36077225	0.413775397	0.307769103
869	0.3609483	0.413983601	0.307912999
870	0.3611519	0.414174022	0.308129778
871	0.36136135	0.41439301	0.30832969
872	0.36157175	0.414614244	0.308529256
873	0.36178205	0.414832768	0.308731332
874	0.36195595	0.414991314	0.308920586
875	0.362169	0.415198143	0.309139857
876	0.3623932	0.415425458	0.309360942
877	0.36250405	0.415554465	0.309453635
878	0.3626255	0.415675457	0.309575543
879	0.3627556	0.415791635	0.309719565
880	0.3628944	0.415901737	0.309887063
881	0.36295875	0.415944083	0.309973417
882	0.3630732	0.416056321	0.310090079
883	0.36328005	0.416288037	0.310272063
884	0.36333255	0.416328209	0.310336891
885	0.36339575	0.416374648	0.310416852
886	0.36347675	0.416437205	0.310516295
887	0.3636037	0.416560205	0.310647195
888	0.3637005	0.416654702	0.310746298
889	0.363789	0.416741591	0.310836409
890	0.36389315	0.416843547	0.310942753
891	0.3639423	0.4168699	0.3110147
892	0.36381565	0.416704275	0.310927025
893	0.36342445	0.416254847	0.310594053
894	0.3631024	0.415847371	0.310357429
895	0.3627536	0.41538338	0.31012382
896	0.3623812	0.414870616	0.309891784
897	0.3620746	0.414459317	0.309689883
898	0.3618847	0.414160545	0.309608855
899	0.3618106	0.413981735	0.309639465
900	0.36191335	0.414003375	0.309823325
901	0.36231865	0.414405938	0.310231362
902	0.3627234	0.414881919	0.310564881
903	0.36301585	0.415334388	0.310697312
904	0.3632415	0.415678275	0.310804725
905	0.3632617	0.41573488	0.31078852
906	0.3631015	0.415526528	0.310676472
907	0.36304675	0.415318431	0.310775069
908	0.36289095	0.41503166	0.31075024
909	0.36269035	0.414732437	0.310648263
910	0.3625451	0.414567229	0.310522971
911	0.3625655	0.414584267	0.310546733
912	0.36260815	0.41461554	0.31060076
913	0.36260835	0.414580586	0.310636114
914	0.36262305	0.414515334	0.310730766
915	0.3627327	0.414559399	0.310906001
916	0.362937	0.414720712	0.311153288
917	0.363135	0.414932747	0.311337253
918	0.3633989	0.415253196	0.311544604
919	0.36369725	0.415635615	0.311758885
920	0.36399	0.4160276	0.3119524
921	0.3641161	0.416194551	0.312037649
922	0.36418325	0.41625024	0.31211626
923	0.3642328	0.416219061	0.312246539
924	0.36403865	0.415966259	0.312111041
925	0.36374735	0.415654362	0.311840338
926	0.36335245	0.415277937	0.311426963
927	0.36265425	0.414542626	0.310765874
928	0.3618804	0.41366669	0.31009411
929	0.3610023	0.412610118	0.309394482
930	0.3599987	0.411296533	0.308700867
931	0.3585656	0.409479092	0.307652108
932	0.35706255	0.407527455	0.306597645
933	0.355981	0.405955896	0.306006104
934	0.35512195	0.404611055	0.305632845
935	0.35422875	0.403303408	0.305154092
936	0.3533446	0.402138792	0.304550408
937	0.3532555	0.402043454	0.304467546
938	0.35329525	0.40220471	0.30438579
939	0.35336095	0.402484954	0.304236946
940	0.35317205	0.402576863	0.303767237
941	0.3532976	0.402786604	0.303808596
942	0.35331295	0.402765812	0.303860088
943	0.3528409	0.402138613	0.303543187
944	0.3525138	0.401549025	0.303478575
945	0.35190725	0.400691378	0.303123122
946	0.3509136	0.399481814	0.302345386
947	0.3504927	0.398940711	0.302044689
948	0.34997445	0.398313495	0.301635405
949	0.3493728	0.397620717	0.301124883
950	0.34869145	0.396897489	0.300485411
951	0.34795335	0.396057908	0.299848792
952	0.3472628	0.395241274	0.299284326
953	0.3467498	0.394600079	0.298899521
954	0.34591975	0.393592007	0.298247493
955	0.34513805	0.39264447	0.29763163
956	0.3444919	0.391859444	0.297124356
957	0.3435303	0.390766207	0.296294393
958	0.34285855	0.389981216	0.295735884
959	0.3424282	0.389449756	0.295406644
960	0.3421341	0.389041304	0.295226896
961	0.3416686	0.388514864	0.294822336
962	0.34120445	0.388003406	0.294405494
963	0.3409368	0.387663911	0.294209689
964	0.3407322	0.387442429	0.294021971
965	0.34073125	0.387438903	0.294023597
966	0.3409953	0.387705334	0.294285266
967	0.34109595	0.387890526	0.294301374
968	0.3412841	0.388187734	0.294380466
969	0.3415349	0.388558445	0.294511355
970	0.34171205	0.388797496	0.294626604
971	0.34158255	0.388766486	0.294398614
972	0.3414408	0.388702302	0.294179298
973	0.34167675	0.388902388	0.294451112
974	0.3414252	0.38858752	0.29426288
975	0.34142895	0.388509721	0.294348179
976	0.3420217	0.389000591	0.295042809
977	0.34185805	0.388832543	0.294883557
978	0.34196755	0.388909933	0.295025167
979	0.34232465	0.389223704	0.295425596
980	0.34237975	0.389396863	0.295362637
981	0.3425931	0.389670973	0.295515227
982	0.34286795	0.389975313	0.295760587
983	0.3430861	0.390214808	0.295957392
984	0.34375165	0.39093572	0.29656758
985	0.3442762	0.391548847	0.297003553
986	0.3443924	0.391794732	0.296990068
987	0.3449163	0.392388509	0.297444091
988	0.34534415	0.392871685	0.297816615
989	0.34565815	0.393227965	0.298088335
990	0.346032	0.393620971	0.298443029
991	0.34656995	0.394238222	0.298901678
992	0.34722785	0.394991606	0.299464094
993	0.34797775	0.395773191	0.300182309
994	0.34836925	0.396235737	0.300502763
995	0.348706	0.396642827	0.300769173
996	0.3491182	0.39710279	0.30113361
997	0.34942655	0.397463169	0.301389931
998	0.3497557	0.397809126	0.301702274
999	0.35014245	0.398184134	0.302100766
1000	0.3509765	0.399143451	0.302809549
1001	0.35148585	0.404455421	0.298516279
1002	0.3523126	0.405351175	0.299274025
1003	0.3531403	0.406231537	0.300049063
1004	0.35372935	0.406855708	0.300602992
1005	0.35432635	0.407509986	0.301142714
1006	0.35501035	0.408264458	0.301756242
1007	0.35567535	0.408999502	0.302351198
1008	0.35634575	0.409706138	0.302985362
1009	0.35706735	0.410448786	0.303685914
1010	0.3577614	0.411199727	0.304323073
1011	0.35836685	0.41188873	0.30484497
1012	0.35894905	0.412532473	0.305365627
1013	0.3595807	0.413228655	0.305932745
1014	0.36030045	0.414028895	0.306572005
1015	0.36110955	0.414886381	0.307332719
1016	0.3618431	0.415644176	0.308042024
1017	0.36255225	0.41641651	0.30868799
1018	0.3632542	0.417188119	0.309320281
1019	0.3637961	0.417776981	0.309815219
1020	0.36436195	0.418383596	0.310340304
1021	0.3650632	0.41914671	0.31097969
1022	0.36571525	0.419872963	0.311557537
1023	0.3662829	0.420483587	0.312082213
1024	0.3668537	0.421055892	0.312651508
1025	0.3674324	0.42162767	0.31323713
1026	0.368023	0.422236674	0.313809326
1027	0.3686904	0.42295066	0.31443014
1028	0.3693391	0.423654983	0.315023217
1029	0.36987055	0.424239338	0.315501762
1030	0.37046955	0.424897915	0.316041185
1031	0.37114925	0.425635339	0.316663161
1032	0.3716443	0.426161907	0.317126693
1033	0.37203215	0.426563942	0.317500358
1034	0.37251385	0.427058354	0.317969346
1035	0.3730996	0.427703809	0.318495391
1036	0.37374725	0.428463266	0.319031234
1037	0.3742831	0.429080101	0.319486099
1038	0.3747045	0.429530863	0.319878137
1039	0.3751756	0.430029333	0.320321867
1040	0.3756792	0.430569501	0.320788899
1041	0.37612915	0.431050301	0.321207999
1042	0.3766259	0.431578197	0.321673603
1043	0.3771825	0.432174044	0.322190956
1044	0.37765085	0.432678564	0.322623136
1045	0.37807515	0.433141227	0.323009073
1046	0.3785523	0.433685533	0.323419067
1047	0.3790783	0.43426647	0.32389013
1048	0.37951375	0.434732297	0.324295203
1049	0.37980365	0.435059659	0.324547641
1050	0.3801098	0.435416584	0.324803016
1051	0.3804728	0.43583755	0.32510805
1052	0.38085575	0.436265699	0.325445801
1053	0.38124405	0.436669193	0.325818907
1054	0.38162085	0.437057697	0.326184003
1055	0.38193115	0.437394078	0.326468222
1056	0.38222535	0.437719982	0.326730718
1057	0.3826116	0.438141461	0.327081739
1058	0.3830155	0.438582225	0.327448775
1059	0.38325295	0.438841953	0.327663947
1060	0.38345265	0.439050534	0.327854766
1061	0.3837344	0.439379681	0.328089119
1062	0.38405855	0.439754215	0.328362885
1063	0.3843865	0.440099265	0.328673735
1064	0.38462355	0.440354402	0.328892698
1065	0.38475035	0.440482919	0.329017781
1066	0.3849117	0.440612593	0.329210807
1067	0.38513695	0.440818743	0.329455157
1068	0.3853929	0.441085463	0.329700337
1069	0.3856184	0.441317268	0.329919532
1070	0.3857735	0.441473317	0.330073683
1071	0.3859051	0.441611212	0.330198988
1072	0.3859358	0.441614816	0.330256784
1073	0.38594085	0.441563834	0.330317866
1074	0.3861284	0.441731557	0.330525243
1075	0.38639705	0.442022933	0.330771167
1076	0.38657625	0.442202936	0.330949564
1077	0.3866695	0.442260279	0.331078721
1078	0.38677515	0.442328473	0.331221827
1079	0.38694295	0.442468251	0.331417649
1080	0.3871101	0.442605605	0.331614595
1081	0.3871705	0.44262732	0.33171368
1082	0.3871703	0.442593138	0.331747462
1083	0.38719435	0.44258633	0.33180237
1084	0.3872305	0.442574867	0.331886133
1085	0.3871911	0.442460697	0.331921503
1086	0.3871378	0.442336228	0.331939372
1087	0.3871342	0.442252186	0.332016214
1088	0.38713665	0.442168489	0.332104811
1089	0.38703695	0.442014989	0.332058911
1090	0.3869225	0.441863265	0.331981735
1091	0.38691625	0.441814805	0.332017695
1092	0.38691065	0.441751056	0.332070244
1093	0.38668465	0.441418369	0.331950931
1094	0.3863369	0.440940729	0.331733071
1095	0.38601675	0.440491345	0.331542155
1096	0.3857498	0.440105579	0.331394021
1097	0.38546475	0.439722098	0.331207402
1098	0.38515875	0.439325578	0.330991922
1099	0.3848993	0.438975066	0.330823534
1100	0.38472475	0.438722533	0.330726967
1101	0.3845495	0.438471217	0.330627783
1102	0.38423725	0.438088709	0.330385791
1103	0.38388915	0.437670081	0.330108219
1104	0.38350645	0.437215698	0.329797202
1105	0.38313435	0.436771888	0.329496812
1106	0.38272315	0.436290737	0.329155563
1107	0.3822716	0.435759354	0.328783846
1108	0.3817291	0.435149554	0.328308646
1109	0.38114175	0.434508924	0.327774576
1110	0.38051125	0.433822038	0.327200462
1111	0.37983645	0.433078491	0.326594409
1112	0.37897	0.432081203	0.325858797
1113	0.377874	0.430790623	0.324957377
1114	0.3766988	0.429381891	0.324015709
1115	0.37547735	0.427892287	0.323062413
1116	0.37414905	0.426279117	0.322018983
1117	0.3727451	0.424564204	0.320925996
1118	0.3711977	0.422678284	0.319717116
1119	0.3697898	0.420889649	0.318689951
1120	0.3683145	0.41900611	0.31762289
1121	0.36684245	0.417175727	0.316509173
1122	0.365293	0.415268705	0.315317295
1123	0.3639341	0.413592829	0.314275371
1124	0.3625986	0.411933318	0.313263882
1125	0.36140755	0.410444425	0.312370675
1126	0.3603556	0.409131935	0.311579265
1127	0.3589698	0.407445556	0.310494044
1128	0.35743175	0.405594189	0.309269311
1129	0.3560509	0.403996888	0.308104912
1130	0.35482385	0.402642491	0.307005209
1131	0.3535856	0.401279986	0.305891214
1132	0.3521371	0.399682526	0.304591674
1133	0.3506789	0.398061473	0.303296327
1134	0.34908785	0.396258505	0.301917195
1135	0.3475204	0.394498433	0.300542367
1136	0.34556415	0.392368239	0.298760061
1137	0.34372735	0.390372959	0.297081741
1138	0.3418299	0.388376177	0.295283623
1139	0.33999	0.386446776	0.293533224
1140	0.3379034	0.384182389	0.291624411
1141	0.33584165	0.381937378	0.289745922
1142	0.33340085	0.379253723	0.287547977
1143	0.33086895	0.376470679	0.285267221
1144	0.3282486	0.373591427	0.282905773
1145	0.32559135	0.370669182	0.280513518
1146	0.32305885	0.367832679	0.278285021
1147	0.3206781	0.365123995	0.276232205
1148	0.31842255	0.362572932	0.274272168
1149	0.3163451	0.360244083	0.272446117
1150	0.3144112	0.358084221	0.270738179
1151	0.3126607	0.356136944	0.269184456
1152	0.31109335	0.354397168	0.267789532
1153	0.3099713	0.353167821	0.266774779
1154	0.308953	0.352058854	0.265847146
1155	0.3082331	0.351355323	0.265110877
1156	0.3075685	0.350706934	0.264430066
1157	0.30692685	0.350078691	0.263775009
1158	0.3063345	0.349499503	0.263169497
1159	0.30592145	0.349091931	0.262750969
1160	0.30555245	0.348726262	0.262378638
1161	0.30533525	0.348529898	0.262140602
1162	0.3051767	0.348398006	0.261955394
1163	0.30496605	0.348237647	0.261694453
1164	0.30472735	0.348063059	0.261391641
1165	0.30455035	0.347926829	0.261173871
1166	0.30443425	0.347830173	0.261038327
1167	0.30428825	0.347690307	0.260886193
1168	0.30409305	0.347481303	0.260704797
1169	0.30393255	0.347317071	0.260548029
1170	0.3038568	0.347264823	0.260448777
1171	0.3037833	0.347212407	0.260354193
1172	0.30371005	0.347146746	0.260273354
1173	0.30363395	0.347078424	0.260189476
1174	0.30349755	0.346946792	0.260048308
1175	0.30336185	0.34681602	0.25990768
1176	0.3031996	0.34665104	0.25974816
1177	0.3030364	0.346484896	0.259587904
1178	0.3028097	0.346247902	0.259371498
1179	0.30257	0.345996723	0.259143277
1180	0.30238695	0.345757815	0.259016085
1181	0.3022277	0.345525809	0.258929591
1182	0.3020424	0.345307302	0.258777498
1183	0.3018393	0.345094526	0.258584074
1184	0.30162465	0.344851713	0.258397587
1185	0.30140125	0.344582849	0.258219651
1186	0.3012332	0.344377586	0.258088814
1187	0.3011436	0.344260743	0.258026457
1188	0.3010782	0.344174828	0.257981572
1189	0.3010729	0.344166044	0.257979756
1190	0.3010498	0.344141998	0.257957602
1191	0.3009518	0.344051324	0.257852276
1192	0.30086115	0.343967411	0.257754889
1193	0.3008436	0.343951367	0.257735833
1194	0.30082635	0.343935381	0.257717319
1195	0.3008441	0.343944474	0.257743726
1196	0.3008635	0.343955575	0.257771425
1197	0.30094015	0.344042383	0.257837917
1198	0.3010244	0.344138814	0.257909986
1199	0.3011259	0.344232808	0.258018992
1200	0.30123425	0.344327903	0.258140597
1201	0.30137075	0.344458201	0.258283299
1202	0.301517	0.344601753	0.258432247
1203	0.30174025	0.344828833	0.258651667
1204	0.3020369	0.345133947	0.258939853
1205	0.3023431	0.345440448	0.259245752
1206	0.30264255	0.345731914	0.259553186
1207	0.30295965	0.346055407	0.259863893
1208	0.30332995	0.346456511	0.260203389
1209	0.3037159	0.346872882	0.260558918
1210	0.30413555	0.347323797	0.260947303
1211	0.3045544	0.347771115	0.261337685
1212	0.30503935	0.348275442	0.261803258
1213	0.3055295	0.348788094	0.262270906
1214	0.3061239	0.349425245	0.262822555
1215	0.3067124	0.350055867	0.263368933
1216	0.30729095	0.350670032	0.263911868
1217	0.30786505	0.351279767	0.264450333
1218	0.3084576	0.351918234	0.264996966
1219	0.309053	0.352563053	0.265542947
1220	0.30971235	0.353260834	0.266163866
1221	0.3103879	0.353968346	0.266807454
1222	0.3111086	0.354740955	0.267476245
1223	0.31185485	0.355552146	0.268157554
1224	0.31257635	0.356316504	0.268836196
1225	0.31326085	0.357022438	0.269499262
1226	0.31392665	0.357718955	0.270134345
1227	0.3145945	0.358432138	0.270756862
1228	0.31528905	0.359172991	0.271405109
1229	0.3160374	0.359975285	0.272099515
1230	0.3167822	0.36077627	0.27278813
1231	0.3175047	0.361549403	0.273459997
1232	0.3182136	0.362307636	0.274119564
1233	0.31882295	0.362955931	0.274689969
1234	0.3194188	0.363588041	0.275249559
1235	0.3199753	0.364171918	0.275778682
1236	0.320534	0.364759631	0.276308369
1237	0.3211285	0.365396966	0.276860034
1238	0.3217225	0.366032984	0.277412016
1239	0.3222661	0.366600362	0.277931838
1240	0.32279845	0.367156458	0.278440442
1241	0.32332225	0.367706663	0.278937837
1242	0.3238388	0.36824697	0.27943063
1243	0.3243443	0.368777044	0.279911556
1244	0.3248529	0.369310186	0.280395614
1245	0.3253617	0.369843467	0.280879933
1246	0.3258748	0.370387398	0.281362202
1247	0.3263264	0.370860488	0.281792312
1248	0.3267229	0.37126872	0.28217708
1249	0.32716105	0.371725592	0.282596508
1250	0.32764085	0.372230532	0.283051168
1251	0.3280834	0.372693727	0.283473073
1252	0.32846445	0.373083425	0.283845475
1253	0.3288352	0.373463985	0.284206415
1254	0.32916645	0.373825966	0.284506934
1255	0.32951195	0.374203322	0.284820578
1256	0.3298128	0.374518505	0.285107095
1257	0.33011415	0.374834687	0.285393613
1258	0.3304388	0.375163952	0.285713648
1259	0.330765	0.375493044	0.286036956
1260	0.3309395	0.375653779	0.286225221
1261	0.3311008	0.37579894	0.28640266
1262	0.33126535	0.375939956	0.286590744
1263	0.33143545	0.376090113	0.286780787
1264	0.33156225	0.376187856	0.286936644
1265	0.3316691	0.376260222	0.287077978
1266	0.33184465	0.376406871	0.287282429
1267	0.332056	0.376592487	0.287519513
1268	0.3322281	0.376727743	0.287728457
1269	0.3323624	0.376819599	0.287905201
1270	0.33244585	0.37686851	0.28802319
1271	0.33249655	0.376885867	0.288107233
1272	0.33254095	0.376900266	0.288181634
1273	0.33258255	0.376921427	0.288243673
1274	0.3326289	0.376952272	0.288305528
1275	0.3326495	0.376957248	0.288341752
1276	0.332654	0.37694748	0.28836052
1277	0.33263925	0.376940623	0.288337877
1278	0.3326078	0.376911996	0.288303604
1279	0.33250235	0.376782419	0.288222281
1280	0.33239855	0.37665662	0.28814048
1281	0.3322575	0.376504865	0.288010135
1282	0.3320988	0.376335085	0.287862515
1283	0.3318539	0.376074274	0.287633526
1284	0.33161	0.375814793	0.287405207
1285	0.33134995	0.375525419	0.287174481
1286	0.33107555	0.375216154	0.286934946
1287	0.3307444	0.374852275	0.286636525
1288	0.3303882	0.374465209	0.286311191
1289	0.3299368	0.373995217	0.285878383
1290	0.3294784	0.373521519	0.285435281
1291	0.32899555	0.373007693	0.284983407
1292	0.32849165	0.372469748	0.284513552
1293	0.3279633	0.371901979	0.284024621
1294	0.3274015	0.37129651	0.28350649
1295	0.32680675	0.370659857	0.282953643
1296	0.3261568	0.36996222	0.28235138
1297	0.32544785	0.369197538	0.281698162
1298	0.32467625	0.368355223	0.280997277
1299	0.32387645	0.367484255	0.280268645
1300	0.3230681	0.366616553	0.279519647
1301	0.3222523	0.365737277	0.278767323
1302	0.32139035	0.364793433	0.277987267
1303	0.3204662	0.363775987	0.277156413
1304	0.3193724	0.362537016	0.276207784
1305	0.3182497	0.361264993	0.275234407
1306	0.3171232	0.360004265	0.274242135
1307	0.31596185	0.358709352	0.273214348
1308	0.31478355	0.35738924	0.27217786
1309	0.31357195	0.356027834	0.271116066
1310	0.3123331	0.354648878	0.270017322
1311	0.31105095	0.353227896	0.268874004
1312	0.3096352	0.351618992	0.267651408
1313	0.3081494	0.349921711	0.266377089
1314	0.3067301	0.348305378	0.265154822
1315	0.30529905	0.346681775	0.263916325
1316	0.3037066	0.344864637	0.262548563
1317	0.30203835	0.342955059	0.261121641
1318	0.30039385	0.341095702	0.259691998
1319	0.2987568	0.33926245	0.25825115
1320	0.2970625	0.337371484	0.256753516
1321	0.29528785	0.335386068	0.255189632
1322	0.2934808	0.333354588	0.253607012
1323	0.2916376	0.331282218	0.251992982
1324	0.289762	0.329169378	0.250354622
1325	0.2878817	0.327045367	0.248718033
1326	0.2859293	0.324842425	0.247016175
1327	0.28389055	0.322523775	0.245257325
1328	0.2817568	0.320103355	0.243410245
1329	0.27946515	0.317529038	0.241401262
1330	0.27710245	0.314866891	0.239338009
1331	0.27491235	0.312409757	0.237414943
1332	0.272667	0.309894707	0.235439293
1333	0.270542	0.30751442	0.23356958
1334	0.26838865	0.305108325	0.231668975
1335	0.26629965	0.30278793	0.22981137
1336	0.2642001	0.300452545	0.227947655
1337	0.26240035	0.298463216	0.226337484
1338	0.26060425	0.296493023	0.224715477
1339	0.25897305	0.294744158	0.223201942
1340	0.25730205	0.29295056	0.22165354
1341	0.25576455	0.291359109	0.220169991
1342	0.25410575	0.289662794	0.218548706
1343	0.2524873	0.28797545	0.21699915
1344	0.2506533	0.28604486	0.21526174
1345	0.2490082	0.284302805	0.213713595
1346	0.24723155	0.28243289	0.21203021
1347	0.2454514	0.280556148	0.210346652
1348	0.2435415	0.278517821	0.208565179
1349	0.24172	0.276573778	0.206866222
1350	0.23976135	0.274498981	0.205023719
1351	0.23771135	0.272369904	0.203052796
1352	0.23550055	0.270099851	0.200901249
1353	0.23274745	0.267208659	0.198286241
1354	0.23038155	0.264756749	0.196006351
1355	0.2280361	0.262446482	0.193625718
1356	0.2266581	0.260964115	0.192352085
1357	0.22429555	0.258435082	0.190156018
1358	0.2209481	0.255519124	0.186377076
1359	0.21486055	0.249615346	0.180105754
1360	0.2083304	0.24155425	0.17510655
1361	0.1997636	0.233055863	0.166471337
1362	0.19759785	0.231787707	0.163407993
1363	0.19355045	0.230927666	0.156173234
1364	0.1923785	0.232628648	0.152128352
1365	0.1910868	0.235207052	0.146966548
1366	0.18533385	0.22503026	0.14563744
1367	0.1805393	0.218651307	0.142427293
1368	0.17942075	0.215704661	0.143136839
1369	0.17747755	0.214769977	0.140185123
1370	0.1684037	0.199321387	0.137486013
1371	0.16174825	0.189518563	0.133977937
1372	0.160062	0.186910704	0.133213296
1373	0.15972075	0.187441529	0.131999971
1374	0.15733465	0.184134614	0.130534686
1375	0.1541796	0.180364487	0.127994713
1376	0.15499615	0.179984504	0.130007796
1377	0.1572715	0.181637675	0.132905325
1378	0.1563539	0.181782228	0.130925572
1379	0.15383345	0.181277721	0.126389179
1380	0.1509736	0.178904092	0.123043108
1381	0.14815415	0.175704755	0.120603545
1382	0.1431992	0.169741675	0.116656725
1383	0.13696205	0.162523488	0.111400612
1384	0.13028185	0.153872812	0.106690888
1385	0.1230549	0.14393442	0.10217538
1386	0.11841145	0.138625484	0.098197416
1387	0.1172723	0.138589622	0.095954978
1388	0.11514085	0.136413021	0.093868679
1389	0.1119192	0.131397921	0.092440479
1390	0.1095318	0.127760803	0.091302797
1391	0.1065409	0.124111474	0.088970326
1392	0.103689	0.12138018	0.08599782
1393	0.10145845	0.119841946	0.083074954
1394	0.0996749	0.118409529	0.080940271
1395	0.09850445	0.116063356	0.080945544
1396	0.0970327	0.113779427	0.080285973
1397	0.09400695	0.110988945	0.077024955
1398	0.09111935	0.108236335	0.074002365
1399	0.0876419	0.103913914	0.071369886
1400	0.08461195	0.10033423	0.06888967
1401	0.0830114	0.098150728	0.067872072
1402	0.0816696	0.096254792	0.067084408
1403	0.08021795	0.094787893	0.065648007
1404	0.0787648	0.093520487	0.064009113
1405	0.07691615	0.091459606	0.062372694
1406	0.07530655	0.089714649	0.060898451
1407	0.0738145	0.088140108	0.059488892
1408	0.07252225	0.086654884	0.058389616
1409	0.07119245	0.084682879	0.057702021
1410	0.06994035	0.083015015	0.056865685
1411	0.06858555	0.081659359	0.055511741
1412	0.0676077	0.080666335	0.054549065
1413	0.06723205	0.080087707	0.054376393
1414	0.0669286	0.079649023	0.054208177
1415	0.06624435	0.078797029	0.053691671
1416	0.06551385	0.077869487	0.053158213
1417	0.0648104	0.077043624	0.052577176
1418	0.06416805	0.076340918	0.051995182
1419	0.06360415	0.075706391	0.051501909
1420	0.0631164	0.075165172	0.051067628
1421	0.0626935	0.07471711	0.05066989
1422	0.06229645	0.074295928	0.050296972
1423	0.0619663	0.073915348	0.050017252
1424	0.0616921	0.073592398	0.049791802
1425	0.06132765	0.073236591	0.049418709
1426	0.06090125	0.07285698	0.04894552
1427	0.0605987	0.072552876	0.048644524
1428	0.06039565	0.072253518	0.048537782
1429	0.06015465	0.07193232	0.04837698
1430	0.0599012	0.07165859	0.04814381
1431	0.0596632	0.071421153	0.047905247
1432	0.05940885	0.071177822	0.047639878
1433	0.05920075	0.070969197	0.047432303
1434	0.0590764	0.070806348	0.047346452
1435	0.0589218	0.070587916	0.047255684
1436	0.0587101	0.070340789	0.047079411
1437	0.0585168	0.070137816	0.046895784
1438	0.05839055	0.070000461	0.046780639
1439	0.0583068	0.069928585	0.046685015
1440	0.0583078	0.069926734	0.046688866
1441	0.0582892	0.069891185	0.046687215
1442	0.05830425	0.069941538	0.046666962
1443	0.0583342	0.070006683	0.046661717
1444	0.0583337	0.069993986	0.046673414
1445	0.05834915	0.070005811	0.046692489
1446	0.05850945	0.07019767	0.04682123
1447	0.0586556	0.070366712	0.046944488
1448	0.0587771	0.070483573	0.047070627
1449	0.05889655	0.070603613	0.047189487
1450	0.0590407	0.070772353	0.047309047
1451	0.05918415	0.070941379	0.047426921
1452	0.0593716	0.071194588	0.047548612
1453	0.0595414	0.0714283	0.0476545
1454	0.0596798	0.071572882	0.047786718
1455	0.0598076	0.071695545	0.047919655
1456	0.059947	0.071836319	0.048057681
1457	0.0600858	0.071991384	0.048180216
1458	0.06019455	0.072144776	0.048244324
1459	0.0602868	0.072275195	0.048298405
1460	0.06036855	0.072380636	0.048356464
1461	0.0604512	0.072492695	0.048409705
1462	0.06058755	0.072676066	0.048499034
1463	0.06074005	0.072878478	0.048601622
1464	0.0608437	0.073002945	0.048684455
1465	0.0609416	0.073103381	0.048779819
1466	0.0610939	0.073260588	0.048927212
1467	0.0612717	0.073446785	0.049096615
1468	0.06156575	0.073782651	0.049348849
1469	0.06195535	0.074244462	0.049666238
1470	0.06238345	0.074740746	0.050026154
1471	0.0628233	0.075253298	0.050393302
1472	0.06329175	0.075787568	0.050795932
1473	0.0637909	0.076330616	0.051251184
1474	0.0643065	0.076895048	0.051717952
1475	0.0648213	0.077469024	0.052173576
1476	0.06531535	0.078060156	0.052570544
1477	0.06582075	0.07869959	0.05294191
1478	0.06634855	0.079318692	0.053378408
1479	0.06688325	0.079902335	0.053864165
1480	0.0674323	0.080528116	0.054336484
1481	0.06798485	0.081194044	0.054775656
1482	0.068535	0.081858441	0.055211559
1483	0.06913415	0.082567326	0.055700974
1484	0.06974815	0.08327887	0.05621743
1485	0.0704144	0.084029936	0.056798864
1486	0.07107985	0.084795584	0.057364116
1487	0.07175295	0.085595603	0.057910297
1488	0.0723999	0.086348083	0.058451717
1489	0.07309315	0.08712724	0.05905906
1490	0.0737715	0.087899421	0.059643579
1491	0.07446	0.088708996	0.060211004
1492	0.07511885	0.089482006	0.060755694
1493	0.07581655	0.090284993	0.061348107
1494	0.0764848	0.091058373	0.061911227
1495	0.0771239	0.091815265	0.062432535
1496	0.07774865	0.09255081	0.06294649
1497	0.0783954	0.093300385	0.063490415
1498	0.07902345	0.094032227	0.064014673
1499	0.0796766	0.09478906	0.06456414
1500	0.08031895	0.095532665	0.065105235
1501	0.0810052	0.096337069	0.065673331
1502	0.08168925	0.09713611	0.06624239
1503	0.08237815	0.097919901	0.066836399
1504	0.0830583	0.098697741	0.067418859
1505	0.08375715	0.099528007	0.067986293
1506	0.08444595	0.100344916	0.068546984
1507	0.08517	0.101178282	0.069161718
1508	0.08588175	0.101996532	0.069766968
1509	0.0866107	0.10283714	0.07038426
1510	0.0873314	0.103670239	0.070992561
1511	0.0880521	0.104509776	0.071594424
1512	0.08876015	0.105333949	0.072186351
1513	0.0894938	0.106176261	0.072811339
1514	0.0902175	0.10700632	0.07342868
1515	0.0909097	0.107800861	0.074018539
1516	0.0915946	0.108589185	0.074600015
1517	0.092296	0.10941679	0.07517521
1518	0.09299275	0.110240807	0.075744693
1519	0.0937372	0.111097907	0.076376493
1520	0.0944803	0.111950396	0.077010204
1521	0.09520925	0.112794304	0.077624196
1522	0.0959267	0.113624694	0.078228706
1523	0.0966082	0.114416625	0.078799775
1524	0.0972859	0.115208075	0.079363725
1525	0.0979804	0.116010218	0.079950582
1526	0.0986769	0.116813815	0.080539985
1527	0.09937725	0.117614658	0.081139842
1528	0.10007485	0.118408391	0.081741309
1529	0.1007761	0.119210498	0.082341702
1530	0.1014727	0.120010735	0.082934665
1531	0.1021473	0.120784665	0.083509935
1532	0.1028211	0.121556413	0.084085787
1533	0.1035118	0.122362912	0.084660688
1534	0.10420575	0.123177159	0.085234341
1535	0.10489095	0.123972618	0.085809282
1536	0.1055713	0.124761375	0.086381225
1537	0.1062316	0.125517921	0.086945279
1538	0.1068831	0.126259552	0.087506648
1539	0.107519	0.126990801	0.088047199
1540	0.1081564	0.127726015	0.088586785
1541	0.10882245	0.128492697	0.089152203
1542	0.10949835	0.129273844	0.089722856
1543	0.11012535	0.129985969	0.090264731
1544	0.1107354	0.130671284	0.090799516
1545	0.11135405	0.131390068	0.091318032
1546	0.11197105	0.132116433	0.091825667
1547	0.1125811	0.132835587	0.092326613
1548	0.11319515	0.133561561	0.092828739
1549	0.11380855	0.134266861	0.093350239
1550	0.1144218	0.134960999	0.093882601
1551	0.11505745	0.135692752	0.094422148
1552	0.1157043	0.136442546	0.094966054
1553	0.11632995	0.137158034	0.095501866
1554	0.1169494	0.137860875	0.096037925
1555	0.1175654	0.138573639	0.096557161
1556	0.1181797	0.139292142	0.097067258
1557	0.11878905	0.139976933	0.097601167
1558	0.11940335	0.140656046	0.098150654
1559	0.11999925	0.14132989	0.09866861
1560	0.12057885	0.141991192	0.099166508
1561	0.12117085	0.142686592	0.099655108
1562	0.1217754	0.143407715	0.100143085
1563	0.12235425	0.144075567	0.100632933
1564	0.1229196	0.144716138	0.101123062
1565	0.1234992	0.145384286	0.101614114
1566	0.1240963	0.146077785	0.102114815
1567	0.1246599	0.146723329	0.102596471
1568	0.125207	0.147342712	0.103071288
1569	0.1257673	0.147979868	0.103554732
1570	0.126335	0.148630281	0.104039719
1571	0.12691055	0.149294334	0.104526766
1572	0.1275009	0.149974675	0.105027125
1573	0.12810235	0.150661848	0.105542852
1574	0.1287087	0.151353866	0.106063534
1575	0.12928075	0.151993835	0.106567665
1576	0.12983175	0.152599594	0.107063906
1577	0.13039625	0.153235006	0.107557494
1578	0.13096905	0.153889716	0.108048384
1579	0.13152435	0.154518977	0.108529723
1580	0.13206525	0.155129723	0.109000777
1581	0.13263125	0.155783419	0.109479081
1582	0.13321615	0.156468041	0.109964259
1583	0.13379285	0.157115426	0.110470274
1584	0.1343637	0.157736613	0.110990787
1585	0.13494025	0.158379178	0.111501322
1586	0.13551755	0.159032984	0.112002116
1587	0.1360767	0.159670102	0.112483298
1588	0.13662875	0.160301241	0.112956259
1589	0.13721415	0.160961551	0.113466749
1590	0.13782185	0.16164308	0.11400062
1591	0.1383851	0.162286003	0.114484197
1592	0.1389207	0.162904754	0.114936646
1593	0.13948565	0.163556177	0.115415123
1594	0.14006855	0.164228575	0.115908525
1595	0.140636	0.164872583	0.116399417
1596	0.1411983	0.165500931	0.116895669
1597	0.14179435	0.166173025	0.117415675
1598	0.1424114	0.166875061	0.117947739
1599	0.14300755	0.167541485	0.118473615
1600	0.1435951	0.16818975	0.11900045
1601	0.1441946	0.168862532	0.119526668
1602	0.144803	0.169552222	0.120053778
1603	0.14538665	0.170200189	0.120573111
1604	0.1459566	0.170825291	0.121087909
1605	0.14654965	0.171488008	0.121611292
1606	0.14715695	0.172174057	0.122139843
1607	0.14773795	0.172826141	0.122649759
1608	0.1483044	0.173457799	0.123151001
1609	0.14886655	0.174086326	0.123646774
1610	0.14942415	0.17471128	0.12413702
1611	0.14998255	0.175333858	0.124631242
1612	0.15054275	0.175956118	0.125129382
1613	0.1510922	0.176575226	0.125609174
1614	0.1516361	0.177192619	0.126079581
1615	0.15218825	0.177810708	0.126565792
1616	0.1527414	0.178425336	0.127057464
1617	0.15324175	0.178988037	0.127495463
1618	0.15371825	0.179527958	0.127908542
1619	0.1542296	0.180093869	0.128365331
1620	0.1547563	0.180671213	0.128841387
1621	0.1552862	0.181251508	0.129320892
1622	0.15581685	0.181832678	0.129801022
1623	0.1563133	0.182381686	0.130244914
1624	0.15679555	0.182917553	0.130673547
1625	0.15724825	0.183424574	0.131071926
1626	0.15768965	0.183920667	0.131458633
1627	0.15813695	0.184424439	0.131849461
1628	0.1585877	0.184932489	0.132242911
1629	0.1589886	0.185389948	0.132587252
1630	0.15937435	0.185832491	0.132916209
1631	0.15975965	0.186268574	0.133250726
1632	0.16014745	0.186705383	0.133589517
1633	0.16050005	0.187092923	0.133907177
1634	0.16084495	0.187469161	0.134220739
1635	0.16120735	0.187858833	0.134555867
1636	0.16157725	0.188255179	0.134899321
1637	0.1618823	0.188587099	0.135177501
1638	0.16217395	0.188906599	0.135441301
1639	0.16251495	0.189299966	0.135729934
1640	0.16286955	0.189712849	0.136026251
1641	0.1631451	0.189999383	0.136290817
1642	0.1634051	0.190261075	0.136549125
1643	0.1635871	0.190490477	0.136683723
1644	0.16375705	0.190715675	0.136798425
1645	0.1639756	0.19095471	0.13699649
1646	0.16420215	0.191197946	0.137206354
1647	0.1643612	0.191358004	0.137364396
1648	0.1645131	0.19150947	0.13751673
1649	0.16465465	0.191671046	0.137638254
1650	0.16479395	0.19183127	0.13775663
1651	0.1648629	0.191919055	0.137806745
1652	0.16492725	0.192003231	0.137851269
1653	0.164989	0.192082874	0.137895126
1654	0.16504975	0.192161424	0.137938076
1655	0.1650298	0.192116087	0.137943513
1656	0.16500965	0.192070147	0.137949153
1657	0.1650202	0.19209579	0.13794461
1658	0.16502755	0.192117215	0.137937885
1659	0.1649673	0.192045576	0.137889024
1660	0.16490485	0.191973526	0.137836174
1661	0.16482395	0.191891065	0.137756835
1662	0.1647436	0.191807115	0.137680085
1663	0.16463445	0.191688267	0.137580633
1664	0.1645224	0.191567308	0.137477492
1665	0.16441145	0.191442449	0.137380451
1666	0.1642949	0.191312191	0.137277609
1667	0.1641428	0.191152677	0.137132923
1668	0.1639867	0.19098857	0.13698483
1669	0.16382565	0.190814341	0.136836959
1670	0.16366145	0.190631027	0.136691873
1671	0.1634701	0.190391378	0.136548822
1672	0.16328655	0.190166721	0.136406379
1673	0.16313305	0.190001832	0.136264268
1674	0.16296425	0.189826432	0.136102068
1675	0.1627456	0.18961335	0.13587785
1676	0.16252415	0.189392912	0.135655388
1677	0.16230215	0.189156759	0.135447541
1678	0.16209545	0.188936252	0.135254648
1679	0.1619294	0.188762474	0.135096326
1680	0.16174435	0.188566138	0.134922562
1681	0.16151715	0.188315992	0.134718308
1682	0.16126925	0.188040136	0.134498364
1683	0.1609893	0.187727788	0.134250812
1684	0.16069655	0.187407442	0.133985658
1685	0.1603698	0.187051883	0.133687717
1686	0.1600492	0.186695881	0.133402519
1687	0.1597526	0.186361505	0.133143695
1688	0.15945555	0.186031688	0.132879412
1689	0.1591553	0.18570547	0.13260513
1690	0.1588219	0.185344113	0.132299687
1691	0.1584459	0.184936344	0.131955456
1692	0.15807965	0.184544231	0.131615069
1693	0.1577262	0.184168512	0.131283888
1694	0.15737955	0.18377822	0.13098088
1695	0.1570421	0.183380689	0.130703511
1696	0.1566572	0.182971732	0.130342668
1697	0.1562278	0.182543432	0.129912168
1698	0.1558114	0.18210247	0.12952033
1699	0.1553984	0.181649189	0.129147611
1700	0.154976	0.181178973	0.128773027
1701	0.15454745	0.180698931	0.128395969
1702	0.1541086	0.180210041	0.128007159
1703	0.1536712	0.179724783	0.127617617
1704	0.15324585	0.179267127	0.127224573
1705	0.1528198	0.178812328	0.126827272
1706	0.1523195	0.178242027	0.126396973
1707	0.15179315	0.177630987	0.125955313
1708	0.1512744	0.177051027	0.125497773
1709	0.1507509	0.176473533	0.125028267
1710	0.1502065	0.175864739	0.124548261
1711	0.1496489	0.17523798	0.12405982
1712	0.14919115	0.174690108	0.123692192
1713	0.14874925	0.174160164	0.123338336
1714	0.14817945	0.173561943	0.122796957
1715	0.1475872	0.172940269	0.122234131
1716	0.1471182	0.172406087	0.121830313
1717	0.1466615	0.171881963	0.121441037
1718	0.14618095	0.171369764	0.120992136
1719	0.1456911	0.170846583	0.120535617
1720	0.14525415	0.170326592	0.120181708
1721	0.1448186	0.169815934	0.119821266
1722	0.14442725	0.16939331	0.11946119
1723	0.1440345	0.168958918	0.119110082
1724	0.1436688	0.168526363	0.118811237
1725	0.14331655	0.168111123	0.118521977
1726	0.1430422	0.167778995	0.118305405
1727	0.1427784	0.167468762	0.118088038
1728	0.14255895	0.167238065	0.117879835
1729	0.14234765	0.16700323	0.11769207
1730	0.14216505	0.16678034	0.11754976
1731	0.1419673	0.166545943	0.117388657
1732	0.1417214	0.166256492	0.117186308
1733	0.14150335	0.166005223	0.117001477
1734	0.1413709	0.165865795	0.116876005
1735	0.1412541	0.165737897	0.116770303
1736	0.1411481	0.165612274	0.116683926
1737	0.1409719	0.165413854	0.116529946
1738	0.14071025	0.165126431	0.116294069
1739	0.14046315	0.164814226	0.116112074
1740	0.1402358	0.164487452	0.115984148
1741	0.13999805	0.164213548	0.115782552
1742	0.1397435	0.16396688	0.11552012
1743	0.1393871	0.163558695	0.115215505
1744	0.1389692	0.163055186	0.114883214
1745	0.13856705	0.162606632	0.114527468
1746	0.13817715	0.162187137	0.114167163
1747	0.13773405	0.161688627	0.113779473
1748	0.1372618	0.161159069	0.113364531
1749	0.1368437	0.160664861	0.113022539
1750	0.13644245	0.160173746	0.112711154
1751	0.1359184	0.159563097	0.112273703
1752	0.13536385	0.158930643	0.111797057
1753	0.1349034	0.158407588	0.111399212
1754	0.13445115	0.157887305	0.111014995
1755	0.1339625	0.157353364	0.110571636
1756	0.13346765	0.156815603	0.110119697
1757	0.13302185	0.156312244	0.109731456
1758	0.1325678	0.155797012	0.109338588
1759	0.1321041	0.155251718	0.108956482
1760	0.1316249	0.154683801	0.108565999
1761	0.131114	0.154070928	0.108157072
1762	0.13061715	0.153490312	0.107743988
1763	0.1301917	0.153031103	0.107352297
1764	0.12977325	0.152574731	0.106971769
1765	0.1293994	0.152167591	0.106631209
1766	0.12900355	0.151712474	0.106294626
1767	0.1286012	0.151176072	0.106026328
1768	0.12823015	0.150692721	0.105767579
1769	0.12790485	0.150311817	0.105497883
1770	0.1276239	0.149975263	0.105272537
1771	0.12742475	0.149715093	0.105134407
1772	0.12715855	0.149410429	0.104906671
1773	0.1268143	0.149057359	0.104571241
1774	0.12653525	0.148774092	0.104296408
1775	0.1262994	0.148536904	0.104061896
1776	0.12601705	0.148232093	0.103802007
1777	0.12572705	0.147903539	0.103550561
1778	0.12548345	0.147626037	0.103340863
1779	0.12523685	0.147348511	0.103125189
1780	0.1250248	0.147093261	0.102956339
1781	0.12482025	0.146839937	0.102800563
1782	0.1246233	0.146615002	0.102631598
1783	0.12442995	0.146389564	0.102470336
1784	0.124286	0.146155648	0.102416352
1785	0.1241409	0.145922647	0.102359153
1786	0.12396305	0.145727974	0.102198126
1787	0.1237722	0.145527883	0.102016517
1788	0.12365025	0.145436445	0.101864055
1789	0.1235395	0.145361321	0.101717679
1790	0.12335895	0.14511306	0.10160484
1791	0.12315655	0.144812485	0.101500615
1792	0.1230349	0.144644679	0.101425121
1793	0.12287965	0.14446292	0.10129638
1794	0.12261605	0.144143714	0.101088386
1795	0.12235095	0.143849519	0.100852381
1796	0.1221811	0.14374096	0.10062124
1797	0.12199145	0.143589063	0.100393837
1798	0.1217449	0.143339921	0.100149879
1799	0.12142705	0.142975907	0.099878193
1800	0.12093525	0.142371667	0.099498833
1801	0.105664	0.12815185	0.08317615
1802	0.1046494	0.128124015	0.081174785
1803	0.10204785	0.125726599	0.078369101
1804	0.0999011	0.123527289	0.076274911
1805	0.09925085	0.121845862	0.076655838
1806	0.0983844	0.120595975	0.076172825
1807	0.0954312	0.118145416	0.072716984
1808	0.09324235	0.117091206	0.069393494
1809	0.09230525	0.116512876	0.068097624
1810	0.0899325	0.113084015	0.066780985
1811	0.0869496	0.110646356	0.063252844
1812	0.08221665	0.105202058	0.059231242
1813	0.0757941	0.097759471	0.053828729
1814	0.07038265	0.08957711	0.05118819
1815	0.06878845	0.087079743	0.050497157
1816	0.0692977	0.088910972	0.049684428
1817	0.0641975	0.086018653	0.042376347
1818	0.05779145	0.079821224	0.035761676
1819	0.05681125	0.081696548	0.031925952
1820	0.0590781	0.088955356	0.029200844
1821	0.05975095	0.091144617	0.028357283
1822	0.05739845	0.088823673	0.025973227
1823	0.0553937	0.086216454	0.024570946
1824	0.05565325	0.089808479	0.021498021
1825	0.0444342	0.070181744	0.018686656
1826	0.028961	0.054841698	0.003080302
1827	0.0227	0.043338635	0.002061365
1828	0.01856855	0.041779631	-0.004642531
1829	0.0149913	0.038096238	-0.008113638
1830	0.01137095	0.026649572	-0.003907672
1831	0.00774665	0.025399604	-0.009906304
1832	0.004909	0.014777318	-0.004959318
1833	0.0016975	0.008534326	-0.005139326
1834	0.00329725	0.01424499	-0.00765049
1835	0.0126542	0.067835721	-0.042527321
1836	0.04716655	0.201204939	-0.106871839
1837	0.0616945	0.258589683	-0.135200683
1838	0.0400217	0.143714782	-0.063671382
1839	0.03237865	0.107325803	-0.042568503
1840	0.0275233	0.106281334	-0.051234734
1841	0.01660715	0.059835131	-0.026620831
1842	0.00551515	0.023578953	-0.012548653
1843	0.0112996	0.046433024	-0.023833824
1844	0.0181279	0.076861958	-0.040606158
1845	0.010109	0.039230271	-0.019012271
1846	0.0035235	0.013132723	-0.006085723
1847	0.0076608	0.027906297	-0.012584697
1848	0.0188991	0.066369925	-0.028571725
1849	0.02565535	0.084397976	-0.033087276
1850	0.02865105	0.099780785	-0.042478685
1851	0.0275883	0.134063063	-0.078886463
1852	0.031353	0.127928417	-0.065222417
1853	0.137931	0.55847253	-0.28261053
1854	0.6659485	2.642395774	-1.310498774
1855	0.12296775	0.511209685	-0.265274185
1856	0.02112065	0.087220508	-0.044979208
1857	0.0022962	0.012565119	-0.007972719
1858	0.004123	0.017092268	-0.008846268
1859	0.01275725	0.052886329	-0.027371829
1860	0.01147985	0.046069405	-0.023109705
1861	0.006329	0.022031102	-0.009373102
1862	0.00337565	0.017295612	-0.010544312
1863	0.0049094	0.024868337	-0.015049537
1864	0.00702495	0.035464902	-0.021415002
1865	0.01064805	0.043319086	-0.022022986
1866	0.0181406	0.083436249	-0.047155049
1867	0.018822	0.10045643	-0.06281243
1868	0.00850685	0.043983076	-0.026969376
1869	0.00083395	0.004563488	-0.002895588
1870	0.00146275	0.008004367	-0.005078867
1871	0.0005122	0.001763909	-0.000739509
1872	0.01026125	0.035337698	-0.014815198
1873	0.01387375	0.047778435	-0.020030935
1874	0.00915	0.032152194	-0.013852194
1875	0.0043495	0.018440044	-0.009741044
1876	0.00428015	0.018020859	-0.009460559
1877	0.00582945	0.022653019	-0.010994119
1878	0.00705275	0.025693331	-0.011587831
1879	0.0070395	0.024664746	-0.010585746
1880	0.0068531	0.024829749	-0.011123549
1881	0.00545865	0.017341301	-0.006424001
1882	0.0041124	0.0193152	-0.0110904
1883	0.0053612	0.023775499	-0.013053099
1884	0.0071131	0.029606744	-0.015380544
1885	0.0056199	0.021620918	-0.010381118
1886	0.0034023	0.011911726	-0.005107126
1887	0.003217	0.009007635	-0.002573635
1888	0.0044107	0.012396834	-0.003575434
1889	0.00526165	0.01716412	-0.00664082
1890	0.007611	0.026585747	-0.011363747
1891	0.0107947	0.039670504	-0.018081104
1892	0.0087594	0.030065582	-0.012546782
1893	0.0061506	0.022092511	-0.009791311
1894	0.0052082	0.017374436	-0.006958036
1895	0.00484725	0.017286815	-0.007592315
1896	0.00358635	0.015259223	-0.008086523
1897	0.00260875	0.008849579	-0.003632079
1898	0.00218355	0.008909971	-0.004542871
1899	0.00195675	0.008148209	-0.004234709
1900	0.00141905	0.007765235	-0.004927135
1901	0.0009276	0.005075953	-0.003220753
1902	0.00014625	0.0008003	-0.0005078
1903	0.00166035	0.009085661	-0.005764961
1904	0.00350065	0.019156033	-0.012154733
1905	0.0026379	0.014434947	-0.009159147
1906	0.0008497	0.004649674	-0.002950274
1907	0.00311805	0.017062394	-0.010826294
1908	0.00498	0.027251237	-0.017291237
1909	0.00407965	0.022324399	-0.014165099
1910	0.00227415	0.012444458	-0.007896158
1911	0.0009955	0.005447511	-0.003456511
1912	0.0009132	0.003772392	-0.001945992
1913	0.00087825	0.004294914	-0.002538414
1914	0.00060955	0.002763097	-0.001543997
1915	0.00025605	0.000984853	-0.000472753
1916	0.00039585	0.001698387	-0.000906687
1917	0.0007985	0.003314689	-0.001717689
1918	0.00089265	0.00366714	-0.00188184
1919	0.0004986	0.002045884	-0.001048684
1920	0.0003227	0.001207928	-0.000562528
1921	0.00111205	0.00389246	-0.00166836
1922	0.0018089	0.006798947	-0.003181147
1923	0.0012966	0.004681288	-0.002088088
1924	0.0006863	0.00288221	-0.00150961
1925	0.00044925	0.001839381	-0.000940881
1926	0.000458	0.001633276	-0.000717276
1927	0.0012772	0.003302864	-0.000748464
1928	0.0025509	0.006928488	-0.001826688
1929	0.0035044	0.009123882	-0.002115082
1930	0.0038208	0.009396801	-0.001755201
1931	0.00385185	0.009816867	-0.002113167
1932	0.0035012	0.008901878	-0.001899478
1933	0.00319985	0.009885551	-0.003485851
1934	0.00424545	0.010467842	-0.001976942
1935	0.00526285	0.011666179	-0.001140479
1936	0.0048549	0.010659876	-0.000950076
1937	0.0038211	0.009339185	-0.001696985
1938	0.0035705	0.009330003	-0.002189003
1939	0.00403295	0.009767327	-0.001701427
1940	0.0044806	0.010151807	-0.001190607
1941	0.00508605	0.010669099	-0.000496999
1942	0.0056052	0.011851308	-0.000640908
1943	0.0062259	0.012356593	9.52E-05
1944	0.0067865	0.013645251	-7.23E-05
1945	0.00775135	0.015367947	0.000134753
1946	0.00872535	0.017487721	-3.70E-05
1947	0.00942505	0.018612565	0.000237535
1948	0.0099164	0.019345916	0.000486884
1949	0.0103628	0.019734627	0.000990973
1950	0.01073525	0.019258076	0.002212424
1951	0.0111644	0.019285421	0.003043379
1952	0.01203275	0.020624747	0.003440753
1953	0.0128703	0.022546076	0.003194524
1954	0.01317415	0.021745987	0.004602313
1955	0.0134408	0.021434254	0.005447346
1956	0.0140551	0.021650856	0.006459344
1957	0.014704	0.02211352	0.00729448
1958	0.0153888	0.022544088	0.008233512
1959	0.016066	0.023077592	0.009054408
1960	0.01685055	0.023976879	0.009724221
1961	0.0178442	0.025241505	0.010446895
1962	0.0187073	0.026509252	0.010905348
1963	0.0195283	0.027842067	0.011214533
1964	0.02023525	0.029135899	0.011334601
1965	0.021292	0.029950964	0.012633036
1966	0.0222355	0.030713461	0.013757539
1967	0.0227752	0.03120719	0.01434321
1968	0.02316515	0.031619651	0.014710649
1969	0.0234502	0.032022198	0.014878202
1970	0.0236389	0.03242291	0.01485489
1971	0.0239189	0.032859438	0.014978362
1972	0.0244035	0.033405113	0.015401887
1973	0.02483235	0.03392396	0.01574074
1974	0.02510725	0.034120493	0.016094007
1975	0.0253641	0.034327481	0.016400719
1976	0.02571965	0.034637503	0.016801797
1977	0.02607655	0.034981013	0.017172087
1978	0.0265152	0.03537555	0.01765485
1979	0.02696585	0.035780993	0.018150707
1980	0.02737	0.036192085	0.018547915
1981	0.0277395	0.036652723	0.018826277
1982	0.0280549	0.037069426	0.019040374
1983	0.0282156	0.03732864	0.01910256
1984	0.0283592	0.037598084	0.019120316
1985	0.02849035	0.037923015	0.019057685
1986	0.02862115	0.038266473	0.018975827
1987	0.028937	0.038376136	0.019497864
1988	0.0292605	0.038472715	0.020048285
1989	0.0296146	0.038889994	0.020339206
1990	0.0299774	0.039409578	0.020545222
1991	0.03025905	0.039710543	0.020807557
1992	0.03052205	0.039888998	0.021155102
1993	0.0306236	0.039964875	0.021282325
1994	0.0303316	0.039734425	0.020928775
1995	0.0300568	0.039553859	0.020559741
1996	0.03007865	0.039677637	0.020479663
1997	0.0300888	0.039808144	0.020369456
1998	0.02974955	0.039312173	0.020186927
1999	0.02934475	0.03877203	0.01991747
2000	0.0291887	0.038605032	0.019772368
2001	0.0290805	0.038585035	0.019575965
2002	0.0289279	0.038508766	0.019347034
2003	0.0286761	0.038346958	0.019005242
2004	0.028595	0.038412859	0.018777141
2005	0.02882705	0.038700351	0.018953749
2006	0.02895855	0.038896693	0.019020407
2007	0.02935885	0.039247646	0.019470054
2008	0.02974425	0.039664323	0.019824177
2009	0.02983445	0.039805696	0.019863204
2010	0.02988655	0.039998106	0.019774994
2011	0.03027955	0.04040038	0.02015872
2012	0.03061225	0.040813857	0.020410643
2013	0.0310632	0.041317149	0.020809251
2014	0.03165045	0.041955723	0.021345177
2015	0.03228355	0.042668373	0.021898727
2016	0.0330408	0.043574521	0.022507079
2017	0.03379015	0.044441023	0.023139277
2018	0.0343176	0.044982098	0.023653102
2019	0.0347374	0.045491215	0.023983585
2020	0.03503785	0.046044176	0.024031524
2021	0.0353135	0.046577397	0.024049603
2022	0.0355924	0.046634936	0.024549864
2023	0.0358629	0.046642639	0.025083161
2024	0.03611475	0.046663498	0.025566002
2025	0.03631	0.046680949	0.025939051
2026	0.0366027	0.047133542	0.026071858
2027	0.03696475	0.047870935	0.026058565
2028	0.0372507	0.048373443	0.026127957
2029	0.03747715	0.048617103	0.026337197
2030	0.0377283	0.048841199	0.026615401
2031	0.0379145	0.04875979	0.02706921
2032	0.03808915	0.048702799	0.027475501
2033	0.03832895	0.048958627	0.027699273
2034	0.0385855	0.049280703	0.027890297
2035	0.03875145	0.04960856	0.02789434
2036	0.03887085	0.049894618	0.027847082
2037	0.03893985	0.049987993	0.027891707
2038	0.0390115	0.050005146	0.028017854
2039	0.03902695	0.049960433	0.028093467
2040	0.0389102	0.04973047	0.02808993
2041	0.0388412	0.049560016	0.028122384
2042	0.0390808	0.049820203	0.028341397
2043	0.0393654	0.050167398	0.028563402
2044	0.0396085	0.050472187	0.028744813
2045	0.03982435	0.050753843	0.028894857
2046	0.0399025	0.051002115	0.028802885
2047	0.03998015	0.051312037	0.028648263
2048	0.039911	0.051181933	0.028640067
2049	0.0398011	0.050933411	0.028668789
2050	0.03981695	0.05087594	0.02875796
2051	0.03992635	0.050955383	0.028897317
2052	0.0399959	0.05099822	0.02899358
2053	0.03997945	0.050930868	0.029028032
2054	0.03993655	0.050869572	0.029003528
2055	0.03997435	0.050812341	0.029136359
2056	0.04005145	0.050842589	0.029260311
2057	0.0400993	0.051097059	0.029101541
2058	0.0401307	0.051345062	0.028916338
2059	0.04022385	0.051448973	0.028998727
2060	0.04033545	0.051577179	0.029093721
2061	0.0405048	0.051793721	0.029215879
2062	0.0407801	0.05211007	0.02945013
2063	0.0409935	0.052374049	0.029612951
2064	0.04111295	0.052553612	0.029672288
2065	0.0411843	0.052637554	0.029731046
2066	0.0411932	0.052575122	0.029811278
2067	0.04122715	0.052555178	0.029899122
2068	0.0412924	0.052593838	0.029990962
2069	0.0414371	0.052703162	0.030171038
2070	0.04174375	0.053050222	0.030437278
2071	0.0420082	0.053425592	0.030590808
2072	0.04213745	0.05364632	0.03062858
2073	0.0422799	0.053807217	0.030752583
2074	0.04246625	0.053949136	0.030983364
2075	0.0426604	0.054105275	0.031215525
2076	0.0428841	0.054327222	0.031440978
2077	0.0431076	0.054680224	0.031534976
2078	0.0433437	0.0550079	0.0316795
2079	0.0435945	0.055329472	0.031859528
2080	0.0438094	0.055658898	0.031959902
2081	0.0438521	0.055735992	0.031968208
2082	0.04389165	0.055851824	0.031931476
2083	0.0440163	0.056081436	0.031951164
2084	0.0441576	0.056291719	0.032023481
2085	0.0443552	0.056394115	0.032316285
2086	0.0445663	0.056512551	0.032620049
2087	0.0446915	0.056642143	0.032740857
2088	0.0447704	0.056786768	0.032754032
2089	0.04487475	0.056995467	0.032754033
2090	0.04501545	0.057264318	0.032766582
2091	0.0451596	0.057385853	0.032933347
2092	0.04528995	0.057399457	0.033180443
2093	0.04545055	0.057516354	0.033384746
2094	0.04572625	0.057849099	0.033603401
2095	0.0460067	0.05823641	0.03377699
2096	0.04613595	0.058283193	0.033988707
2097	0.0462407	0.058266983	0.034214417
2098	0.0463745	0.058305587	0.034443413
2099	0.0465189	0.058392288	0.034645512
2100	0.04662305	0.058598573	0.034647527
2101	0.0467227	0.058889271	0.034556129
2102	0.0468007	0.059135911	0.034465489
2103	0.0469002	0.059310754	0.034489646
2104	0.0471405	0.059615423	0.034665577
2105	0.04749065	0.060045169	0.034936131
2106	0.0478176	0.060392972	0.035242228
2107	0.0480477	0.060549004	0.035546396
2108	0.0482753	0.060752176	0.035798424
2109	0.0484076	0.060953696	0.035861504
2110	0.0485715	0.061179908	0.035963092
2111	0.04878215	0.061414272	0.036150028
2112	0.04896475	0.061617349	0.036312151
2113	0.04913175	0.061764121	0.036499379
2114	0.04931315	0.061935622	0.036690678
2115	0.0494149	0.06213264	0.03669716
2116	0.0495359	0.062423285	0.036648515
2117	0.04985185	0.062820862	0.036882838
2118	0.05012135	0.063150004	0.037092696
2119	0.0503496	0.063435061	0.037264139
2120	0.0505174	0.06362237	0.03741243
2121	0.05064995	0.063843867	0.037456033
2122	0.0509231	0.064251712	0.037594488
2123	0.05111905	0.064533015	0.037705085
2124	0.051118	0.064539029	0.037696971
2125	0.0511748	0.064603006	0.037746594
2126	0.0513388	0.064757292	0.037920308
2127	0.0515097	0.064925981	0.038093419
2128	0.05172605	0.065037152	0.038414948
2129	0.0519513	0.065119488	0.038783112
2130	0.0521653	0.065287941	0.039042659
2131	0.05240135	0.065545512	0.039257188
2132	0.05267935	0.065930954	0.039427746
2133	0.0529844	0.066403381	0.039565419
2134	0.05332505	0.066842869	0.039807231
2135	0.0535633	0.067115621	0.040010979
2136	0.05366855	0.06731005	0.04002705
2137	0.05371235	0.067469443	0.039955257
2138	0.05381395	0.067597807	0.040030093
2139	0.05402905	0.067744206	0.040313894
2140	0.0542241	0.067887049	0.040561151
2141	0.05439525	0.067915662	0.040874838
2142	0.05458765	0.067950156	0.041225144
2143	0.05474215	0.068037154	0.041447146
2144	0.05484485	0.068134175	0.041555525
2145	0.0549188	0.06831109	0.04152651
2146	0.05503935	0.068567976	0.041510724
2147	0.0552065	0.06882323	0.04158977
2148	0.05536535	0.069032005	0.041698695
2149	0.05546455	0.069115853	0.041813247
2150	0.0555281	0.069089289	0.041966911
2151	0.0557228	0.069341259	0.042104341
2152	0.05608535	0.069903523	0.042267177
2153	0.05644165	0.070367059	0.042516241
2154	0.0566662	0.070645849	0.042686551
2155	0.05687305	0.070889625	0.042856475
2156	0.05705855	0.071140712	0.042976388
2157	0.0572047	0.071401953	0.043007447
2158	0.05722735	0.07150371	0.04295099
2159	0.05725265	0.071565775	0.042939525
2160	0.05732805	0.071559126	0.043096974
2161	0.05740975	0.071540593	0.043278907
2162	0.05765095	0.071736364	0.043565536
2163	0.05797285	0.072028442	0.043917258
2164	0.0580714	0.071987405	0.044155395
2165	0.05814885	0.072018906	0.044278794
2166	0.0583923	0.072404198	0.044380402
2167	0.0586712	0.072847893	0.044494507
2168	0.05896045	0.073299418	0.044621482
2169	0.05927925	0.073720503	0.044837997
2170	0.05952135	0.073928853	0.045113847
2171	0.05962505	0.074032121	0.045217979
2172	0.059735	0.074208554	0.045261446
2173	0.05975115	0.0742933	0.045209
2174	0.05971825	0.074355679	0.045080821
2175	0.05967515	0.074397153	0.044953147
2176	0.0596927	0.074430778	0.044954622
2177	0.05989565	0.074536763	0.045254537
2178	0.0601285	0.074735116	0.045521884
2179	0.06035975	0.075111098	0.045608402
2180	0.0605767	0.075433892	0.045719508
2181	0.0608355	0.075603296	0.046067704
2182	0.0611467	0.075861085	0.046432315
2183	0.0612837	0.075985253	0.046582147
2184	0.06134645	0.076071267	0.046621633
2185	0.0613954	0.076129359	0.046661441
2186	0.0614335	0.076093619	0.046773381
2187	0.06152755	0.076103221	0.046951879
2188	0.0615499	0.07610875	0.04699105
2189	0.0616088	0.076202273	0.047015327
2190	0.0617647	0.076441192	0.047088208
2191	0.0618357	0.076587764	0.047083636
2192	0.0618127	0.076528438	0.047096962
2193	0.06185415	0.076505322	0.047202978
2194	0.0619965	0.076643339	0.047349661
2195	0.0621316	0.076832769	0.047430431
2196	0.0623218	0.07708498	0.04755862
2197	0.0625171	0.077316396	0.047717804
2198	0.06244005	0.077242186	0.047637914
2199	0.0623312	0.077161665	0.047500735
2200	0.06237625	0.077176927	0.047575573
2201	0.06250305	0.077207217	0.047798883
2202	0.06259745	0.077194265	0.048000635
2203	0.062602	0.077195233	0.048008767
2204	0.0627854	0.077477962	0.048092838
2205	0.0630505	0.077944303	0.048156697
2206	0.0632114	0.078312927	0.048109873
2207	0.06333885	0.078501736	0.048175964
2208	0.06341615	0.078621505	0.048210795
2209	0.06333855	0.078514042	0.048163058
2210	0.06326735	0.078399684	0.048135016
2211	0.06326555	0.078396643	0.048134457
2212	0.0632955	0.07841842	0.04817258
2213	0.06331745	0.07834859	0.04828631
2214	0.0633058	0.078256042	0.048355558
2215	0.0632337	0.078070745	0.048396655
2216	0.06312665	0.077801256	0.048452044
2217	0.06296645	0.077492359	0.048440541
2218	0.0629038	0.077319356	0.048488244
2219	0.06295835	0.077388625	0.048528075
2220	0.06300865	0.077490935	0.048526365
2221	0.06300065	0.077492806	0.048508494
2222	0.06295885	0.077471007	0.048446693
2223	0.06282125	0.077259013	0.048383487
2224	0.06250205	0.076759099	0.048245001
2225	0.0621858	0.076343741	0.048027859
2226	0.06193525	0.076093245	0.047777255
2227	0.0616658	0.075879496	0.047452104
2228	0.06129975	0.075695281	0.046904219
2229	0.0609632	0.075528816	0.046397584
2230	0.06071665	0.075201279	0.046232021
2231	0.06042445	0.074729177	0.046119723
2232	0.05998305	0.073995955	0.045970145
2233	0.05954025	0.073312332	0.045768168
2234	0.0591958	0.072973833	0.045417767
2235	0.058875	0.072733628	0.045016372
2236	0.058452	0.072372042	0.044531958
2237	0.05797155	0.071949751	0.043993349
2238	0.0575804	0.07144878	0.04371202
2239	0.05726205	0.07097427	0.04354983
2240	0.05696525	0.070586042	0.043344458
2241	0.05655235	0.070166155	0.042938545
2242	0.05606195	0.069720789	0.042403111
2243	0.0556684	0.069313023	0.042023777
2244	0.0551994	0.0687471	0.0416517
2245	0.0546142	0.068041773	0.041186627
2246	0.05410035	0.06736819	0.04083251
2247	0.0537584	0.066781751	0.040735049
2248	0.05346255	0.066310039	0.040615061
2249	0.05314695	0.066043011	0.040250889
2250	0.052789	0.065817784	0.039760216
2251	0.05225175	0.065323514	0.039179986
2252	0.05165405	0.064668904	0.038639196
2253	0.05103015	0.063827944	0.038232356
2254	0.05049775	0.063097607	0.037897893
2255	0.05035005	0.062856543	0.037843557
2256	0.05024605	0.06269822	0.03779388
2257	0.04996545	0.062407783	0.037523117
2258	0.0496636	0.062138427	0.037188773
2259	0.04928295	0.061794672	0.036771228
2260	0.0488505	0.061394227	0.036306773
2261	0.048622	0.061208554	0.036035446
2262	0.0484388	0.061053812	0.035823788
2263	0.0480903	0.060536913	0.035643687
2264	0.04769505	0.059832143	0.035557957
2265	0.04737615	0.059283264	0.035469036
2266	0.0471824	0.058952371	0.035412429
2267	0.0469594	0.058671424	0.035247376
2268	0.04673565	0.058417643	0.035053657
2269	0.0466599	0.058328841	0.034990959
2270	0.0465892	0.058433327	0.034745073
2271	0.0463905	0.058379683	0.034401317
2272	0.046175	0.058060009	0.034289991
2273	0.04602845	0.057809434	0.034247466
2274	0.0459388	0.057576654	0.034300946
2275	0.04579835	0.05731592	0.03428078
2276	0.04556925	0.057224038	0.033914462
2277	0.0454054	0.0572536	0.0335572
2278	0.04536675	0.057245798	0.033487702
2279	0.04526835	0.057130052	0.033406648
2280	0.04510985	0.056866113	0.033353587
2281	0.0450154	0.056657337	0.033373463
2282	0.04500295	0.056618327	0.033387573
2283	0.04499835	0.056565988	0.033430712
2284	0.0448848	0.056368835	0.033400765
2285	0.0447179	0.056156975	0.033278825
2286	0.04461	0.056121693	0.033098307
2287	0.04451285	0.056159832	0.032865868
2288	0.04438865	0.055960243	0.032817057
2289	0.04420205	0.055714147	0.032689953
2290	0.0439311	0.055426943	0.032435257
2291	0.0436415	0.05506895	0.03221405
2292	0.04334345	0.054753796	0.031933104
2293	0.0431395	0.054470241	0.031808759
2294	0.043027	0.054247969	0.031806031
2295	0.0428342	0.05396724	0.03170116
2296	0.0425592	0.053614236	0.031504164
2297	0.04209485	0.053041098	0.031148602
2298	0.0416457	0.052499888	0.030791512
2299	0.04141725	0.052178187	0.030656313
2300	0.0411821	0.05183387	0.03053033
2301	0.04083985	0.051344511	0.030335189
2302	0.04052905	0.050958852	0.030099248
2303	0.0403006	0.050834499	0.029766701
2304	0.0401017	0.050736765	0.029466635
2305	0.04012105	0.050691209	0.029550891
2306	0.04014935	0.050687676	0.029611024
2307	0.0398851	0.050426525	0.029343675
2308	0.03955775	0.050059807	0.029055693
2309	0.03919945	0.049670467	0.028728433
2310	0.0388153	0.049254846	0.028375754
2311	0.03862115	0.048918222	0.028324078
2312	0.0386375	0.048892915	0.028382085
2313	0.0386664	0.049000323	0.028332477
2314	0.0386498	0.049107672	0.028191928
2315	0.03876085	0.049318857	0.028202843
2316	0.03877245	0.04934034	0.02820456
2317	0.03869115	0.049115965	0.028266335
2318	0.0386444	0.048907301	0.028381499
2319	0.03850395	0.048743659	0.028264241
2320	0.03828335	0.048566093	0.028000607
2321	0.03809005	0.048348956	0.027831144
2322	0.03792365	0.048017818	0.027829482
2323	0.0378359	0.047881729	0.027790071
2324	0.0378463	0.047839142	0.027853458
2325	0.03779425	0.047712773	0.027875727
2326	0.0378285	0.047799578	0.027857422
2327	0.0378625	0.047896956	0.027828044
2328	0.03761485	0.047785757	0.027443943
2329	0.03736825	0.047624278	0.027112222
2330	0.0373052	0.047416084	0.027194316
2331	0.0372598	0.047253385	0.027266215
2332	0.03719805	0.047003011	0.027393089
2333	0.03709855	0.046734361	0.027462739
2334	0.0368747	0.046659504	0.027089896
2335	0.03665735	0.046598425	0.026716275
2336	0.0364514	0.046309261	0.026593539
2337	0.03624615	0.046046423	0.026445877
2338	0.03608905	0.045779043	0.026399057
2339	0.03582785	0.045447939	0.026207761
2340	0.03553285	0.045246661	0.025819039
2341	0.03525555	0.04522924	0.02528186
2342	0.03485025	0.044931612	0.024768888
2343	0.03458165	0.044473461	0.024689839
2344	0.0343554	0.043913228	0.024797572
2345	0.03405965	0.043398283	0.024721017
2346	0.03391065	0.043192412	0.024628888
2347	0.03391425	0.043306665	0.024521835
2348	0.0340394	0.043513024	0.024565776
2349	0.0341483	0.043654337	0.024642263
2350	0.0339598	0.043593612	0.024325988
2351	0.0335374	0.043380605	0.023694195
2352	0.03336525	0.043273467	0.023457033
2353	0.0333147	0.043251823	0.023377577
2354	0.0332529	0.043218341	0.023287459
2355	0.03338955	0.043087053	0.023692047
2356	0.03341315	0.042945521	0.023880779
2357	0.03339675	0.042820657	0.023972843
2358	0.03352375	0.042873392	0.024174108
2359	0.03365545	0.043035415	0.024275485
2360	0.03370205	0.043077358	0.024326742
2361	0.03358835	0.042869707	0.024306993
2362	0.03340655	0.042599838	0.024213262
2363	0.0330301	0.042131444	0.023928756
2364	0.032646	0.041714496	0.023577504
2365	0.0320545	0.040940268	0.023168732
2366	0.0314457	0.040217964	0.022673436
2367	0.03124265	0.039967761	0.022517539
2368	0.03107335	0.039823822	0.022322878
2369	0.0309151	0.039861707	0.021968493
2370	0.0308333	0.040019381	0.021647219
2371	0.03075195	0.039949561	0.021554339
2372	0.03066625	0.039952247	0.021380253
2373	0.0306941	0.039848519	0.021539681
2374	0.03072905	0.0396957	0.0217624
2375	0.03051815	0.039584239	0.021452061
2376	0.0301793	0.039478175	0.020880425
2377	0.0294764	0.038665687	0.020287113
2378	0.02867355	0.037904328	0.019442772
2379	0.0284034	0.037649631	0.019157169
2380	0.0283081	0.037562478	0.019053722
2381	0.0283271	0.037400916	0.019253284
2382	0.02849695	0.037323323	0.019670577
2383	0.02838015	0.036879086	0.019881214
2384	0.0280686	0.036402736	0.019734464
2385	0.02757615	0.036046181	0.019106119
2386	0.0269213	0.035697575	0.018145025
2387	0.02679815	0.035855566	0.017740734
2388	0.0270875	0.036215468	0.017959532
2389	0.02716135	0.036222004	0.018100696
2390	0.027184	0.036047029	0.018320971
2391	0.0272995	0.036166471	0.018432529
2392	0.02729145	0.03634366	0.01823924
2393	0.02730295	0.036526049	0.018079851
2394	0.02741825	0.036870638	0.017965862
2395	0.02713595	0.036688881	0.017583019
2396	0.02649405	0.035860087	0.017128013
2397	0.02599745	0.035222981	0.016771919
2398	0.02561955	0.034869585	0.016369515
2399	0.0254679	0.034742891	0.016192909
2400	0.0257159	0.034474809	0.016956991
2401	0.0257692	0.034162123	0.017376277
2402	0.02535625	0.033819477	0.016893023
2403	0.0250583	0.033788974	0.016327626
2404	0.0252823	0.033944689	0.016619911
2405	0.0254403	0.034236344	0.016644256
2406	0.0251289	0.034265067	0.015992733
2407	0.02466015	0.034147029	0.015173271
2408	0.02371625	0.033079166	0.014353334
2409	0.0227896	0.032050314	0.013528886
2410	0.0225544	0.031751252	0.013357548
2411	0.02232165	0.031544268	0.013099032
2412	0.02178505	0.030966134	0.012603966
2413	0.0213728	0.030633809	0.012111791
2414	0.021142	0.030676357	0.011607643
2415	0.02065235	0.030662746	0.010641954
2416	0.01997055	0.029860984	0.010080116
2417	0.01947485	0.029525396	0.009424304
2418	0.0191697	0.029119478	0.009219922
2419	0.0189625	0.028754032	0.009170968
2420	0.0193574	0.028530116	0.010184684
2421	0.0198173	0.028580513	0.011054087
2422	0.0201759	0.028252101	0.012099699
2423	0.02034755	0.028084478	0.012610622
2424	0.0200786	0.027717746	0.012439454
2425	0.019676	0.027482391	0.011869609
2426	0.0193222	0.027623124	0.011021276
2427	0.01913125	0.02826936	0.00999314
2428	0.0186592	0.027681266	0.009637134
2429	0.0179565	0.02660977	0.00930323
2430	0.01763535	0.026199669	0.009071031
2431	0.01748305	0.026292161	0.008673939
2432	0.0172835	0.026496377	0.008070623
2433	0.01730665	0.027268031	0.007345269
2434	0.01678555	0.026494157	0.007076943
2435	0.01598995	0.02491383	0.00706607
2436	0.0153154	0.023072018	0.007558782
2437	0.01461495	0.021243917	0.007985983
2438	0.0143373	0.021006076	0.007668524
2439	0.01392695	0.020911565	0.006942335
2440	0.01306015	0.020107605	0.006012695
2441	0.01213245	0.019457829	0.004807071
2442	0.01173925	0.019085275	0.004393225
2443	0.01126755	0.017881023	0.004654077
2444	0.01030215	0.016192858	0.004411442
2445	0.00960425	0.015245279	0.003963221
2446	0.00875415	0.014316806	0.003191494
2447	0.0081709	0.014153462	0.002188338
2448	0.00825985	0.015262133	0.001257567
2449	0.00882475	0.01604444	0.00160506
2450	0.0089861	0.016382111	0.001590089
2451	0.00853275	0.015554993	0.001510507
2452	0.008714	0.016406727	0.001021273
2453	0.0091864	0.018389438	-1.66E-05
2454	0.0087196	0.018201008	-0.000761808
2455	0.00763335	0.015594062	-0.000327362
2456	0.0071825	0.014408399	-4.34E-05
2457	0.0072533	0.01379028	0.00071632
2458	0.00739775	0.013521765	0.001273735
2459	0.00761505	0.013485109	0.001744991
2460	0.00764835	0.013970275	0.001326425
2461	0.00754585	0.014714121	0.000377579
2462	0.00746195	0.015579921	-0.000656021
2463	0.0072903	0.015358933	-0.000778333
2464	0.00698645	0.015132854	-0.001159954
2465	0.0067673	0.014516444	-0.000981844
2466	0.0067965	0.014006361	-0.000413361
2467	0.0069687	0.013804399	0.000133001
2468	0.0069993	0.014044204	-4.56E-05
2469	0.0069297	0.013610839	0.000248561
2470	0.00663625	0.013485932	-0.000213432
2471	0.0061051	0.012098057	0.000112143
2472	0.00541425	0.010852513	-2.40E-05
2473	0.00460335	0.009947928	-0.000741228
2474	0.0040178	0.009663177	-0.001627577
2475	0.0031388	0.007230728	-0.000953128
2476	0.00242295	0.005482441	-0.000636541
2477	0.00294105	0.006856183	-0.000974083
2478	0.00337095	0.007977582	-0.001235682
2479	0.0039585	0.008500388	-0.000583388
2480	0.0045037	0.010215736	-0.001208336
2481	0.0039332	0.009250753	-0.001384353
2482	0.00347895	0.009257932	-0.002300032
2483	0.0027074	0.00724946	-0.00183466
2484	0.00166435	0.005084932	-0.001756232
2485	0.001515	0.004377103	-0.001347103
2486	0.00150255	0.005319198	-0.002314098
2487	0.001291	0.004413539	-0.001831539
2488	0.00106995	0.003476663	-0.001336763
2489	0.00199885	0.00606653	-0.00206883
2490	0.00340425	0.010197462	-0.003388962
2491	0.00304945	0.00906974	-0.00297084
2492	0.0022374	0.006826253	-0.002351453
2493	0.0023521	0.008002056	-0.003297856
2494	0.00264085	0.009986692	-0.004704992
2495	0.00311505	0.009562327	-0.003332227
2496	0.00339815	0.010187231	-0.003390931
2497	0.00396135	0.013123591	-0.005200891
2498	0.00488955	0.017397521	-0.007618421
2499	0.0037866	0.012570145	-0.004996945
2500	0.0018927	0.005885422	-0.002100022
