Wavelength	Mean	Std+	Std-
350	0.0239344	0.035382844	0.012485956
351	0.0239464	0.035423286	0.012469514
352	0.02368205	0.035143234	0.012220866
353	0.0235722	0.034939846	0.012204554
354	0.0235433	0.03483802	0.01224858
355	0.02357675	0.034828396	0.012325104
356	0.0235455	0.034833043	0.012257957
357	0.02340085	0.034703012	0.012098688
358	0.0232403	0.034514972	0.011965628
359	0.0232666	0.034398061	0.012135139
360	0.02310005	0.034228838	0.011971262
361	0.02292895	0.034060251	0.011797649
362	0.0228565	0.03391945	0.01179355
363	0.02285865	0.033948238	0.011769062
364	0.02289005	0.034000588	0.011779512
365	0.02293675	0.0340489	0.0118246
366	0.02281455	0.033889788	0.011739312
367	0.02274615	0.033830647	0.011661653
368	0.02271865	0.033809444	0.011627856
369	0.02272755	0.033678802	0.011776298
370	0.02271	0.033596979	0.011823021
371	0.0226959	0.033542456	0.011849344
372	0.02270885	0.033513185	0.011904515
373	0.02251425	0.033439308	0.011589192
374	0.02245895	0.033412447	0.011505453
375	0.0225968	0.033443967	0.011749633
376	0.0223563	0.033263262	0.011449338
377	0.02234215	0.03330684	0.01137746
378	0.0224682	0.033467525	0.011468875
379	0.0224919	0.033407295	0.011576505
380	0.0223744	0.033383876	0.011364924
381	0.0223144	0.033380695	0.011248105
382	0.02250875	0.033384628	0.011632872
383	0.02244565	0.0332693	0.011622
384	0.022399	0.033215973	0.011582027
385	0.0224193	0.033262625	0.011575975
386	0.02236945	0.033267581	0.011471319
387	0.0223222	0.033264589	0.011379811
388	0.022284	0.033255035	0.011312965
389	0.02228805	0.033239076	0.011337024
390	0.0223048	0.033209445	0.011400155
391	0.02233975	0.033207848	0.011471652
392	0.0224084	0.033287573	0.011529227
393	0.02232855	0.033286256	0.011370844
394	0.0222603	0.033206531	0.011314069
395	0.02223895	0.033050297	0.011427603
396	0.02219135	0.033036406	0.011346294
397	0.0222223	0.033129287	0.011315313
398	0.022289	0.033268102	0.011309898
399	0.02226785	0.033274553	0.011261147
400	0.02219235	0.033203664	0.011181036
401	0.02215995	0.033167498	0.011152402
402	0.0222845	0.033289366	0.011279634
403	0.0222766	0.033224144	0.011329056
404	0.02225495	0.033158586	0.011351314
405	0.0222476	0.033137629	0.011357571
406	0.0223003	0.033186208	0.011414392
407	0.022362	0.033265086	0.011458914
408	0.0224253	0.033360093	0.011490507
409	0.0224588	0.033408216	0.011509384
410	0.02252055	0.03347991	0.01156119
411	0.02259535	0.03357478	0.01161592
412	0.0226737	0.033708327	0.011639073
413	0.02275325	0.033789871	0.011716629
414	0.0228721	0.033906939	0.011837261
415	0.0230527	0.034096707	0.012008693
416	0.02315845	0.034234202	0.012082698
417	0.0232573	0.034371845	0.012142755
418	0.0233666	0.03451972	0.01221348
419	0.02360555	0.034746796	0.012464304
420	0.02380675	0.035004379	0.012609121
421	0.0239868	0.035263068	0.012710532
422	0.024162	0.035478756	0.012845244
423	0.0243582	0.035714996	0.013001404
424	0.024556	0.035968277	0.013143723
425	0.02474945	0.036243319	0.013255581
426	0.0249457	0.036479528	0.013411872
427	0.0251859	0.03677795	0.01359385
428	0.02546855	0.037141499	0.013795601
429	0.02571415	0.037481608	0.013946692
430	0.0259566	0.037824384	0.014088816
431	0.02620445	0.038166572	0.014242328
432	0.0264857	0.038510958	0.014460442
433	0.02674055	0.038877573	0.014603527
434	0.02697085	0.039216439	0.014725261
435	0.0271739	0.039499713	0.014848087
436	0.0273854	0.039768741	0.015002059
437	0.0275982	0.040030016	0.015166384
438	0.0278142	0.040291382	0.015337018
439	0.02805005	0.040631449	0.015468651
440	0.02826	0.040920798	0.015599202
441	0.0284444	0.041167985	0.015720815
442	0.02858995	0.041369387	0.015810513
443	0.0287949	0.041655068	0.015934732
444	0.0290039	0.041928782	0.016079018
445	0.0291857	0.042127865	0.016243535
446	0.029362	0.042382719	0.016341281
447	0.02952645	0.042614292	0.016438608
448	0.02968085	0.042816618	0.016545082
449	0.0298779	0.043064865	0.016690935
450	0.03001735	0.043254222	0.016780478
451	0.0301262	0.043405119	0.016847281
452	0.03026255	0.043550378	0.016974722
453	0.03039905	0.043709142	0.017088958
454	0.030535	0.043879888	0.017190112
455	0.030669	0.044066622	0.017271378
456	0.03076295	0.044190498	0.017335402
457	0.03084155	0.044285182	0.017397918
458	0.0309076	0.044353178	0.017462022
459	0.030991	0.04444634	0.01753566
460	0.03102945	0.04451156	0.01754734
461	0.03104955	0.044564846	0.017534254
462	0.03113565	0.044654712	0.017616588
463	0.0311872	0.044713475	0.017660925
464	0.03122195	0.044761306	0.017682594
465	0.03124755	0.044811069	0.017684031
466	0.0312801	0.044828104	0.017732096
467	0.03130395	0.044860291	0.017747609
468	0.03131455	0.044920491	0.017708609
469	0.03137995	0.044977218	0.017782682
470	0.0314375	0.045038751	0.017836249
471	0.0314889	0.045100742	0.017877058
472	0.0315402	0.045143762	0.017936638
473	0.03154775	0.045161708	0.017933792
474	0.0315513	0.045190094	0.017912506
475	0.03158855	0.045269736	0.017907364
476	0.0316279	0.045307514	0.017948286
477	0.03166765	0.04535411	0.01798119
478	0.0317078	0.04542223	0.01799337
479	0.0317307	0.045457097	0.018004303
480	0.031767	0.045492521	0.018041479
481	0.031816	0.045532871	0.018099129
482	0.0318819	0.045604474	0.018159326
483	0.03190865	0.045635382	0.018181918
484	0.0319223	0.045653109	0.018191491
485	0.03194745	0.045685117	0.018209783
486	0.03199555	0.045743344	0.018247756
487	0.03206025	0.045824779	0.018295721
488	0.0321425	0.045932343	0.018352657
489	0.03220385	0.046038103	0.018369597
490	0.03228975	0.046147718	0.018431782
491	0.0323959	0.046259219	0.018532581
492	0.0325041	0.046366696	0.018641504
493	0.0326221	0.046505855	0.018738345
494	0.03275685	0.04667093	0.01884277
495	0.0329291	0.046869446	0.018988754
496	0.03310775	0.047073232	0.019142268
497	0.0332953	0.047284076	0.019306524
498	0.03349595	0.047505768	0.019486132
499	0.03375625	0.047819654	0.019692846
500	0.03402915	0.048144144	0.019914156
501	0.03431875	0.048481706	0.020155794
502	0.03469275	0.048896447	0.020489053
503	0.0350817	0.049363772	0.020799628
504	0.0354877	0.049866229	0.021109171
505	0.03593545	0.050409344	0.021461556
506	0.03647605	0.051044007	0.021908093
507	0.03703575	0.051697991	0.022373509
508	0.037592	0.052351043	0.022832957
509	0.03829385	0.053170747	0.023416953
510	0.03904525	0.054057939	0.024032561
511	0.0398449	0.055011176	0.024678624
512	0.04075085	0.056084791	0.025416909
513	0.0417046	0.057219365	0.026189835
514	0.0427183	0.05843724	0.02699936
515	0.0438354	0.059814602	0.027856198
516	0.0450962	0.061368387	0.028824013
517	0.0464683	0.063060553	0.029876047
518	0.04796305	0.064905672	0.031020428
519	0.04952225	0.066893908	0.032150592
520	0.0511241	0.068919792	0.033328408
521	0.0527488	0.07095345	0.03454415
522	0.0543693	0.073004712	0.035733888
523	0.0559862	0.075056961	0.036915439
524	0.0576211	0.077138831	0.038103369
525	0.05930895	0.079301468	0.039316432
526	0.06102105	0.081503987	0.040538113
527	0.0627047	0.083684534	0.041724866
528	0.06433755	0.085820477	0.042854623
529	0.0658689	0.087842323	0.043895477
530	0.0673029	0.089730894	0.044874906
531	0.06863525	0.091477244	0.045793256
532	0.06991105	0.093162475	0.046659625
533	0.07112245	0.094774744	0.047470156
534	0.0722775	0.096324814	0.048230186
535	0.0733462	0.097780882	0.048911518
536	0.0742968	0.099081422	0.049512178
537	0.075172	0.100275894	0.050068106
538	0.07597715	0.101364098	0.050590202
539	0.076742	0.102423118	0.051060882
540	0.07747455	0.1034468	0.0515023
541	0.0781693	0.104426168	0.051912432
542	0.0788262	0.105375803	0.052276597
543	0.07947965	0.106298912	0.052660388
544	0.0801168	0.107184014	0.053049586
545	0.080693	0.107985546	0.053400454
546	0.0812717	0.108792778	0.053750622
547	0.0818397	0.109587009	0.054092391
548	0.0823807	0.110347363	0.054414037
549	0.08287955	0.11104338	0.05471572
550	0.08333715	0.111681987	0.054992313
551	0.0837496	0.112258549	0.055240651
552	0.08399245	0.112628285	0.055356615
553	0.0841734	0.11289915	0.05544765
554	0.0842821	0.113061825	0.055502375
555	0.08422915	0.113013469	0.055444831
556	0.0840836	0.112824058	0.055343142
557	0.0838507	0.112523546	0.055177854
558	0.083484	0.112078075	0.054889925
559	0.08304705	0.111545356	0.054548744
560	0.0825635	0.110943841	0.054183159
561	0.08203465	0.110270203	0.053799097
562	0.0814105	0.109480179	0.053340821
563	0.0807331	0.108612289	0.052853911
564	0.08000165	0.10766776	0.05233554
565	0.0791958	0.106635049	0.051756551
566	0.07831075	0.105502003	0.051119497
567	0.07735785	0.104280314	0.050435386
568	0.07632165	0.102944616	0.049698684
569	0.07526575	0.101572696	0.048958804
570	0.074186	0.100180416	0.048191584
571	0.0730786	0.098771303	0.047385897
572	0.0720166	0.097404269	0.046628931
573	0.0709932	0.096080186	0.045906214
574	0.07000875	0.094799648	0.045217852
575	0.06908505	0.0935856	0.0445845
576	0.06820665	0.092450903	0.043962397
577	0.06737325	0.091381458	0.043365042
578	0.06662675	0.090413408	0.042840092
579	0.0659556	0.089543334	0.042367866
580	0.06532415	0.088728071	0.041920229
581	0.06472965	0.087965898	0.041493402
582	0.0642121	0.087280288	0.041143912
583	0.06370365	0.086611757	0.040795543
584	0.0632021	0.085958242	0.040445958
585	0.06275375	0.085369231	0.040138269
586	0.06230265	0.084793488	0.039811812
587	0.0618573	0.084234764	0.039479836
588	0.06145545	0.08373347	0.03917743
589	0.0611275	0.083342728	0.038912272
590	0.0608457	0.08302027	0.03867113
591	0.0606149	0.082771032	0.038458768
592	0.0604237	0.082509493	0.038337907
593	0.06026765	0.082295863	0.038239437
594	0.06014245	0.082131682	0.038153218
595	0.0600237	0.081999056	0.038048344
596	0.05993765	0.081904555	0.037970745
597	0.05986565	0.081823303	0.037907997
598	0.05977145	0.081702947	0.037839953
599	0.05964245	0.081552962	0.037731938
600	0.05949525	0.081379694	0.037610806
601	0.059334	0.081179835	0.037488165
602	0.05912225	0.080931197	0.037313303
603	0.0588777	0.080626312	0.037129088
604	0.0585972	0.080257828	0.036936572
605	0.05821665	0.079777917	0.036655383
606	0.05781145	0.079268035	0.036354865
607	0.05737215	0.078710244	0.036034056
608	0.05686695	0.078045021	0.035688879
609	0.0563641	0.077375603	0.035352597
610	0.05585395	0.076697326	0.035010574
611	0.05533455	0.076014241	0.034654859
612	0.0548367	0.07533585	0.03433755
613	0.0543424	0.07466566	0.03401914
614	0.05384845	0.07400533	0.03369157
615	0.05336365	0.073402458	0.033324842
616	0.05293785	0.072844237	0.033031463
617	0.052557	0.072326897	0.032787103
618	0.0521952	0.071857401	0.032532999
619	0.0518605	0.071398378	0.032322622
620	0.0515443	0.07097238	0.03211622
621	0.0512489	0.070614745	0.031883055
622	0.0510673	0.070355655	0.031778945
623	0.05089375	0.070112721	0.031674779
624	0.0507101	0.069873785	0.031546415
625	0.05060165	0.069720732	0.031482568
626	0.050491	0.069568293	0.031413707
627	0.05038265	0.069427675	0.031337625
628	0.0502925	0.06934644	0.03123856
629	0.050255	0.069279193	0.031230807
630	0.0502221	0.06921302	0.03123118
631	0.05015145	0.069135899	0.031167001
632	0.05005795	0.069016144	0.031099756
633	0.04994845	0.068873363	0.031023537
634	0.0498229	0.068709396	0.030936404
635	0.04959215	0.068409762	0.030774538
636	0.04932375	0.068082965	0.030564535
637	0.04901585	0.067718669	0.030313031
638	0.04862595	0.06722886	0.03002304
639	0.048214	0.066718701	0.029709299
640	0.0477995	0.06619967	0.02939933
641	0.04740195	0.065677698	0.029126202
642	0.04690385	0.065062866	0.028744834
643	0.0463852	0.064428981	0.028341419
644	0.0458595	0.063786802	0.027932198
645	0.04537965	0.063174902	0.027584398
646	0.04489785	0.062577523	0.027218177
647	0.04442385	0.061999382	0.026848318
648	0.04403565	0.061490849	0.026580451
649	0.0436953	0.061063551	0.026327049
650	0.04338065	0.060676103	0.026085197
651	0.0430707	0.060286918	0.025854482
652	0.0428147	0.059954823	0.025674577
653	0.04255175	0.05960577	0.02549773
654	0.04225415	0.059203392	0.025304908
655	0.0419305	0.058786004	0.025074996
656	0.0415316	0.058291157	0.024772043
657	0.04107875	0.057736074	0.024421426
658	0.04059585	0.057083914	0.024107786
659	0.04009495	0.056434078	0.023755822
660	0.0395821	0.055780953	0.023383247
661	0.03905655	0.055111071	0.023002029
662	0.0385758	0.054487175	0.022664425
663	0.0381133	0.053888694	0.022337906
664	0.0376635	0.053314774	0.022012226
665	0.0372646	0.052809678	0.021719522
666	0.03689625	0.052345076	0.021447424
667	0.0365618	0.051922087	0.021201513
668	0.0363252	0.051593919	0.021056481
669	0.03610855	0.051320343	0.020896757
670	0.03591925	0.051087113	0.020751387
671	0.03578885	0.050893066	0.020684634
672	0.03567025	0.050732492	0.020608008
673	0.0355926	0.05062394	0.02056126
674	0.03558435	0.050594871	0.020573829
675	0.035544	0.050541581	0.020546419
676	0.0355522	0.050542531	0.020561869
677	0.035617	0.050606489	0.020627511
678	0.0357357	0.050740679	0.020730721
679	0.03591425	0.050944824	0.020883676
680	0.03615595	0.051227602	0.021084298
681	0.03650885	0.051660418	0.021357282
682	0.03696195	0.052217096	0.021706804
683	0.03752585	0.052902534	0.022149166
684	0.0382588	0.053780279	0.022737321
685	0.03927325	0.055001123	0.023545377
686	0.04052375	0.056558887	0.024488613
687	0.0420098	0.058465721	0.025553879
688	0.0438345	0.060768871	0.026900129
689	0.04594375	0.063437329	0.028450171
690	0.04831085	0.066446291	0.030175409
691	0.05116865	0.07010441	0.03223289
692	0.054559	0.074468868	0.034649132
693	0.0583749	0.079390646	0.037359154
694	0.06269735	0.084960843	0.040433857
695	0.06759245	0.09129966	0.04388524
696	0.07275855	0.097980826	0.047536274
697	0.07823815	0.105056024	0.051420276
698	0.08417725	0.112772263	0.055582237
699	0.0904142	0.120861537	0.059966863
700	0.09693265	0.129304488	0.064560812
701	0.103804	0.138177229	0.069430771
702	0.1107785	0.147156172	0.074400828
703	0.1177694	0.156127832	0.079410968
704	0.12484045	0.165150203	0.084530697
705	0.13200895	0.174282836	0.089735064
706	0.1392728	0.183502396	0.095043204
707	0.14663885	0.19280788	0.10046982
708	0.1541083	0.202225747	0.105990853
709	0.1616484	0.211677139	0.111619661
710	0.16925595	0.22116775	0.11734415
711	0.1769757	0.230763049	0.123188351
712	0.18467695	0.240298161	0.129055739
713	0.19229225	0.249707732	0.134876768
714	0.19976345	0.258921757	0.140605143
715	0.2067171	0.267491368	0.145942832
716	0.2139552	0.276409003	0.151501397
717	0.2216894	0.285933546	0.157445254
718	0.23018305	0.296245783	0.164120317
719	0.23918375	0.307066979	0.171300521
720	0.2478986	0.317447423	0.178349777
721	0.2558262	0.326735497	0.184916903
722	0.26317745	0.335420804	0.190934096
723	0.2706651	0.344301672	0.197028528
724	0.2783478	0.35340922	0.20328638
725	0.285793	0.362128147	0.209457853
726	0.29309805	0.370622502	0.215573598
727	0.30035565	0.379000658	0.221710642
728	0.30733565	0.387033471	0.227637829
729	0.31424675	0.394968066	0.233525434
730	0.32104635	0.402742006	0.239350694
731	0.32804915	0.410618289	0.245480011
732	0.3345077	0.417842102	0.251173298
733	0.340436	0.424463424	0.256408576
734	0.34571785	0.430389296	0.261046404
735	0.35081115	0.43610797	0.26551433
736	0.35575915	0.441641259	0.269877041
737	0.36054545	0.446955	0.2741359
738	0.36495245	0.451827214	0.278077686
739	0.3691763	0.45648805	0.28186455
740	0.3732007	0.46092436	0.28547704
741	0.37690565	0.465045699	0.288765601
742	0.3802863	0.468772459	0.291800141
743	0.38340215	0.472187609	0.294616691
744	0.3862243	0.475276544	0.297172056
745	0.38880095	0.478107128	0.299494772
746	0.39119905	0.480737477	0.301660623
747	0.39341035	0.483150644	0.303670056
748	0.39532385	0.485241349	0.305406351
749	0.3971253	0.487207377	0.307043223
750	0.3988151	0.489049805	0.308580395
751	0.4003498	0.4907279	0.3099717
752	0.4017373	0.49224184	0.31123276
753	0.40300575	0.493622679	0.312388821
754	0.404148	0.494860097	0.313435903
755	0.4051665	0.495959298	0.314373702
756	0.4057441	0.496551941	0.314936259
757	0.4055369	0.496236251	0.314837549
758	0.40125155	0.491349834	0.311153266
759	0.39594275	0.485653626	0.306231874
760	0.3918174	0.481822735	0.301812065
761	0.39443955	0.484865441	0.304013659
762	0.39632825	0.486999588	0.305656912
763	0.3985305	0.489395838	0.307665162
764	0.4025999	0.493724238	0.311475562
765	0.4062915	0.497555318	0.315027682
766	0.40918735	0.500527081	0.317847619
767	0.4112046	0.502570587	0.319838613
768	0.41241335	0.503781082	0.321045618
769	0.41334015	0.504715611	0.321964689
770	0.4140506	0.505443084	0.322658116
771	0.4145652	0.505978433	0.323151967
772	0.41501935	0.506448563	0.323590137
773	0.41542085	0.506861799	0.323979901
774	0.41575025	0.507195826	0.324304674
775	0.4161005	0.507562833	0.324638167
776	0.4164541	0.50793879	0.32496941
777	0.4168025	0.508312625	0.325292375
778	0.417131	0.508668018	0.325593982
779	0.41745735	0.509022991	0.325891709
780	0.41778275	0.5093788	0.3261867
781	0.41807445	0.509682781	0.326466119
782	0.41832945	0.509965035	0.326693865
783	0.4185494	0.510224225	0.326874575
784	0.4187142	0.510437055	0.326991345
785	0.41875245	0.510508503	0.326996397
786	0.41872545	0.510513007	0.326937893
787	0.41865535	0.510483552	0.326827148
788	0.41863005	0.510484199	0.326775901
789	0.4187976	0.510673004	0.326922196
790	0.41920805	0.511101087	0.327315013
791	0.4197375	0.511642477	0.327832523
792	0.4203123	0.512221486	0.328403114
793	0.4208225	0.512737559	0.328907441
794	0.4207288	0.512697043	0.328760557
795	0.4207429	0.512764397	0.328721403
796	0.4209555	0.513019865	0.328891135
797	0.4215671	0.513647233	0.329486967
798	0.42172905	0.513829313	0.329628787
799	0.421796	0.513918451	0.329673549
800	0.4218396	0.513985447	0.329693753
801	0.4220525	0.514220848	0.329884152
802	0.4224158	0.514605876	0.330225724
803	0.4229234	0.515133055	0.330713745
804	0.42360615	0.515820933	0.331391367
805	0.424108	0.516342531	0.331873469
806	0.4244242	0.516684731	0.332163669
807	0.42443885	0.516724107	0.332153593
808	0.4243008	0.516620544	0.331981056
809	0.42405235	0.516406611	0.331698089
810	0.42368405	0.516070033	0.331298067
811	0.42297845	0.515411005	0.330545895
812	0.42215205	0.514642626	0.329661474
813	0.42124155	0.513794381	0.328688719
814	0.42065175	0.513202124	0.328101376
815	0.4204825	0.513041957	0.327923043
816	0.42068415	0.513252547	0.328115753
817	0.4213835	0.513943495	0.328823505
818	0.4225137	0.515070499	0.329956901
819	0.4235721	0.516151699	0.330992501
820	0.42438115	0.517023095	0.331739205
821	0.4235428	0.516167198	0.330918402
822	0.4233622	0.515997018	0.330727382
823	0.42401145	0.516686953	0.331335947
824	0.42553335	0.518255836	0.332810864
825	0.4260221	0.518775854	0.333268346
826	0.42595925	0.518734216	0.333184284
827	0.42570425	0.518490305	0.332918195
828	0.42593115	0.518716567	0.333145733
829	0.42633215	0.519128589	0.333535711
830	0.42682175	0.5196559	0.3339876
831	0.42724265	0.520090791	0.334394509
832	0.427687	0.520531693	0.334842307
833	0.4281665	0.520995267	0.335337733
834	0.4287999	0.521652668	0.335947132
835	0.4293136	0.522177072	0.336450128
836	0.4297735	0.52264216	0.33690484
837	0.43027635	0.523156623	0.337396077
838	0.4307075	0.523596791	0.337818209
839	0.4311186	0.524021429	0.338215771
840	0.4315297	0.524457085	0.338602315
841	0.43191695	0.524836513	0.338997387
842	0.43227515	0.525190583	0.339359717
843	0.4326052	0.525522053	0.339688347
844	0.43295355	0.525860689	0.340046411
845	0.4333017	0.526234092	0.340369308
846	0.43361805	0.526591609	0.340644491
847	0.4337938	0.526783081	0.340804519
848	0.4339199	0.526892663	0.340947137
849	0.43404205	0.527000791	0.341083309
850	0.43418415	0.527157392	0.341210908
851	0.4343639	0.527397734	0.341330066
852	0.4345201	0.527551733	0.341488467
853	0.43465085	0.527600204	0.341701496
854	0.43488765	0.527801722	0.341973578
855	0.43514615	0.528104155	0.342188145
856	0.43540495	0.52844427	0.34236563
857	0.43564695	0.528716531	0.342577369
858	0.4359058	0.528977422	0.342834178
859	0.43612885	0.529194016	0.343063684
860	0.4362508	0.529312688	0.343188912
861	0.4364402	0.529522072	0.343358328
862	0.43663415	0.529750614	0.343517686
863	0.43682235	0.52998638	0.34365832
864	0.43693165	0.530057827	0.343805473
865	0.43698075	0.530041501	0.343919999
866	0.43700485	0.529995201	0.344014499
867	0.4371361	0.53013921	0.34413299
868	0.43726965	0.530328861	0.344210439
869	0.43740375	0.530514461	0.344293039
870	0.4375421	0.530656263	0.344427937
871	0.4376776	0.530805907	0.344549293
872	0.4377999	0.530929651	0.344670149
873	0.437905	0.531017088	0.344792912
874	0.43799395	0.531123933	0.344863967
875	0.4380831	0.531230184	0.344936016
876	0.4381709	0.531335736	0.345006064
877	0.43825145	0.531441587	0.345061313
878	0.43827695	0.531496487	0.345057413
879	0.43831	0.531541769	0.345078231
880	0.43842295	0.531616776	0.345229124
881	0.4385025	0.531710517	0.345294483
882	0.43856025	0.531785367	0.345335133
883	0.4385944	0.531826352	0.345362448
884	0.4385948	0.531817295	0.345372305
885	0.4385973	0.531834358	0.345360242
886	0.4386047	0.531871213	0.345338187
887	0.43863105	0.531885458	0.345376642
888	0.43862905	0.531921989	0.345336111
889	0.43858715	0.531923934	0.345250366
890	0.43846665	0.531795081	0.345138219
891	0.4380568	0.531421501	0.344692099
892	0.43749705	0.530925654	0.344068446
893	0.4367926	0.530314832	0.343270368
894	0.43599575	0.529524883	0.342466617
895	0.4350597	0.528601435	0.341517965
896	0.4340261	0.527583528	0.340468672
897	0.43340215	0.526921878	0.339882422
898	0.4328435	0.526332238	0.339354762
899	0.43244935	0.525909298	0.338989402
900	0.4324917	0.525919262	0.339064138
901	0.4328791	0.526264779	0.339493421
902	0.43336065	0.52675768	0.33996362
903	0.43386355	0.527361184	0.340365916
904	0.4342037	0.527768414	0.340638986
905	0.43431375	0.52789434	0.34073316
906	0.43417735	0.527730456	0.340624244
907	0.43361965	0.527187139	0.340052161
908	0.43305065	0.526615599	0.339485701
909	0.4325267	0.526086413	0.338966987
910	0.4322158	0.525796193	0.338635407
911	0.4319962	0.52558286	0.33840954
912	0.431815	0.5254107	0.3382193
913	0.4316588	0.525275397	0.338042203
914	0.4314327	0.525043147	0.337822253
915	0.4313449	0.524936115	0.337753685
916	0.43143395	0.524994012	0.337873888
917	0.43189215	0.525407911	0.338376389
918	0.4323899	0.525921041	0.338858759
919	0.43293495	0.526513751	0.339356149
920	0.43358065	0.527201881	0.339959419
921	0.43387165	0.527493677	0.340249623
922	0.43395515	0.527571984	0.340338316
923	0.43383815	0.527461906	0.340214394
924	0.4332794	0.526894589	0.339664211
925	0.43254825	0.526214758	0.338881742
926	0.4316563	0.525443607	0.337868993
927	0.43067675	0.524534131	0.336819369
928	0.4294784	0.523361432	0.335595368
929	0.42804115	0.521915471	0.334166829
930	0.4263794	0.520226554	0.332532246
931	0.4244428	0.518175883	0.330709717
932	0.4223143	0.515872438	0.328756162
933	0.42023325	0.513563292	0.326903208
934	0.4186841	0.511754686	0.325613514
935	0.41740205	0.510225667	0.324578433
936	0.4165077	0.509132684	0.323882716
937	0.41635865	0.509027867	0.323689433
938	0.41648945	0.509217782	0.323761118
939	0.4167546	0.509559011	0.323950189
940	0.4168387	0.50975295	0.32392445
941	0.4168274	0.509877632	0.323777168
942	0.41665335	0.509763499	0.323543201
943	0.41618525	0.509164237	0.323206263
944	0.41544225	0.508313638	0.322570862
945	0.4146773	0.50742109	0.32193351
946	0.41393375	0.506518601	0.321348899
947	0.41309255	0.505646852	0.320538248
948	0.4123258	0.504874937	0.319776663
949	0.4116668	0.504206511	0.319127089
950	0.41127125	0.503670034	0.318872466
951	0.41047345	0.502874982	0.318071918
952	0.40959985	0.501996932	0.317202768
953	0.4089306	0.501165436	0.316695764
954	0.40811665	0.500320698	0.315912602
955	0.4073554	0.499495981	0.315214819
956	0.40669775	0.498702043	0.314693457
957	0.40610055	0.498086391	0.314114709
958	0.40545615	0.497349246	0.313563054
959	0.40483155	0.496582379	0.313080721
960	0.404557	0.496206531	0.312907469
961	0.4041669	0.495774593	0.312559207
962	0.4038653	0.495472501	0.312258099
963	0.40392665	0.495576008	0.312277292
964	0.40396805	0.495491531	0.312444569
965	0.40415815	0.495635206	0.312681094
966	0.4045605	0.496145809	0.312975191
967	0.4049137	0.496406974	0.313420426
968	0.4052911	0.496738823	0.313843377
969	0.40570065	0.49715708	0.31424422
970	0.40618865	0.497760627	0.314616673
971	0.40642215	0.498014034	0.314830266
972	0.40655435	0.498154409	0.314954291
973	0.40672295	0.498424957	0.315020943
974	0.4067368	0.49833059	0.31514301
975	0.40669055	0.498163546	0.315217554
976	0.40660185	0.498009411	0.315194289
977	0.40658935	0.498006875	0.315171825
978	0.40662985	0.498031945	0.315227755
979	0.4067362	0.498106083	0.315366317
980	0.4070325	0.49845844	0.31560656
981	0.40740225	0.49885957	0.31594493
982	0.4078451	0.499301359	0.316388841
983	0.40840415	0.499795194	0.317013106
984	0.4089818	0.500401731	0.317561869
985	0.40961915	0.501056747	0.318181553
986	0.410348	0.501747115	0.318948885
987	0.41096235	0.502472702	0.319451998
988	0.4113787	0.502953549	0.319803851
989	0.4116403	0.503224811	0.320055789
990	0.4122757	0.503877029	0.320674371
991	0.4127789	0.504414772	0.321143028
992	0.41327205	0.504926558	0.321617542
993	0.413987	0.505565681	0.322408319
994	0.4144217	0.506007592	0.322835808
995	0.41481835	0.506456208	0.323180492
996	0.41528115	0.507011009	0.323551291
997	0.4156536	0.507434051	0.323873149
998	0.4160251	0.50790365	0.32414655
999	0.41639915	0.508422302	0.324375998
1000	0.4167072	0.508753066	0.324661334
1001	0.42045435	0.513692381	0.327216319
1002	0.4210047	0.51431035	0.32769905
1003	0.42152895	0.514862265	0.328195635
1004	0.4220215	0.515376149	0.328666851
1005	0.42253955	0.515870973	0.329208127
1006	0.4231072	0.516413439	0.329800961
1007	0.42374215	0.517068509	0.330415791
1008	0.42438095	0.517758273	0.331003627
1009	0.4249858	0.518457382	0.331514218
1010	0.4255378	0.519105459	0.331970141
1011	0.4260055	0.519582109	0.332428891
1012	0.4264207	0.519944096	0.332897304
1013	0.42687255	0.520413293	0.333331807
1014	0.4274667	0.521094841	0.333838559
1015	0.42819415	0.521856868	0.334531432
1016	0.42882975	0.522493653	0.335165847
1017	0.4292925	0.522972704	0.335612296
1018	0.4297889	0.523522617	0.336055183
1019	0.43035795	0.524175822	0.336540078
1020	0.43091045	0.524765422	0.337055478
1021	0.4314206	0.52530254	0.33753866
1022	0.4319463	0.525884892	0.338007708
1023	0.4324827	0.526462263	0.338503137
1024	0.4329881	0.526984436	0.338991764
1025	0.433501	0.52753595	0.33946605
1026	0.4340787	0.528170239	0.339987161
1027	0.43467885	0.528782045	0.340575655
1028	0.43521795	0.529291703	0.341144197
1029	0.4357079	0.529817806	0.341597994
1030	0.4362398	0.530428993	0.342050607
1031	0.436889	0.53111142	0.34266658
1032	0.437538	0.531817097	0.343258903
1033	0.4380489	0.532366983	0.343730817
1034	0.43845355	0.532769736	0.344137364
1035	0.4389078	0.533234976	0.344580624
1036	0.43944535	0.533824247	0.345066453
1037	0.4399791	0.534421911	0.345536289
1038	0.44044685	0.534924788	0.345968912
1039	0.44088425	0.535374135	0.346394365
1040	0.44136025	0.535870461	0.346850039
1041	0.4418567	0.536410159	0.347303241
1042	0.44226195	0.536877565	0.347646335
1043	0.44259415	0.537269914	0.347918386
1044	0.44294865	0.537649333	0.348247967
1045	0.44331345	0.538000628	0.348626272
1046	0.4436424	0.538346693	0.348938107
1047	0.44400815	0.538728532	0.349287768
1048	0.4443945	0.539119988	0.349669012
1049	0.4446786	0.53949167	0.34986553
1050	0.4449274	0.539784963	0.350069837
1051	0.44514805	0.539977225	0.350318875
1052	0.445344	0.540161985	0.350526015
1053	0.4455658	0.540424964	0.350706636
1054	0.4458356	0.540751908	0.350919292
1055	0.4461115	0.541036259	0.351186741
1056	0.44632865	0.541225089	0.351432211
1057	0.4464697	0.541362704	0.351576696
1058	0.4466335	0.541555097	0.351711903
1059	0.4468155	0.541811777	0.351819223
1060	0.44697605	0.542056097	0.351896003
1061	0.4471165	0.542218467	0.352014533
1062	0.44728105	0.542406215	0.352155885
1063	0.44746515	0.542596535	0.352333765
1064	0.4475748	0.542673081	0.352476519
1065	0.4476531	0.542740372	0.352565828
1066	0.44772575	0.542810721	0.352640779
1067	0.4478256	0.542920548	0.352730652
1068	0.44801005	0.543131363	0.352888737
1069	0.4481793	0.543319965	0.353038635
1070	0.44827965	0.543458031	0.353101269
1071	0.4483609	0.543571896	0.353149904
1072	0.44839	0.543525952	0.353254048
1073	0.4484207	0.543458365	0.353383035
1074	0.4485947	0.543653754	0.353535646
1075	0.44875365	0.543868163	0.353639137
1076	0.4486895	0.543849808	0.353529192
1077	0.4486135	0.543831275	0.353395725
1078	0.44856105	0.543796444	0.353325656
1079	0.44853465	0.543754202	0.353315098
1080	0.4484836	0.543698553	0.353268647
1081	0.4483392	0.543552769	0.353125631
1082	0.4481937	0.543390978	0.352996422
1083	0.4480235	0.543146189	0.352900811
1084	0.4478371	0.542903595	0.352770605
1085	0.4476267	0.542710724	0.352542676
1086	0.4474226	0.542527877	0.352317323
1087	0.4472222	0.542344947	0.352099453
1088	0.4469997	0.542139447	0.351859953
1089	0.44658295	0.541680115	0.351485785
1090	0.44612785	0.541163088	0.351092612
1091	0.4457281	0.540708218	0.350747982
1092	0.44533125	0.5402338	0.3504287
1093	0.4449359	0.539812426	0.350059374
1094	0.4445086	0.539433644	0.349583556
1095	0.4439901	0.538934908	0.349045292
1096	0.44345715	0.538397683	0.348516617
1097	0.44287545	0.537811616	0.347939284
1098	0.44218045	0.537095668	0.347265232
1099	0.44152165	0.536427784	0.346615516
1100	0.44089495	0.535792858	0.345997042
1101	0.44026435	0.535139483	0.345389217
1102	0.4396976	0.534529314	0.344865886
1103	0.43913405	0.533937115	0.344330985
1104	0.438506	0.533349511	0.343662489
1105	0.43785175	0.532735805	0.342967695
1106	0.4370956	0.532010159	0.342181041
1107	0.4363057	0.53126069	0.34135071
1108	0.4355325	0.530497895	0.340567105
1109	0.4347075	0.52964912	0.33976588
1110	0.4339111	0.528912296	0.338909904
1111	0.43315115	0.528312341	0.337989959
1112	0.4322681	0.527519643	0.337016557
1113	0.4312317	0.526479488	0.335983912
1114	0.43009525	0.525337381	0.334853119
1115	0.4288335	0.524022176	0.333644824
1116	0.42746885	0.522600919	0.332336781
1117	0.425962	0.521067127	0.330856873
1118	0.4243447	0.519398738	0.329290662
1119	0.4229217	0.517796637	0.328046763
1120	0.42139955	0.516086511	0.326712589
1121	0.41999805	0.514636285	0.325359815
1122	0.4185774	0.513183115	0.323971685
1123	0.41738065	0.511916648	0.322844652
1124	0.4161778	0.510615819	0.321739781
1125	0.41501475	0.509357921	0.320671579
1126	0.4139469	0.50821859	0.31967521
1127	0.41287515	0.507032385	0.318717915
1128	0.41181065	0.505827758	0.317793542
1129	0.4106477	0.50447367	0.31682173
1130	0.40939425	0.502981763	0.315806737
1131	0.40797665	0.501321811	0.314631489
1132	0.4062391	0.49930427	0.31317393
1133	0.4046053	0.4974088	0.3118018
1134	0.40312485	0.495742632	0.310507068
1135	0.40172215	0.494202551	0.309241749
1136	0.40014615	0.492576119	0.307716181
1137	0.39863735	0.491005604	0.306269096
1138	0.39685155	0.48902698	0.30467612
1139	0.3951313	0.487123448	0.303139152
1140	0.39314575	0.485016712	0.301274788
1141	0.3911458	0.482906737	0.299384863
1142	0.38914	0.480739753	0.297540247
1143	0.38714325	0.47855747	0.29572903
1144	0.3850131	0.476210691	0.293815509
1145	0.3828424	0.473815822	0.291868978
1146	0.38074185	0.47147696	0.29000674
1147	0.37872135	0.469201584	0.288241116
1148	0.3768196	0.467039298	0.286599902
1149	0.3750675	0.465023094	0.285111906
1150	0.3734666	0.463183869	0.283749331
1151	0.37211685	0.461648964	0.282584736
1152	0.37092185	0.460284266	0.281559434
1153	0.37013745	0.459336231	0.280938669
1154	0.3694222	0.458468779	0.280375621
1155	0.368875	0.45777343	0.27997657
1156	0.3683704	0.457132669	0.279608131
1157	0.36809075	0.456846078	0.279335422
1158	0.36784135	0.456595142	0.279087558
1159	0.36762455	0.456279068	0.278970032
1160	0.36741975	0.45596522	0.27887428
1161	0.36731345	0.455791069	0.278835831
1162	0.3672505	0.455677493	0.278823507
1163	0.3671773	0.455608588	0.278746012
1164	0.3670975	0.455564294	0.278630706
1165	0.36706105	0.455533359	0.278588741
1166	0.3670663	0.455516731	0.278615869
1167	0.36703745	0.455457801	0.278617099
1168	0.36695555	0.455331622	0.278579478
1169	0.3668803	0.455221788	0.278538812
1170	0.3668222	0.455154488	0.278489912
1171	0.36676335	0.455088066	0.278438634
1172	0.366692	0.455013761	0.278370239
1173	0.3666147	0.454933571	0.278295829
1174	0.3664193	0.454730888	0.278107712
1175	0.3662253	0.454529589	0.277921011
1176	0.36608265	0.454351028	0.277814272
1177	0.3659435	0.454174386	0.277712614
1178	0.36570095	0.453896376	0.277505524
1179	0.36543755	0.453598168	0.277276932
1180	0.36518015	0.453324296	0.277036004
1181	0.3649262	0.453060105	0.276792295
1182	0.3647158	0.452850793	0.276580807
1183	0.36453375	0.452676324	0.276391176
1184	0.3643181	0.452431317	0.276204883
1185	0.36406705	0.45211654	0.27601756
1186	0.36385655	0.451857852	0.275855248
1187	0.3637114	0.451687028	0.275735772
1188	0.36358695	0.451537322	0.275636578
1189	0.36350085	0.451426237	0.275575463
1190	0.36342615	0.451334217	0.275518083
1191	0.3634052	0.451326289	0.275484111
1192	0.36338205	0.451314292	0.275449808
1193	0.36331435	0.451237343	0.275391357
1194	0.36324745	0.451161465	0.275333435
1195	0.36322195	0.451139018	0.275304882
1196	0.36319845	0.45111965	0.27527725
1197	0.3632672	0.451198851	0.275335549
1198	0.3633516	0.45129219	0.27541101
1199	0.36341105	0.451383921	0.275438179
1200	0.3634647	0.451481178	0.275448222
1201	0.3635223	0.451524449	0.275520151
1202	0.363579	0.451535081	0.275622919
1203	0.36375705	0.451724943	0.275789157
1204	0.36403165	0.452055063	0.276008237
1205	0.3642653	0.452322145	0.276208455
1206	0.3644568	0.452526153	0.276387447
1207	0.3647129	0.452796957	0.276628843
1208	0.3650752	0.45316272	0.27698768
1209	0.36542785	0.453524492	0.277331208
1210	0.36578245	0.453927018	0.277637882
1211	0.36614555	0.454340873	0.277950227
1212	0.3665674	0.454831798	0.278303002
1213	0.366986	0.455316539	0.278655461
1214	0.36743995	0.455769843	0.279110057
1215	0.3678913	0.456219717	0.279562883
1216	0.36844325	0.456838594	0.280047906
1217	0.36899355	0.457459226	0.280527874
1218	0.36947735	0.457979226	0.280975474
1219	0.36994945	0.458483524	0.281415376
1220	0.3704703	0.459036482	0.281904118
1221	0.371006	0.459606207	0.282405793
1222	0.37158355	0.460205381	0.282961719
1223	0.3721774	0.460809327	0.283545473
1224	0.37276685	0.461411328	0.284122372
1225	0.3733602	0.462025404	0.284694996
1226	0.37390775	0.46259415	0.28522135
1227	0.37438995	0.46308462	0.28569528
1228	0.37491905	0.463636887	0.286201213
1229	0.37553335	0.464315199	0.286751501
1230	0.3761073	0.464943498	0.287271102
1231	0.37657335	0.465425234	0.287721466
1232	0.37704525	0.46591689	0.28817361
1233	0.3775944	0.466521882	0.288666918
1234	0.37813535	0.467116382	0.289154318
1235	0.37857895	0.46758011	0.28957779
1236	0.37901795	0.468038976	0.289996924
1237	0.37943415	0.468476139	0.290392161
1238	0.3798443	0.468905284	0.290783316
1239	0.38027235	0.469356799	0.291187901
1240	0.380709	0.469821797	0.291596203
1241	0.38102385	0.470136949	0.291910751
1242	0.3812956	0.470399459	0.292191741
1243	0.38159705	0.47071278	0.29248132
1244	0.3819143	0.471045312	0.292783288
1245	0.38220175	0.471363094	0.293040406
1246	0.3824727	0.471684313	0.293261087
1247	0.3827324	0.471972578	0.293492222
1248	0.38298295	0.47222581	0.29374009
1249	0.3832136	0.472473069	0.293954131
1250	0.38342725	0.472725065	0.294129435
1251	0.3836353	0.472968534	0.294302066
1252	0.3837841	0.473134188	0.294434012
1253	0.383915	0.473289592	0.294540408
1254	0.3840309	0.473470302	0.294591498
1255	0.38414405	0.473632767	0.294655333
1256	0.3841813	0.47366321	0.29469939
1257	0.38421455	0.473701549	0.294727551
1258	0.3842123	0.473765292	0.294659308
1259	0.38420505	0.473820084	0.294590016
1260	0.38415335	0.473762715	0.294543985
1261	0.38409905	0.473701118	0.294496982
1262	0.38403005	0.473649354	0.294410746
1263	0.3839524	0.473585606	0.294319194
1264	0.383886	0.473525281	0.294246719
1265	0.38383715	0.473477978	0.294196322
1266	0.38383275	0.473467266	0.294198234
1267	0.38384555	0.473476095	0.294215005
1268	0.38391895	0.473541952	0.294295948
1269	0.3840281	0.47364946	0.29440674
1270	0.38411995	0.473727079	0.294512821
1271	0.38419105	0.473761845	0.294620255
1272	0.38430305	0.473845629	0.294760471
1273	0.3844577	0.473988761	0.294926639
1274	0.3846168	0.474144596	0.295089004
1275	0.3848011	0.4743334	0.2952688
1276	0.3849332	0.474461293	0.295405107
1277	0.38495455	0.474455109	0.295453991
1278	0.38499685	0.474482008	0.295511692
1279	0.38498995	0.474467296	0.295512604
1280	0.3849584	0.474413862	0.295502938
1281	0.38483885	0.47425421	0.29542349
1282	0.3847173	0.474102427	0.295332173
1283	0.3845489	0.473936138	0.295161662
1284	0.384364	0.4737493	0.2949787
1285	0.3839806	0.47332101	0.29464019
1286	0.38357235	0.472865471	0.294279229
1287	0.38319785	0.472464833	0.293930867
1288	0.38281425	0.472054779	0.293573721
1289	0.3823075	0.471523605	0.293091395
1290	0.38176455	0.470963761	0.292565339
1291	0.38117955	0.470345749	0.292013351
1292	0.3805806	0.469697829	0.291463371
1293	0.37996255	0.469022345	0.290902755
1294	0.37931415	0.468320606	0.290307694
1295	0.378616	0.467575908	0.289656092
1296	0.3778317	0.466745334	0.288918066
1297	0.3770238	0.465885956	0.288161644
1298	0.37622515	0.465033314	0.287416986
1299	0.37539995	0.464161949	0.286637951
1300	0.3745352	0.463234293	0.285836107
1301	0.37361465	0.462230697	0.284998603
1302	0.3725943	0.461116892	0.284071708
1303	0.3715371	0.459955448	0.283118752
1304	0.37039365	0.458686041	0.282101259
1305	0.36922745	0.45739962	0.28105528
1306	0.3681036	0.456173552	0.280033648
1307	0.36693765	0.454902484	0.278972816
1308	0.36561325	0.453454504	0.277771996
1309	0.36423005	0.451937258	0.276522842
1310	0.3628719	0.450440593	0.275303207
1311	0.36149235	0.448924171	0.274060529
1312	0.36000995	0.447295267	0.272724633
1313	0.35846935	0.445610488	0.271328212
1314	0.356952	0.443891635	0.270012365
1315	0.3553802	0.442070585	0.268689815
1316	0.35378845	0.440251861	0.267325039
1317	0.35218215	0.438448435	0.265915865
1318	0.3505788	0.436652998	0.264504602
1319	0.34895895	0.434832647	0.263085253
1320	0.34727465	0.432964414	0.261584886
1321	0.345511	0.431023698	0.259998302
1322	0.3437126	0.429036276	0.258388924
1323	0.3419092	0.427030138	0.256788262
1324	0.34004095	0.424955703	0.255126197
1325	0.33809065	0.422794045	0.253387255
1326	0.3361063	0.420583196	0.251629404
1327	0.3341272	0.418374633	0.249879767
1328	0.33202405	0.41601883	0.24802927
1329	0.32972685	0.41340884	0.24604486
1330	0.3273582	0.410704814	0.244011586
1331	0.32516855	0.408201921	0.242135179
1332	0.3229142	0.405637968	0.240190432
1333	0.3207576	0.403226652	0.238288548
1334	0.3186092	0.400826287	0.236392113
1335	0.31665965	0.398612671	0.234706629
1336	0.3147034	0.396378052	0.233028748
1337	0.31295275	0.394376934	0.231528566
1338	0.31119355	0.392382571	0.230004529
1339	0.30960995	0.390670695	0.228549205
1340	0.30799015	0.388933098	0.227047202
1341	0.30653405	0.387366764	0.225701336
1342	0.30498725	0.385690889	0.224283611
1343	0.3034969	0.384105089	0.222888711
1344	0.3018904	0.38241565	0.22136515
1345	0.3004827	0.380938709	0.220026691
1346	0.29896275	0.379325547	0.218599953
1347	0.297484	0.377788892	0.217179108
1348	0.2958671	0.376153967	0.215580233
1349	0.294287	0.374521685	0.214052315
1350	0.2926608	0.372833658	0.212487942
1351	0.29095165	0.371014743	0.210888557
1352	0.2890837	0.368919937	0.209247463
1353	0.28721285	0.366875769	0.207549931
1354	0.2860163	0.365779723	0.206252877
1355	0.2845783	0.364653042	0.204503558
1356	0.2830247	0.363054068	0.202995332
1357	0.28052395	0.360229904	0.200817996
1358	0.2787844	0.358350346	0.199218454
1359	0.2762164	0.355174121	0.197258679
1360	0.27235065	0.349441058	0.195260242
1361	0.26497755	0.340222885	0.189732215
1362	0.25817065	0.334188026	0.182153274
1363	0.24955155	0.32607429	0.17302881
1364	0.24697855	0.320329327	0.173627773
1365	0.2433548	0.314024877	0.172684723
1366	0.23835505	0.303583059	0.173127041
1367	0.23467245	0.300008334	0.169336566
1368	0.23614565	0.305377751	0.166913549
1369	0.23784485	0.311385303	0.164304397
1370	0.23445615	0.303943093	0.164969207
1371	0.2304021	0.296087672	0.164716528
1372	0.2312258	0.29595191	0.16649969
1373	0.2343771	0.300978473	0.167775727
1374	0.2359683	0.30440243	0.16753417
1375	0.23523515	0.30351799	0.16695231
1376	0.2295423	0.295751784	0.163332816
1377	0.22330305	0.288592613	0.158013487
1378	0.2210444	0.288020727	0.154068073
1379	0.21947015	0.287852214	0.151088086
1380	0.21600245	0.282680301	0.149324599
1381	0.21230655	0.277822359	0.146790741
1382	0.20479995	0.26847594	0.14112396
1383	0.19506795	0.254498794	0.135637106
1384	0.1870891	0.244137336	0.130040864
1385	0.18124285	0.238090337	0.124395363
1386	0.17640185	0.232929523	0.119874177
1387	0.17265265	0.229120385	0.116184915
1388	0.1697387	0.225559659	0.113917741
1389	0.1666035	0.221258249	0.111948751
1390	0.16288165	0.216595635	0.109167665
1391	0.1587434	0.210791885	0.106694915
1392	0.1552389	0.206283101	0.104194699
1393	0.1518488	0.203389276	0.100308324
1394	0.14812615	0.199455886	0.096796414
1395	0.1427943	0.192141778	0.093446822
1396	0.1381866	0.186135727	0.090237473
1397	0.13404885	0.180592244	0.087505456
1398	0.13042805	0.175650531	0.085205569
1399	0.1272102	0.171439325	0.082981075
1400	0.124061	0.167548244	0.080573756
1401	0.1199662	0.162817679	0.077114721
1402	0.11616515	0.158360621	0.073969679
1403	0.11252955	0.153732134	0.071326966
1404	0.1092422	0.149566952	0.068917448
1405	0.10610585	0.145292531	0.066919169
1406	0.1033861	0.141567317	0.065204883
1407	0.1003328	0.137386146	0.063279454
1408	0.0976122	0.133651102	0.061573298
1409	0.09529185	0.130623439	0.059960261
1410	0.09345115	0.128262812	0.058639488
1411	0.0919376	0.12628723	0.05758797
1412	0.0906216	0.124618404	0.056624796
1413	0.0893461	0.122959449	0.055732751
1414	0.08823655	0.121457533	0.055015567
1415	0.08690415	0.119744112	0.054064188
1416	0.08566455	0.118209833	0.053119267
1417	0.0845624	0.116783125	0.052341675
1418	0.08351885	0.11540416	0.05163354
1419	0.0825442	0.114080338	0.051008062
1420	0.0816623	0.112852148	0.050472452
1421	0.08089575	0.111807638	0.049983862
1422	0.0802506	0.11094835	0.04955285
1423	0.0796258	0.110086036	0.049165564
1424	0.079022	0.109247594	0.048796406
1425	0.078452	0.108504117	0.048399883
1426	0.0779314	0.107864406	0.047998394
1427	0.0774759	0.107262895	0.047688905
1428	0.077005	0.106562352	0.047447648
1429	0.07654905	0.10595379	0.04714431
1430	0.0761269	0.105538609	0.046715191
1431	0.0756972	0.105048546	0.046345854
1432	0.0752746	0.104425782	0.046123418
1433	0.07487265	0.103858919	0.045886381
1434	0.0744887	0.103337622	0.045639778
1435	0.0741349	0.102874004	0.045395796
1436	0.07379405	0.102514698	0.045073402
1437	0.07345375	0.102131378	0.044776122
1438	0.0732142	0.101798406	0.044629994
1439	0.0730071	0.101503893	0.044510307
1440	0.0728348	0.101263654	0.044405946
1441	0.072666	0.101037046	0.044294954
1442	0.07244875	0.100725901	0.044171599
1443	0.07225495	0.100446813	0.044063087
1444	0.0722039	0.100388692	0.044019108
1445	0.0721699	0.100355188	0.043984612
1446	0.07213675	0.10034688	0.04392662
1447	0.0721021	0.100338963	0.043865237
1448	0.07214035	0.100356539	0.043924161
1449	0.0721993	0.100388017	0.044010583
1450	0.07227545	0.100455308	0.044095592
1451	0.07233325	0.10051151	0.04415499
1452	0.07238005	0.100592769	0.044167331
1453	0.0724289	0.100676121	0.044181679
1454	0.0725352	0.1007854	0.044285
1455	0.07264795	0.100904382	0.044391518
1456	0.0727623	0.10111361	0.04441099
1457	0.07287165	0.101318353	0.044424947
1458	0.0729715	0.101427131	0.044515869
1459	0.0730685	0.101520937	0.044616063
1460	0.0731652	0.101666286	0.044664114
1461	0.07326245	0.101827551	0.044697349
1462	0.07343	0.102045035	0.044814965
1463	0.07362685	0.102288664	0.044965036
1464	0.07380865	0.102564055	0.045053245
1465	0.07399055	0.102875828	0.045105272
1466	0.07426835	0.1032817	0.045255
1467	0.0746225	0.103749209	0.045495791
1468	0.075022	0.104273445	0.045770555
1469	0.07543645	0.104834332	0.046038568
1470	0.07588425	0.10540767	0.04636083
1471	0.0763624	0.105979248	0.046745552
1472	0.07692925	0.106684051	0.047174449
1473	0.07755425	0.107496168	0.047612332
1474	0.078179	0.10830538	0.04805262
1475	0.0787881	0.109075583	0.048500617
1476	0.07938735	0.10984399	0.04893071
1477	0.080021	0.110674032	0.049367968
1478	0.08068625	0.11154676	0.04982574
1479	0.0813687	0.11244944	0.05028796
1480	0.0820569	0.113360721	0.050753079
1481	0.0827517	0.114282773	0.051220627
1482	0.0834459	0.115191566	0.051700234
1483	0.08420805	0.11616697	0.05224913
1484	0.0849775	0.117155977	0.052799023
1485	0.08578295	0.118181765	0.053384135
1486	0.0866092	0.119238693	0.053979707
1487	0.087489	0.120389991	0.054588009
1488	0.0883437	0.121501363	0.055186037
1489	0.08923345	0.122638711	0.055828189
1490	0.09007785	0.123720063	0.056435637
1491	0.090933	0.124801886	0.057064114
1492	0.09176405	0.125856032	0.057672068
1493	0.09264265	0.126995777	0.058289523
1494	0.09349045	0.128088969	0.058891931
1495	0.09435615	0.129186067	0.059526233
1496	0.095198	0.130252133	0.060143867
1497	0.09605185	0.131321216	0.060782484
1498	0.0968899	0.132372959	0.061406841
1499	0.09777405	0.133504006	0.062044094
1500	0.09864495	0.134615708	0.062674192
1501	0.09956955	0.13579768	0.06334142
1502	0.1004841	0.136968014	0.064000186
1503	0.1013955	0.138118816	0.064672184
1504	0.10230465	0.139269996	0.065339304
1505	0.10330115	0.140551819	0.066050481
1506	0.1042771	0.141804989	0.066749211
1507	0.10520645	0.143006847	0.067406053
1508	0.1061206	0.144192592	0.068048608
1509	0.1070836	0.145423748	0.068743452
1510	0.10803335	0.146634289	0.069432411
1511	0.10899935	0.147844851	0.070153849
1512	0.109952	0.149035736	0.070868264
1513	0.11089435	0.150228399	0.071560301
1514	0.1118198	0.151403764	0.072235836
1515	0.1127491	0.152564312	0.072933888
1516	0.11367315	0.153716951	0.073629349
1517	0.1146551	0.154972925	0.074337275
1518	0.1156347	0.156223873	0.075045527
1519	0.11659335	0.157440653	0.075746047
1520	0.11754195	0.158650265	0.076433635
1521	0.1185379	0.159897533	0.077178267
1522	0.1195281	0.161132253	0.077923947
1523	0.1204612	0.162324902	0.078597498
1524	0.12138925	0.163514142	0.079264358
1525	0.1223651	0.164739952	0.079990248
1526	0.12334015	0.165963098	0.080717202
1527	0.1242764	0.167152813	0.081399987
1528	0.12520535	0.168335355	0.082075345
1529	0.12618255	0.169568073	0.082797027
1530	0.12716295	0.17080199	0.08352391
1531	0.1280924	0.171954664	0.084230136
1532	0.129013	0.173092777	0.084933223
1533	0.12996885	0.174295969	0.085641731
1534	0.1309365	0.175518842	0.086354158
1535	0.1318659	0.176697115	0.087034685
1536	0.13277885	0.177855037	0.087702663
1537	0.13372685	0.179034485	0.088419215
1538	0.13468885	0.18022734	0.08915036
1539	0.1356013	0.18137795	0.08982465
1540	0.1365002	0.182517711	0.090482689
1541	0.13741315	0.183668776	0.091157524
1542	0.13832995	0.18482199	0.09183791
1543	0.1392559	0.18597753	0.09253427
1544	0.1401867	0.187136074	0.093237326
1545	0.14109765	0.188261837	0.093933463
1546	0.14199635	0.189370111	0.094622589
1547	0.14285615	0.190444237	0.095268063
1548	0.1437086	0.191512811	0.095904389
1549	0.1445849	0.192595725	0.096574075
1550	0.1454728	0.193686594	0.097259006
1551	0.14635785	0.194766655	0.097949045
1552	0.1472425	0.195845419	0.098639581
1553	0.14812305	0.19694311	0.09930299
1554	0.14900515	0.198053681	0.099956619
1555	0.1498632	0.199127517	0.100598883
1556	0.1507112	0.200184228	0.101238172
1557	0.15156285	0.201230626	0.101895074
1558	0.15242045	0.202276396	0.102564504
1559	0.15323875	0.203303142	0.103174358
1560	0.15403655	0.204321848	0.103751252
1561	0.15483495	0.205313416	0.104356484
1562	0.1556347	0.206293143	0.104976257
1563	0.15640245	0.207249564	0.105555336
1564	0.1571608	0.208202638	0.106118962
1565	0.1579447	0.20918459	0.10670481
1566	0.15874595	0.210186655	0.107305245
1567	0.15948115	0.211103313	0.107858987
1568	0.160179	0.211969454	0.108388546
1569	0.1608685	0.212826642	0.108910358
1570	0.16155825	0.213688337	0.109428163
1571	0.16229315	0.214601301	0.109984999
1572	0.1630599	0.215547117	0.110572683
1573	0.1638272	0.21648718	0.11116722
1574	0.16460045	0.217435558	0.111765342
1575	0.16536345	0.218371754	0.112355146
1576	0.1661185	0.219298357	0.112938643
1577	0.16689755	0.2202532	0.1135419
1578	0.1676886	0.221217926	0.114159274
1579	0.16845195	0.222144994	0.114758906
1580	0.169203	0.223052734	0.115353266
1581	0.1699614	0.223968184	0.115954616
1582	0.17071935	0.224887658	0.116551042
1583	0.17144545	0.225774647	0.117116253
1584	0.1721526	0.226640069	0.117665131
1585	0.17288445	0.227549596	0.118219304
1586	0.1736296	0.228486959	0.118772241
1587	0.17433335	0.229352398	0.119314302
1588	0.17501195	0.230171757	0.119852143
1589	0.1756959	0.230999956	0.120391844
1590	0.17638915	0.231839909	0.120938391
1591	0.1770619	0.232664974	0.121458826
1592	0.1777161	0.233474877	0.121957323
1593	0.17837135	0.23426945	0.12247325
1594	0.179031	0.235058427	0.123003573
1595	0.1796454	0.235830824	0.123459976
1596	0.1802311	0.236595837	0.123866363
1597	0.1808422	0.237353695	0.124330705
1598	0.18147385	0.238109568	0.124838132
1599	0.18208045	0.238843294	0.125317606
1600	0.18267285	0.239564943	0.125780757
1601	0.1832655	0.240298651	0.126232349
1602	0.1838585	0.241040288	0.126676712
1603	0.1844627	0.241770507	0.127154893
1604	0.1850768	0.24249846	0.12765514
1605	0.1856935	0.243257793	0.128129207
1606	0.1863125	0.244037406	0.128587594
1607	0.18690905	0.244779965	0.129038135
1608	0.1874926	0.245499848	0.129485352
1609	0.18809395	0.246219606	0.129968294
1610	0.18870455	0.246938305	0.130470795
1611	0.1893145	0.247662847	0.130966153
1612	0.189922	0.248388406	0.131455594
1613	0.1905135	0.249099431	0.131927569
1614	0.19109745	0.249802661	0.132392239
1615	0.1916799	0.250507873	0.132851927
1616	0.19226125	0.251214434	0.133308066
1617	0.19281985	0.251872415	0.133767285
1618	0.1933665	0.252505411	0.134227589
1619	0.19389335	0.253133721	0.134652979
1620	0.1944106	0.253758778	0.135062422
1621	0.19494165	0.254392033	0.135491267
1622	0.19547885	0.255029568	0.135928132
1623	0.19597315	0.255628688	0.136317612
1624	0.19644885	0.256210673	0.136687027
1625	0.1968981	0.256758614	0.137037586
1626	0.19733735	0.257293929	0.137380771
1627	0.19776455	0.257800612	0.137728488
1628	0.1981881	0.258297426	0.138078774
1629	0.19862375	0.258836225	0.138411275
1630	0.1990656	0.259392025	0.138739175
1631	0.1994643	0.259866289	0.139062311
1632	0.19985245	0.260317839	0.139387061
1633	0.2002663	0.260806094	0.139726506
1634	0.20069155	0.261309691	0.140073409
1635	0.2010173	0.261699119	0.140335481
1636	0.2013182	0.262060399	0.140576001
1637	0.2016537	0.262490407	0.140816993
1638	0.20200075	0.262941278	0.141060222
1639	0.20232115	0.263312634	0.141329666
1640	0.2026389	0.263670126	0.141607674
1641	0.20292005	0.263980784	0.141859316
1642	0.20319505	0.264284093	0.142106007
1643	0.2034347	0.264566323	0.142303077
1644	0.2036687	0.264845269	0.142492131
1645	0.20384345	0.265031979	0.142654921
1646	0.2040111	0.265206471	0.142815729
1647	0.2041405	0.265337961	0.142943039
1648	0.2042632	0.265461285	0.143065115
1649	0.20432005	0.265502882	0.143137218
1650	0.20437305	0.26554083	0.14320527
1651	0.2043908	0.265503314	0.143278286
1652	0.204405	0.265457918	0.143352082
1653	0.20445185	0.265493114	0.143410586
1654	0.2044999	0.265531479	0.143468321
1655	0.20448245	0.265469685	0.143495215
1656	0.2044622	0.265405301	0.143519099
1657	0.20439385	0.265298551	0.143489149
1658	0.2043262	0.265191569	0.143460831
1659	0.20422325	0.265046719	0.143399781
1660	0.20411925	0.264900259	0.143338241
1661	0.20407375	0.26480369	0.14334381
1662	0.2040283	0.264709351	0.143347249
1663	0.2039826	0.264638294	0.143326906
1664	0.2039332	0.264560784	0.143305616
1665	0.20382975	0.264411307	0.143248193
1666	0.2037305	0.264268579	0.143192421
1667	0.2036961	0.264201227	0.143190973
1668	0.20366365	0.264134412	0.143192888
1669	0.2036287	0.26406863	0.14318877
1670	0.20360115	0.264015839	0.143186461
1671	0.20359965	0.264015597	0.143183703
1672	0.20359345	0.264010455	0.143176445
1673	0.20358525	0.263998007	0.143172493
1674	0.20357505	0.263977916	0.143172184
1675	0.2035447	0.263910993	0.143178407
1676	0.20351325	0.26385456	0.14317194
1677	0.20348845	0.263849898	0.143127002
1678	0.20346975	0.263835798	0.143103702
1679	0.20346935	0.263796278	0.143142422
1680	0.2034435	0.263753456	0.143133544
1681	0.2033581	0.263703679	0.143012521
1682	0.2032768	0.263636452	0.142917148
1683	0.2032076	0.263535692	0.142879508
1684	0.20310785	0.263418267	0.142797433
1685	0.20295395	0.263270401	0.142637499
1686	0.20280125	0.263126995	0.142475505
1687	0.202658	0.262996415	0.142319585
1688	0.20250495	0.262833742	0.142176158
1689	0.20232995	0.262620101	0.142039799
1690	0.20213675	0.262404616	0.141868884
1691	0.20192335	0.262191164	0.141655536
1692	0.2017266	0.26200855	0.14144465
1693	0.20155135	0.261858223	0.141244477
1694	0.20137235	0.261690831	0.141053869
1695	0.20118535	0.261498976	0.140871724
1696	0.20094905	0.261279255	0.140618845
1697	0.20067645	0.261046369	0.140306531
1698	0.2004276	0.260792654	0.140062546
1699	0.2001881	0.260517117	0.139859083
1700	0.19990905	0.260206639	0.139611461
1701	0.19961385	0.259884213	0.139343487
1702	0.1993052	0.259557017	0.139053383
1703	0.19899305	0.259233702	0.138752398
1704	0.1986405	0.25885483	0.13842617
1705	0.1982649	0.258441127	0.138088673
1706	0.19786105	0.257994052	0.137728048
1707	0.1974439	0.257534423	0.137353377
1708	0.197054	0.257085193	0.137022807
1709	0.1966633	0.256626007	0.136700593
1710	0.1962917	0.256152171	0.136431229
1711	0.19592785	0.25568681	0.13616889
1712	0.1954611	0.255177639	0.135744561
1713	0.1949744	0.254649443	0.135299357
1714	0.19455075	0.254130875	0.134970625
1715	0.1941246	0.253609966	0.134639234
1716	0.1936676	0.253126983	0.134208217
1717	0.19320865	0.252640243	0.133777057
1718	0.19274045	0.252045712	0.133435188
1719	0.19226605	0.251443857	0.133088243
1720	0.19169035	0.25076973	0.13261097
1721	0.1911024	0.250076046	0.132128754
1722	0.19055735	0.249452157	0.131662543
1723	0.19000475	0.248819545	0.131189955
1724	0.1895147	0.248200829	0.130828571
1725	0.1890213	0.247578881	0.130463719
1726	0.188468	0.246915536	0.130020464
1727	0.18791465	0.246255628	0.129573672
1728	0.18740965	0.245664607	0.129154693
1729	0.18691335	0.245077511	0.128749189
1730	0.1864368	0.244484764	0.128388836
1731	0.18601345	0.243937718	0.128089182
1732	0.1857255	0.243525283	0.127925717
1733	0.1854219	0.243129089	0.127714711
1734	0.18508495	0.242744651	0.127425249
1735	0.1847088	0.242301038	0.127116562
1736	0.184296	0.241796516	0.126795484
1737	0.18394185	0.241332367	0.126551333
1738	0.1836564	0.24092648	0.12638632
1739	0.18326145	0.24039857	0.12612433
1740	0.1827548	0.239745734	0.125763866
1741	0.1822874	0.239161039	0.125413761
1742	0.1818565	0.238628831	0.125084169
1743	0.18141025	0.238039871	0.124780629
1744	0.1809414	0.237408809	0.124473991
1745	0.18045985	0.236811034	0.124108666
1746	0.17997595	0.236227072	0.123724828
1747	0.17942825	0.235548499	0.123308001
1748	0.17885185	0.234834209	0.122869491
1749	0.17830985	0.234141448	0.122478252
1750	0.1777756	0.233443501	0.122107699
1751	0.1771847	0.23275101	0.12161839
1752	0.17658215	0.232068563	0.121095737
1753	0.176034	0.231426107	0.120641893
1754	0.175486	0.230771165	0.120200835
1755	0.17490835	0.230025005	0.119791695
1756	0.17431525	0.229262147	0.119368353
1757	0.17372235	0.228551486	0.118893214
1758	0.17312885	0.227837983	0.118419717
1759	0.1725082	0.227073446	0.117942954
1760	0.17187335	0.226290773	0.117455927
1761	0.17132555	0.225658584	0.116992516
1762	0.1707648	0.225001883	0.116527717
1763	0.17016735	0.224257278	0.116077422
1764	0.16960245	0.22356483	0.11564007
1765	0.16913755	0.222969834	0.115305266
1766	0.16865715	0.222353369	0.114960931
1767	0.16821055	0.221808348	0.114612752
1768	0.1678048	0.221320664	0.114288936
1769	0.16743295	0.220888217	0.113977683
1770	0.16706115	0.22046194	0.11366036
1771	0.16672945	0.220090207	0.113368693
1772	0.1663545	0.219635404	0.113073596
1773	0.16590685	0.21906445	0.11274925
1774	0.165528	0.218587847	0.112468153
1775	0.1652345	0.218210055	0.112258945
1776	0.1649148	0.217857307	0.111972293
1777	0.16455005	0.217495309	0.111604791
1778	0.16421505	0.217102442	0.111327658
1779	0.16390415	0.216709711	0.111098589
1780	0.16357575	0.216333438	0.110818062
1781	0.16324215	0.215956932	0.110527368
1782	0.16302365	0.215650756	0.110396544
1783	0.1628201	0.215361246	0.110278954
1784	0.16269875	0.215286321	0.110111179
1785	0.16256985	0.215215565	0.109924135
1786	0.16237225	0.214972614	0.109771886
1787	0.16216485	0.21468856	0.10964114
1788	0.16200415	0.214521937	0.109486363
1789	0.1618522	0.214395753	0.109308647
1790	0.16165795	0.214233534	0.109082366
1791	0.1614603	0.214058388	0.108862212
1792	0.16135635	0.213993208	0.108719492
1793	0.16121715	0.213890793	0.108543507
1794	0.160915	0.213477679	0.108352321
1795	0.16066805	0.213184151	0.108151949
1796	0.16057525	0.213316206	0.107834294
1797	0.1604881	0.213340315	0.107635885
1798	0.16054905	0.213267655	0.107830445
1799	0.16052115	0.213180415	0.107861885
1800	0.160186	0.212842959	0.107529041
1801	0.15610615	0.212472651	0.099739649
1802	0.15598395	0.212700526	0.099267374
1803	0.15563885	0.211597006	0.099680694
1804	0.1554425	0.210670128	0.100214872
1805	0.15616645	0.211726347	0.100606553
1806	0.15709655	0.214125423	0.100067677
1807	0.15629625	0.215201357	0.097391143
1808	0.15493815	0.21573374	0.09414256
1809	0.15361925	0.21466334	0.09257516
1810	0.15161295	0.211433818	0.091792082
1811	0.14976165	0.208865433	0.090657867
1812	0.14909	0.207984909	0.090195091
1813	0.14800595	0.207504413	0.088507487
1814	0.1446997	0.205080962	0.084318438
1815	0.14022015	0.201874416	0.078565884
1816	0.13558635	0.198266933	0.072905767
1817	0.1322001	0.197821221	0.066578979
1818	0.1330725	0.202079274	0.064065726
1819	0.13619935	0.207846204	0.064552496
1820	0.13902315	0.21240803	0.06563827
1821	0.14138995	0.21687806	0.06590184
1822	0.14401835	0.222462632	0.065574068
1823	0.1440489	0.22102122	0.06707658
1824	0.1353089	0.207213827	0.063403973
1825	0.1108723	0.176906886	0.044837714
1826	0.09808985	0.16318656	0.03299314
1827	0.09509105	0.16106039	0.02912171
1828	0.09133775	0.160388371	0.022287129
1829	0.09380005	0.170276425	0.017323675
1830	0.10206115	0.189880898	0.014241402
1831	0.1108082	0.214176945	0.007439455
1832	0.12142575	0.250880059	-0.008028559
1833	0.12578155	0.312759488	-0.061196388
1834	0.08279455	0.211732303	-0.046143203
1835	0.0615678	0.182919425	-0.059783825
1836	0.036396	0.115023478	-0.042231478
1837	0.02931915	0.083660007	-0.025021707
1838	0.05632115	0.12318729	-0.01054499
1839	0.0965219	0.23647961	-0.04343581
1840	0.1896607	0.524031983	-0.144710583
1841	0.19983545	0.549579343	-0.149908443
1842	0.2271965	0.787377553	-0.332984553
1843	0.40696815	1.460190381	-0.646254081
1844	0.7848251	2.517844094	-0.948193894
1845	0.25986695	0.61753004	-0.09779614
1846	0.2361333	0.644405174	-0.172138574
1847	0.303865	0.893964088	-0.286234088
1848	0.6784942	2.521821544	-1.164833144
1849	0.02674775	0.125647664	-0.072152164
1850	0.01365395	0.048114487	-0.020806587
1851	0.01818295	0.057206072	-0.020840172
1852	0.02394425	0.073984911	-0.026096411
1853	0.0166253	0.060421306	-0.027170706
1854	4.36246165	15.93796189	-7.21303859
1855	0.05021425	0.186542157	-0.086113657
1856	0.01390735	0.046352001	-0.018537301
1857	0.0124794	0.045726885	-0.020768085
1858	0.0121034	0.036214174	-0.012007374
1859	0.01539825	0.043474814	-0.012678314
1860	0.02962745	0.076049041	-0.016794141
1861	0.07746065	0.238990081	-0.084068781
1862	0.15957845	0.535698566	-0.216541666
1863	0.32700625	1.060622333	-0.406609833
1864	0.2860865	0.809638055	-0.237465055
1865	0.1404042	0.364907668	-0.084099268
1866	0.09521	0.266031493	-0.075611493
1867	0.0698562	0.214730237	-0.075017837
1868	0.0806293	0.287405491	-0.126146891
1869	0.0478666	0.160845788	-0.065112588
1870	0.0296635	0.09002169	-0.03069469
1871	0.0257552	0.114588246	-0.063077846
1872	0.02519715	0.086837841	-0.036443541
1873	0.02770095	0.112160277	-0.056758377
1874	0.0226755	0.086806252	-0.041455252
1875	0.01817395	0.065435332	-0.029087432
1876	0.02278435	0.059288639	-0.013719939
1877	0.0332027	0.080807404	-0.014402004
1878	0.03352385	0.090066908	-0.023019208
1879	0.0267074	0.076013117	-0.022598317
1880	0.02485715	0.075347516	-0.025633216
1881	0.01887545	0.047618017	-0.009867117
1882	0.0130845	0.039036914	-0.012867914
1883	0.01343065	0.035534969	-0.008673669
1884	0.0146754	0.036469579	-0.007118779
1885	0.01385385	0.032375664	-0.004667964
1886	0.01222055	0.031632738	-0.007191638
1887	0.00931255	0.026105123	-0.007480023
1888	0.00482295	0.013085273	-0.003439373
1889	0.00289325	0.010033016	-0.004246516
1890	0.00519215	0.017390465	-0.007006165
1891	0.0073943	0.027670475	-0.012881875
1892	0.00879125	0.031841916	-0.014259416
1893	0.01014785	0.036093856	-0.015798156
1894	0.0122424	0.037179401	-0.012694601
1895	0.0163954	0.044821952	-0.012031152
1896	0.0263503	0.067575782	-0.014875182
1897	0.03745085	0.103224195	-0.028322495
1898	0.0401338	0.108332498	-0.028064898
1899	0.0456339	0.114166146	-0.022898346
1900	0.05651335	0.166770301	-0.053743601
1901	0.06359425	0.199139022	-0.071950522
1902	0.06584435	0.225816707	-0.094128007
1903	0.05351775	0.172243118	-0.065207618
1904	0.0424158	0.124965164	-0.040133564
1905	0.03273275	0.091399478	-0.025933978
1906	0.0354193	0.11690426	-0.04606566
1907	0.0238538	0.08835577	-0.04064817
1908	0.019176	0.07035346	-0.03200146
1909	0.0177945	0.065788953	-0.030199953
1910	0.01057205	0.032345671	-0.011201571
1911	0.0053006	0.017004279	-0.006403079
1912	0.0086287	0.023541417	-0.006284017
1913	0.01075745	0.032451888	-0.010936988
1914	0.00762245	0.022809215	-0.007564315
1915	0.0053551	0.015403595	-0.004693395
1916	0.00427215	0.011751577	-0.003207277
1917	0.00383	0.012042401	-0.004382401
1918	0.003565	0.01207829	-0.00494829
1919	0.0027424	0.007799471	-0.002314671
1920	0.00258345	0.007030572	-0.001863672
1921	0.0033977	0.00952311	-0.00272771
1922	0.0037004	0.01190059	-0.00449979
1923	0.003854	0.011531766	-0.003823766
1924	0.0041845	0.01336192	-0.00499292
1925	0.0049058	0.013881175	-0.004069575
1926	0.0055697	0.015714349	-0.004574949
1927	0.0061811	0.017491742	-0.005129542
1928	0.0064205	0.018520149	-0.005679149
1929	0.0062429	0.018665398	-0.006179598
1930	0.0054437	0.016019421	-0.005132021
1931	0.0050455	0.014519031	-0.004428031
1932	0.0062833	0.015861733	-0.003295133
1933	0.00733685	0.017819099	-0.003145399
1934	0.00796405	0.016734248	-0.000806148
1935	0.00854995	0.016636153	0.000463747
1936	0.008332	0.016003922	0.000660078
1937	0.0078287	0.015229247	0.000428153
1938	0.0084832	0.015996735	0.000969665
1939	0.01010085	0.018649313	0.001552387
1940	0.0114689	0.021512104	0.001425696
1941	0.0124887	0.023722177	0.001255223
1942	0.0133137	0.025816603	0.000810797
1943	0.0138432	0.026417065	0.001269335
1944	0.0143238	0.027190844	0.001456756
1945	0.01452525	0.027344087	0.001706413
1946	0.0146314	0.027508974	0.001753826
1947	0.0148168	0.028095362	0.001538238
1948	0.01508045	0.029140869	0.001020031
1949	0.0149974	0.029737331	0.000257469
1950	0.0144121	0.029632737	-0.000808537
1951	0.01407465	0.029796731	-0.001647431
1952	0.01466	0.029936284	-0.000616284
1953	0.01521605	0.030238678	0.000193422
1954	0.0161616	0.031286985	0.001036215
1955	0.01705235	0.032365502	0.001739198
1956	0.01775135	0.033086448	0.002416252
1957	0.01834455	0.033795193	0.002893907
1958	0.0187926	0.034174805	0.003410395
1959	0.0191242	0.034290455	0.003957945
1960	0.0196469	0.034651237	0.004642563
1961	0.02049885	0.035436666	0.005561034
1962	0.02124665	0.03621571	0.00627759
1963	0.0219597	0.036906532	0.007012868
1964	0.0225803	0.037552134	0.007608466
1965	0.0233186	0.038073631	0.008563569
1966	0.0239782	0.038585515	0.009370885
1967	0.0242896	0.039076474	0.009502726
1968	0.0244786	0.039569902	0.009387298
1969	0.0246843	0.039919091	0.009449509
1970	0.0249007	0.040148957	0.009652443
1971	0.02518295	0.040549905	0.009815995
1972	0.0255971	0.041232368	0.009961832
1973	0.0259736	0.041836408	0.010110792
1974	0.02620615	0.041995526	0.010416774
1975	0.026423	0.042165636	0.010680364
1976	0.02690455	0.042456299	0.011352801
1977	0.0273873	0.042768341	0.012006259
1978	0.02762565	0.04308444	0.01216686
1979	0.02777925	0.043416188	0.012142312
1980	0.0279567	0.04366471	0.01224869
1981	0.02814555	0.043816335	0.012474765
1982	0.0284418	0.044115728	0.012767872
1983	0.0289572	0.044692039	0.013222361
1984	0.02940985	0.045231449	0.013588251
1985	0.02948895	0.045418409	0.013559491
1986	0.0295671	0.045616965	0.013517235
1987	0.02968055	0.045837438	0.013523662
1988	0.02979735	0.046081763	0.013512937
1989	0.0301281	0.046549293	0.013706907
1990	0.03055175	0.047142103	0.013961397
1991	0.0308899	0.047539528	0.014240272
1992	0.03112015	0.047738983	0.014501317
1993	0.031193	0.047787183	0.014598817
1994	0.03108215	0.047572273	0.014592027
1995	0.0309777	0.047415718	0.014539682
1996	0.03066945	0.047319787	0.014019113
1997	0.0303212	0.047232335	0.013410065
1998	0.029976	0.047010239	0.012941761
1999	0.02958425	0.046753093	0.012415407
2000	0.0299331	0.046975253	0.012890947
2001	0.0306073	0.047471878	0.013742722
2002	0.03099255	0.047752158	0.014232942
2003	0.0311767	0.047891879	0.014461521
2004	0.0312746	0.048195797	0.014353403
2005	0.03106925	0.048719279	0.013419221
2006	0.0310107	0.049347992	0.012673408
2007	0.03170705	0.05023647	0.01317763
2008	0.0323974	0.051183604	0.013611196
2009	0.0330345	0.051922043	0.014146957
2010	0.0336373	0.052662905	0.014611695
2011	0.03414895	0.052900221	0.015397679
2012	0.03463135	0.053102151	0.016160549
2013	0.03519345	0.053644008	0.016742892
2014	0.03583755	0.054411832	0.017263268
2015	0.03632685	0.055043574	0.017610126
2016	0.036707	0.055521929	0.017892071
2017	0.03722975	0.056259831	0.018199669
2018	0.03796155	0.057415917	0.018507183
2019	0.0386007	0.058457685	0.018743715
2020	0.03908785	0.059235025	0.018940675
2021	0.03951555	0.059920129	0.019110971
2022	0.03978655	0.060108272	0.019464828
2023	0.04002575	0.060302469	0.019749031
2024	0.04039965	0.060778158	0.020021142
2025	0.0407964	0.061280386	0.020312414
2026	0.04118855	0.061676732	0.020700368
2027	0.04154775	0.061968399	0.021127101
2028	0.041951	0.062398907	0.021503093
2029	0.04247	0.063131004	0.021808996
2030	0.04291335	0.063733361	0.022093339
2031	0.04324945	0.06396685	0.02253205
2032	0.04357075	0.064200553	0.022940947
2033	0.04375565	0.064411864	0.023099436
2034	0.0439102	0.064623941	0.023196459
2035	0.04429	0.065072363	0.023507637
2036	0.0447199	0.0655564	0.0238834
2037	0.04506705	0.066086392	0.024047708
2038	0.04530235	0.066533434	0.024071266
2039	0.0454617	0.06685657	0.02406683
2040	0.04559325	0.067161285	0.024025215
2041	0.04575655	0.067477538	0.024035562
2042	0.0460118	0.067859054	0.024164546
2043	0.0462738	0.068228671	0.024318929
2044	0.04660245	0.068573017	0.024631883
2045	0.0469237	0.068920017	0.024927383
2046	0.04696315	0.068965878	0.024960422
2047	0.04695365	0.068951743	0.024955557
2048	0.04718565	0.069171534	0.025199766
2049	0.0474507	0.069436103	0.025465297
2050	0.04758435	0.069773958	0.025394742
2051	0.0476935	0.07013563	0.02525137
2052	0.04780375	0.070292779	0.025314721
2053	0.0480055	0.070378934	0.025632066
2054	0.04820435	0.070483301	0.025925399
2055	0.04832025	0.070628299	0.026012201
2056	0.0484963	0.070900882	0.026091718
2057	0.0488304	0.071494505	0.026166295
2058	0.04917075	0.072104757	0.026236743
2059	0.04958905	0.07279719	0.02638091
2060	0.0500293	0.073520399	0.026538201
2061	0.050451	0.073950668	0.026951332
2062	0.0508691	0.074319537	0.027418663
2063	0.0513003	0.074741517	0.027859083
2064	0.0517662	0.075177531	0.028354869
2065	0.05213995	0.075531406	0.028748494
2066	0.0523523	0.075856311	0.028848289
2067	0.05257815	0.076241059	0.028915241
2068	0.05281865	0.07656723	0.02907007
2069	0.05307345	0.076912479	0.029234421
2070	0.05345065	0.077469627	0.029431673
2071	0.05382935	0.078047815	0.029610885
2072	0.05409965	0.078522497	0.029676803
2073	0.05431855	0.078944395	0.029692705
2074	0.0548261	0.079616259	0.030035941
2075	0.05543245	0.080328088	0.030536812
2076	0.05575725	0.080692089	0.030822411
2077	0.05593305	0.080946332	0.030919768
2078	0.05619545	0.081340461	0.031050439
2079	0.05656015	0.081850504	0.031269796
2080	0.05689015	0.082253376	0.031526924
2081	0.0572384	0.082517699	0.031959101
2082	0.0575822	0.082778332	0.032386068
2083	0.0578841	0.0831178	0.0326504
2084	0.05818885	0.083511504	0.032866196
2085	0.0584847	0.083918617	0.033050783
2086	0.05876285	0.084277227	0.033248473
2087	0.05917595	0.084820706	0.033531194
2088	0.05961535	0.085406945	0.033823755
2089	0.0599279	0.085896848	0.033958952
2090	0.06021955	0.086439237	0.033999863
2091	0.06051615	0.086895048	0.034137252
2092	0.0608169	0.0871891	0.0344447
2093	0.0611829	0.087578134	0.034787666
2094	0.06162255	0.088217058	0.035028042
2095	0.0620401	0.088806002	0.035274198
2096	0.0622513	0.089138378	0.035364222
2097	0.0624057	0.089390246	0.035421154
2098	0.0626293	0.089511973	0.035746627
2099	0.0629177	0.089684698	0.036150702
2100	0.0632321	0.090014306	0.036449894
2101	0.06350965	0.090305868	0.036713432
2102	0.06394595	0.090964712	0.036927188
2103	0.06441875	0.091729882	0.037107618
2104	0.0648017	0.092255934	0.037347466
2105	0.0651928	0.092782271	0.037603329
2106	0.0655555	0.093276804	0.037834196
2107	0.0658899	0.093645878	0.038133922
2108	0.0662113	0.094064642	0.038357958
2109	0.0662323	0.094310603	0.038153997
2110	0.066299	0.094513213	0.038084787
2111	0.0666227	0.094797354	0.038448046
2112	0.0669549	0.095076693	0.038833107
2113	0.0672823	0.095324395	0.039240205
2114	0.0676477	0.095635574	0.039659826
2115	0.0680446	0.096103609	0.039985591
2116	0.0684062	0.096501905	0.040310495
2117	0.0686939	0.096834023	0.040553777
2118	0.06894465	0.097162056	0.040727244
2119	0.06921115	0.097542168	0.040880132
2120	0.06939445	0.097843443	0.040945457
2121	0.06959165	0.098128362	0.041054938
2122	0.0700155	0.098719696	0.041311304
2123	0.07035585	0.099153935	0.041557765
2124	0.07055755	0.099429883	0.041685217
2125	0.0707735	0.099790582	0.041756418
2126	0.07096695	0.100066249	0.041867651
2127	0.0711504	0.100269149	0.042031651
2128	0.0713256	0.100464957	0.042186243
2129	0.0715162	0.100733942	0.042298458
2130	0.0718656	0.101255671	0.042475529
2131	0.07222375	0.101776795	0.042670705
2132	0.07235445	0.101944091	0.042764809
2133	0.0724259	0.101955619	0.042896181
2134	0.0726392	0.102177413	0.043100987
2135	0.0729397	0.102608152	0.043271248
2136	0.07321025	0.103040834	0.043379666
2137	0.07344265	0.103515651	0.043369649
2138	0.0736674	0.103857074	0.043477726
2139	0.07402195	0.104166565	0.043877335
2140	0.0743587	0.104589194	0.044128206
2141	0.07461495	0.105061457	0.044168443
2142	0.07487855	0.10547735	0.04427975
2143	0.0751658	0.105786868	0.044544732
2144	0.07543915	0.106096551	0.044781749
2145	0.0756576	0.1063423	0.0449729
2146	0.07586715	0.106537961	0.045196339
2147	0.07604565	0.10661036	0.04548094
2148	0.07620875	0.106722325	0.045695175
2149	0.07634845	0.106972006	0.045724894
2150	0.0765217	0.107303028	0.045740372
2151	0.07671055	0.107709272	0.045711828
2152	0.07685155	0.10804386	0.04565924
2153	0.0770616	0.108336014	0.045787186
2154	0.07733705	0.108643115	0.046030985
2155	0.0775878	0.108908988	0.046266612
2156	0.0778151	0.109069169	0.046561031
2157	0.0780571	0.109292755	0.046821445
2158	0.07828115	0.109612078	0.046950222
2159	0.07848315	0.109883516	0.047082784
2160	0.07872115	0.110089081	0.047353219
2161	0.0789932	0.110359531	0.047626869
2162	0.07917095	0.110689278	0.047652622
2163	0.07929305	0.110950442	0.047635658
2164	0.0795229	0.111174427	0.047871373
2165	0.0797453	0.11136738	0.04812322
2166	0.0800161	0.111640164	0.048392036
2167	0.08040515	0.112145545	0.048664755
2168	0.08070385	0.112640667	0.048767033
2169	0.0808538	0.11286488	0.04884272
2170	0.0809884	0.113050869	0.048925931
2171	0.0812043	0.11340021	0.04900839
2172	0.08139965	0.113696546	0.049102754
2173	0.08161735	0.113958815	0.049275885
2174	0.0818467	0.114223846	0.049469554
2175	0.081983	0.114398572	0.049567428
2176	0.08213345	0.114618647	0.049648253
2177	0.0823767	0.115015949	0.049737451
2178	0.08256635	0.115353605	0.049779095
2179	0.08264415	0.115386476	0.049901824
2180	0.08279835	0.115420209	0.050176491
2181	0.08302135	0.115619522	0.050423178
2182	0.0832412	0.115945578	0.050536822
2183	0.0834279	0.116212206	0.050643594
2184	0.0836104	0.116461015	0.050759785
2185	0.0837996	0.116731209	0.050867991
2186	0.0839249	0.116860687	0.050989113
2187	0.0840592	0.117049714	0.051068686
2188	0.08422745	0.117321533	0.051133367
2189	0.084347	0.117520482	0.051173518
2190	0.08435145	0.117683095	0.051019805
2191	0.0843994	0.117925077	0.050873723
2192	0.08458715	0.118221884	0.050952416
2193	0.0847935	0.118500083	0.051086917
2194	0.08501305	0.118752208	0.051273892
2195	0.0852164	0.118963755	0.051469045
2196	0.0852828	0.118905256	0.051660344
2197	0.0853406	0.118825487	0.051855713
2198	0.08551765	0.118916399	0.052118901
2199	0.08565155	0.118957936	0.052345164
2200	0.08563445	0.118986101	0.052282799
2201	0.08574585	0.119336259	0.052155441
2202	0.0861224	0.119994738	0.052250062
2203	0.086481	0.120519936	0.052442064
2204	0.08673005	0.120786347	0.052673753
2205	0.0868847	0.120826941	0.052942459
2206	0.08695585	0.120851287	0.053060413
2207	0.08690175	0.120897979	0.052905521
2208	0.0868785	0.120931082	0.052825918
2209	0.0868693	0.120859637	0.052878963
2210	0.0869099	0.120879415	0.052940385
2211	0.08712695	0.121236836	0.053017064
2212	0.087332	0.121602012	0.053061988
2213	0.0874538	0.121825768	0.053081832
2214	0.08754625	0.121968412	0.053124088
2215	0.0874302	0.121750255	0.053110145
2216	0.0873014	0.121530372	0.053072428
2217	0.0873948	0.121621993	0.053167607
2218	0.0874693	0.121715502	0.053223098
2219	0.0873499	0.121727146	0.052972654
2220	0.08721685	0.121719114	0.052714586
2221	0.0872377	0.121792588	0.052682812
2222	0.08736575	0.121776732	0.052954768
2223	0.0874285	0.121645064	0.053211936
2224	0.08728025	0.121450322	0.053110178
2225	0.0871909	0.121352497	0.053029303
2226	0.0872726	0.121419539	0.053125661
2227	0.08724475	0.121408013	0.053081487
2228	0.08719255	0.121396559	0.052988541
2229	0.0872066	0.121415783	0.052997417
2230	0.08718975	0.121325176	0.053054324
2231	0.0871075	0.121146986	0.053068014
2232	0.08685965	0.120816321	0.052902979
2233	0.08659005	0.120499649	0.052680451
2234	0.086431	0.12036742	0.05249458
2235	0.0863391	0.120332916	0.052345284
2236	0.0861993	0.12023877	0.05215983
2237	0.08590775	0.119917848	0.051897652
2238	0.0854906	0.119325919	0.051655281
2239	0.0852093	0.118896085	0.051522515
2240	0.0849398	0.118445079	0.051434521
2241	0.0846667	0.117999877	0.051333523
2242	0.0843485	0.117528759	0.051168241
2243	0.0839999	0.117020894	0.050978906
2244	0.0835945	0.116534925	0.050654075
2245	0.08308815	0.115980503	0.050195797
2246	0.08261445	0.115529077	0.049699823
2247	0.0821063	0.115026737	0.049185863
2248	0.08164975	0.114437668	0.048861832
2249	0.08129965	0.113773271	0.048826029
2250	0.0809426	0.113130324	0.048754876
2251	0.08056105	0.11248293	0.04863917
2252	0.08014665	0.111817764	0.048475536
2253	0.07966415	0.11123076	0.04809754
2254	0.07914515	0.110631607	0.047658693
2255	0.07870585	0.110099068	0.047312632
2256	0.07840045	0.109742373	0.047058527
2257	0.0783509	0.109702747	0.046999053
2258	0.07828555	0.10961155	0.04695955
2259	0.07791485	0.109130292	0.046699408
2260	0.07736005	0.108459197	0.046260903
2261	0.0767333	0.107606599	0.045860001
2262	0.0761514	0.106676833	0.045625967
2263	0.07581425	0.106004012	0.045624488
2264	0.0755573	0.105531434	0.045583166
2265	0.0751895	0.105195359	0.045183641
2266	0.0747745	0.104974689	0.044574311
2267	0.07428625	0.104507745	0.044064755
2268	0.07396065	0.104035239	0.043886061
2269	0.073686	0.103598368	0.043773632
2270	0.0733096	0.103121145	0.043498055
2271	0.0729161	0.102672719	0.043159481
2272	0.07240515	0.102130306	0.042679994
2273	0.0719794	0.101651768	0.042307032
2274	0.0717609	0.101311656	0.042210144
2275	0.07149435	0.100898958	0.042089742
2276	0.07107375	0.100227927	0.041919573
2277	0.0706539	0.099588619	0.041719181
2278	0.0703573	0.099204423	0.041510177
2279	0.0701161	0.098881932	0.041350268
2280	0.06994555	0.098697458	0.041193642
2281	0.06976645	0.098542701	0.040990199
2282	0.06954715	0.098089543	0.041004757
2283	0.0693079	0.097536898	0.041078902
2284	0.06889215	0.096974584	0.040809716
2285	0.0684523	0.096433026	0.040471574
2286	0.06802035	0.095986271	0.040054429
2287	0.06754945	0.095547661	0.039551239
2288	0.0672392	0.095210613	0.039267787
2289	0.0671015	0.095013913	0.039189087
2290	0.06693055	0.094697933	0.039163167
2291	0.0665482	0.094085654	0.039010746
2292	0.06609965	0.093457879	0.038741421
2293	0.0657149	0.093078807	0.038350993
2294	0.0653489	0.092785466	0.037912334
2295	0.0648981	0.092321005	0.037475195
2296	0.0643649	0.091716645	0.037013155
2297	0.0639363	0.091053539	0.036819061
2298	0.063623	0.090487274	0.036758726
2299	0.06341375	0.090063983	0.036763517
2300	0.0631311	0.08966225	0.03659995
2301	0.0627074	0.089397317	0.036017483
2302	0.0623012	0.08915218	0.03545022
2303	0.061975	0.088822273	0.035127727
2304	0.061671	0.088493663	0.034848337
2305	0.06140445	0.08825757	0.03455133
2306	0.0611457	0.088052687	0.034238713
2307	0.06098405	0.08772835	0.03423975
2308	0.060817	0.087324763	0.034309237
2309	0.0603997	0.086652688	0.034146712
2310	0.0599663	0.085996137	0.033936463
2311	0.0596287	0.085551762	0.033705638
2312	0.0592959	0.085169935	0.033421865
2313	0.0590862	0.084975675	0.033196725
2314	0.05893205	0.084776123	0.033087977
2315	0.05876545	0.084472411	0.033058489
2316	0.0584893	0.084002563	0.032976037
2317	0.0580538	0.083434705	0.032672895
2318	0.0576455	0.082960558	0.032330442
2319	0.05747535	0.082729029	0.032221671
2320	0.0575172	0.08283909	0.03219531
2321	0.05753645	0.082952131	0.032120769
2322	0.0574769	0.082882972	0.032070828
2323	0.05738215	0.082787894	0.031976406
2324	0.05719225	0.082510556	0.031873944
2325	0.05702035	0.082267731	0.031772969
2326	0.0568143	0.082010884	0.031617716
2327	0.05656625	0.081639679	0.031492821
2328	0.0562627	0.081245552	0.031279848
2329	0.0559833	0.080934736	0.031031864
2330	0.05581665	0.080631661	0.031001639
2331	0.05559725	0.080235178	0.030959322
2332	0.0550929	0.079597502	0.030588298
2333	0.05454915	0.078990836	0.030107464
2334	0.0540463	0.078549543	0.029543057
2335	0.0535432	0.078088605	0.028997795
2336	0.05314785	0.077430731	0.028864969
2337	0.0528134	0.076726336	0.028900464
2338	0.0524944	0.076243848	0.028744952
2339	0.0521898	0.075946382	0.028433218
2340	0.05191565	0.075579292	0.028252008
2341	0.05156715	0.075073634	0.028060666
2342	0.05106755	0.074521613	0.027613487
2343	0.0504695	0.073917936	0.027021064
2344	0.05012265	0.073549907	0.026695393
2345	0.0499343	0.073264167	0.026604433
2346	0.04967125	0.072987482	0.026355018
2347	0.04937105	0.072876953	0.025865147
2348	0.0490445	0.072541146	0.025547854
2349	0.04861605	0.071878628	0.025353472
2350	0.0483743	0.071515042	0.025233558
2351	0.04842415	0.07142369	0.02542461
2352	0.04834835	0.071225839	0.025470861
2353	0.04823385	0.071188897	0.025278803
2354	0.04815735	0.071162538	0.025152162
2355	0.04796835	0.070847819	0.025088881
2356	0.04774615	0.070487832	0.025004468
2357	0.0475302	0.070031256	0.025029144
2358	0.04732325	0.069620232	0.025026268
2359	0.0469819	0.06904302	0.02492078
2360	0.046686	0.068574415	0.024797585
2361	0.0466254	0.068793268	0.024457532
2362	0.0465195	0.068895461	0.024143539
2363	0.04629025	0.068592961	0.023987539
2364	0.04605455	0.068405763	0.023703337
2365	0.04582675	0.068233702	0.023419798
2366	0.0456237	0.068054285	0.023193115
2367	0.04549295	0.067739555	0.023246345
2368	0.0453146	0.067230225	0.023398975
2369	0.04481975	0.066489782	0.023149718
2370	0.0442163	0.065840511	0.022592089
2371	0.043592	0.065256287	0.021927713
2372	0.04301185	0.064786699	0.021237001
2373	0.04254	0.064477373	0.020602627
2374	0.04201295	0.064110691	0.019915209
2375	0.0417595	0.063825977	0.019693023
2376	0.041684	0.063677278	0.019690722
2377	0.04152035	0.063190313	0.019850387
2378	0.04129195	0.062434194	0.020149706
2379	0.04094105	0.061694114	0.020187986
2380	0.0403939	0.060830991	0.019956809
2381	0.0398682	0.059984576	0.019751824
2382	0.03950965	0.059547533	0.019471767
2383	0.0393906	0.059535503	0.019245697
2384	0.0394481	0.059744718	0.019151482
2385	0.0394314	0.059694639	0.019168161
2386	0.0392222	0.059307076	0.019137324
2387	0.03895795	0.058979974	0.018935926
2388	0.03882	0.058866885	0.018773115
2389	0.03868575	0.058690989	0.018680511
2390	0.03865485	0.058599475	0.018710225
2391	0.03854645	0.058334892	0.018758008
2392	0.0380984	0.057533186	0.018663614
2393	0.0376606	0.056954225	0.018366975
2394	0.03726605	0.0565348	0.0179973
2395	0.0369084	0.056051387	0.017765413
2396	0.03666985	0.055735543	0.017604157
2397	0.03650635	0.055629961	0.017382739
2398	0.03659945	0.055673518	0.017525382
2399	0.0365738	0.055670804	0.017476796
2400	0.0359318	0.055436064	0.016427536
2401	0.0353276	0.055322752	0.015332448
2402	0.0349103	0.055209854	0.014610746
2403	0.03447055	0.054919313	0.014021787
2404	0.0339711	0.053814207	0.014127993
2405	0.03331115	0.052471917	0.014150383
2406	0.0327162	0.051364365	0.014068035
2407	0.03227525	0.050532854	0.014017646
2408	0.031933	0.050010604	0.013855396
2409	0.03159995	0.049743545	0.013456355
2410	0.03146135	0.050042914	0.012879786
2411	0.0311837	0.050307226	0.012060174
2412	0.03018775	0.04982235	0.01055315
2413	0.029221	0.04942657	0.00901543
2414	0.02898855	0.048947028	0.009030072
2415	0.02865005	0.048174479	0.009125621
2416	0.02794535	0.046701358	0.009189342
2417	0.0273847	0.045513169	0.009256231
2418	0.0273174	0.045235783	0.009399017
2419	0.0276023	0.04569342	0.00951118
2420	0.02789415	0.046424983	0.009363317
2421	0.0278638	0.046868032	0.008859568
2422	0.027773	0.04678215	0.00876385
2423	0.02764295	0.046616179	0.008669721
2424	0.0277376	0.046383528	0.009091672
2425	0.0277831	0.04594399	0.00962221
2426	0.02763485	0.045322066	0.009947634
2427	0.0274116	0.044820867	0.010002333
2428	0.0269745	0.044211885	0.009737115
2429	0.02672745	0.043894153	0.009560747
2430	0.0269102	0.043939552	0.009880848
2431	0.0269023	0.044054868	0.009749732
2432	0.0258307	0.042917563	0.008743837
2433	0.02457275	0.041263675	0.007881825
2434	0.0237395	0.040243086	0.007235914
2435	0.0228113	0.039739168	0.005883432
2436	0.0221599	0.039443261	0.004876539
2437	0.02183785	0.039023541	0.004652159
2438	0.02125105	0.038058609	0.004443491
2439	0.02083745	0.037608038	0.004066862
2440	0.0207598	0.037438413	0.004081187
2441	0.0206972	0.036695361	0.004699039
2442	0.02058185	0.036596892	0.004566808
2443	0.02026095	0.037289198	0.003232702
2444	0.01969005	0.037224173	0.002155927
2445	0.0187667	0.03539213	0.00214127
2446	0.0180432	0.033970591	0.002115809
2447	0.01724175	0.033415452	0.001068048
2448	0.0157975	0.031926797	-0.000331797
2449	0.0150736	0.031012635	-0.000865435
2450	0.01455395	0.029950999	-0.000843099
2451	0.0137917	0.028873792	-0.001290392
2452	0.0135487	0.028374374	-0.001276974
2453	0.0143493	0.028376056	0.000322544
2454	0.0155884	0.030207442	0.000969358
2455	0.0166532	0.032277363	0.001029037
2456	0.01755095	0.033642925	0.001458975
2457	0.0179753	0.034197541	0.001753059
2458	0.01791145	0.034537885	0.001285015
2459	0.01762745	0.034199548	0.001055352
2460	0.0175555	0.03415801	0.00095299
2461	0.0170387	0.033581378	0.000496022
2462	0.01639585	0.033184094	-0.000392394
2463	0.0163497	0.033088365	-0.000388965
2464	0.01639305	0.033124951	-0.000338851
2465	0.01562895	0.03207154	-0.00081364
2466	0.01433985	0.030458232	-0.001778532
2467	0.01264475	0.027784242	-0.002494742
2468	0.0110024	0.025126718	-0.003121918
2469	0.0108678	0.024299734	-0.002564134
2470	0.0111976	0.024154055	-0.001758855
2471	0.0110948	0.023349504	-0.001159904
2472	0.01105615	0.023336103	-0.001223803
2473	0.0109322	0.023616288	-0.001751888
2474	0.010623	0.024201224	-0.002955224
2475	0.0111633	0.024280775	-0.001954175
2476	0.0116495	0.024504633	-0.001205633
2477	0.0112808	0.023941597	-0.001379997
2478	0.01082135	0.023344467	-0.001701767
2479	0.009666	0.0212918	-0.0019598
2480	0.0085572	0.02048126	-0.00336686
2481	0.0087312	0.021621685	-0.004159285
2482	0.0089235	0.022325757	-0.004478757
2483	0.00834265	0.020085756	-0.003400456
2484	0.00718735	0.017263995	-0.002889295
2485	0.0064022	0.014069708	-0.001265308
2486	0.00617355	0.014202084	-0.001854984
2487	0.00547	0.013512059	-0.002572059
2488	0.004138	0.013815358	-0.005539358
2489	0.0026308	0.009956697	-0.004695097
2490	0.0011776	0.005441535	-0.003086335
2491	0.00189845	0.006776756	-0.002979856
2492	0.00366735	0.011378752	-0.004044052
2493	0.00409405	0.01167199	-0.00348389
2494	0.00380785	0.01118172	-0.00356602
2495	0.00429005	0.013580575	-0.005000475
2496	0.00456785	0.016075271	-0.006939571
2497	0.0031283	0.009910403	-0.003653803
2498	0.0025217	0.00682496	-0.00178156
2499	0.005326	0.013253577	-0.002601577
2500	0.00982885	0.024989651	-0.005331951
