Wavelength	Mean	Std+	Std-
350	0.0117212	0.013959226	0.009483174
351	0.01166635	0.013921856	0.009410844
352	0.01176725	0.014006808	0.009527692
353	0.01165675	0.013906555	0.009406945
354	0.0116053	0.01386491	0.00934569
355	0.0116368	0.013899828	0.009373772
356	0.01177465	0.013992377	0.009556923
357	0.0118151	0.014011086	0.009619114
358	0.0118241	0.014013486	0.009634714
359	0.0119277	0.01412066	0.00973474
360	0.01192825	0.014112609	0.009743891
361	0.0118773	0.014078038	0.009676562
362	0.0117841	0.014065677	0.009502523
363	0.011852	0.014100926	0.009603074
364	0.011851	0.014090306	0.009611694
365	0.0117667	0.014032767	0.009500633
366	0.0119086	0.014152586	0.009664614
367	0.01195895	0.014190813	0.009727087
368	0.01197595	0.01419901	0.00975289
369	0.01209815	0.014300512	0.009895788
370	0.01192235	0.014162048	0.009682652
371	0.01180745	0.01407671	0.00953819
372	0.01203875	0.014271349	0.009806151
373	0.0121086	0.014318544	0.009898656
374	0.0121422	0.014329291	0.009955109
375	0.0121549	0.014323118	0.009986682
376	0.0121107	0.014368613	0.009852787
377	0.0120093	0.014290856	0.009727744
378	0.0119057	0.014156634	0.009654766
379	0.0120131	0.014251616	0.009774584
380	0.012045	0.014278885	0.009811115
381	0.0120689	0.014306184	0.009831616
382	0.01214095	0.014392683	0.009889217
383	0.0122086	0.014505819	0.009911381
384	0.01221695	0.014522032	0.009911868
385	0.01215335	0.014414327	0.009892373
386	0.01228195	0.01453991	0.01002399
387	0.01238065	0.014630592	0.010130708
388	0.01243565	0.01468048	0.01019082
389	0.01236065	0.014623936	0.010097364
390	0.01239485	0.01465955	0.01013015
391	0.01245025	0.014714717	0.010185783
392	0.0124546	0.014731449	0.010177751
393	0.01257395	0.014878355	0.010269545
394	0.01265895	0.01497635	0.01034155
395	0.0126757	0.014985359	0.010366041
396	0.0127564	0.015074676	0.010438124
397	0.0128174	0.015139561	0.010495239
398	0.0128648	0.015190031	0.010539569
399	0.01291625	0.015252385	0.010580115
400	0.01300505	0.015327767	0.010682333
401	0.01307955	0.015391782	0.010767318
402	0.01308805	0.015420416	0.010755684
403	0.01317975	0.01552571	0.01083379
404	0.01328735	0.015646635	0.010928065
405	0.01339805	0.015771601	0.011024499
406	0.01355995	0.015935678	0.011184222
407	0.0137139	0.016098826	0.011328974
408	0.01386015	0.016259322	0.011460978
409	0.01400785	0.016414442	0.011601258
410	0.0141499	0.016583756	0.011716044
411	0.01430805	0.016771759	0.011844341
412	0.01452515	0.017002514	0.012047786
413	0.0147037	0.017215112	0.012192288
414	0.01489125	0.017433422	0.012349078
415	0.0151083	0.017671414	0.012545186
416	0.0153037	0.017894997	0.012712403
417	0.0155168	0.018137203	0.012896397
418	0.01574885	0.018399453	0.013098247
419	0.01600245	0.018684781	0.013320119
420	0.0162295	0.018956139	0.013502861
421	0.01644835	0.019222651	0.013674049
422	0.0166881	0.019500267	0.013875933
423	0.0169322	0.01977738	0.01408702
424	0.01717655	0.020058941	0.014294159
425	0.0174219	0.020350022	0.014493778
426	0.017615	0.020576724	0.014653276
427	0.0178067	0.020804804	0.014808596
428	0.0180032	0.021041287	0.014965113
429	0.01823655	0.021313861	0.015159239
430	0.01847195	0.021587832	0.015356068
431	0.01870155	0.021858861	0.015544239
432	0.0189116	0.022122532	0.015700668
433	0.01909165	0.022346113	0.015837187
434	0.0192639	0.022556197	0.015971603
435	0.01943895	0.02276395	0.01611395
436	0.01960095	0.022955586	0.016246314
437	0.01978385	0.0231654	0.0164023
438	0.01998455	0.023391149	0.016577951
439	0.0201082	0.02354924	0.01666716
440	0.02024835	0.023727053	0.016769647
441	0.0204021	0.023918968	0.016885232
442	0.02057565	0.024121951	0.017029349
443	0.0207464	0.024323147	0.017169653
444	0.0209076	0.024515328	0.017299872
445	0.02105245	0.02469221	0.01741269
446	0.0212405	0.024908997	0.017572003
447	0.02142315	0.025121507	0.017724793
448	0.02159395	0.025324236	0.017863664
449	0.02172005	0.025485893	0.017954207
450	0.0218717	0.025664433	0.018078967
451	0.0220371	0.025851437	0.018222763
452	0.0221915	0.026027103	0.018355897
453	0.02233935	0.026204611	0.018474089
454	0.02247365	0.026366901	0.018580399
455	0.02258285	0.026494307	0.018671393
456	0.0226858	0.026625986	0.018745614
457	0.0227742	0.026740125	0.018808275
458	0.0228449	0.026830471	0.018859329
459	0.0229316	0.026933446	0.018929754
460	0.0230238	0.027041415	0.019006185
461	0.02311415	0.027147455	0.019080845
462	0.02317145	0.027222191	0.019120709
463	0.0232212	0.027292852	0.019149548
464	0.0232783	0.027369763	0.019186837
465	0.0233588	0.027463463	0.019254137
466	0.02342915	0.027554244	0.019304056
467	0.02349095	0.027632954	0.019348946
468	0.0235434	0.027696022	0.019390778
469	0.0236126	0.02779104	0.01943416
470	0.0236627	0.027863734	0.019461666
471	0.02370445	0.02792585	0.01948305
472	0.0237844	0.028026885	0.019541915
473	0.02386175	0.028117616	0.019605884
474	0.0239295	0.028198665	0.019660335
475	0.0239768	0.028266572	0.019687028
476	0.0240415	0.02834153	0.01974147
477	0.02410685	0.028418081	0.019795619
478	0.0241695	0.02849547	0.01984353
479	0.0242188	0.028561266	0.019876334
480	0.0242781	0.028633698	0.019922502
481	0.02434115	0.028707493	0.019974807
482	0.02437175	0.028749316	0.019994184
483	0.02442455	0.028811726	0.020037374
484	0.0244877	0.028885864	0.020089536
485	0.02454975	0.02896494	0.02013456
486	0.02462205	0.029056129	0.020187971
487	0.0247184	0.029175068	0.020261732
488	0.0248467	0.02933089	0.02036251
489	0.0249758	0.029487103	0.020464497
490	0.0251233	0.029662976	0.020583624
491	0.0252887	0.029857814	0.020719586
492	0.0254935	0.030094018	0.020892982
493	0.0257015	0.030345757	0.021057243
494	0.0259314	0.030626551	0.021236249
495	0.02622555	0.030975231	0.021475869
496	0.02657855	0.031380495	0.021776605
497	0.02694125	0.031805197	0.022077303
498	0.02730015	0.032244463	0.022355837
499	0.027765	0.032785032	0.022744968
500	0.02825915	0.033373006	0.023145294
501	0.02878405	0.034010893	0.023557207
502	0.02940305	0.034752101	0.024053999
503	0.03009855	0.035578984	0.024618116
504	0.03083415	0.036455311	0.025212989
505	0.0315899	0.037369274	0.025810526
506	0.0324859	0.03844345	0.02652835
507	0.0334405	0.03959309	0.02728791
508	0.0344417	0.040809877	0.028073523
509	0.03557705	0.042190175	0.028963925
510	0.03679725	0.043672304	0.029922196
511	0.03810115	0.045256444	0.030945856
512	0.03949495	0.046968795	0.032021105
513	0.04099895	0.04880372	0.03319418
514	0.04259285	0.05074831	0.03443739
515	0.0442641	0.052808803	0.035719397
516	0.0461405	0.055119676	0.037161324
517	0.0481394	0.057583033	0.038695767
518	0.05023795	0.060169588	0.040306312
519	0.0524391	0.062871744	0.042006456
520	0.05462965	0.065575886	0.043683414
521	0.05677815	0.068243804	0.045312496
522	0.0589325	0.070909952	0.046955048
523	0.0610586	0.073536281	0.048580919
524	0.0631833	0.076159893	0.050206707
525	0.0653366	0.078824724	0.051848476
526	0.0674659	0.081467608	0.053464192
527	0.06954	0.084048686	0.055031314
528	0.07154355	0.086549524	0.056537576
529	0.0734141	0.08888173	0.05794647
530	0.0751725	0.091076148	0.059268852
531	0.07681545	0.093128615	0.060502285
532	0.07839045	0.095093084	0.061687816
533	0.0798912	0.096969151	0.062813249
534	0.08132495	0.098766868	0.063883032
535	0.08264765	0.100439514	0.064855786
536	0.0838683	0.101976502	0.065760098
537	0.0850109	0.103416625	0.066605175
538	0.0860682	0.104757792	0.067378608
539	0.08709135	0.106040641	0.068142059
540	0.08809175	0.107294537	0.068888963
541	0.08906285	0.108513484	0.069612216
542	0.0899652	0.109648405	0.070281995
543	0.09086015	0.11077182	0.07094848
544	0.09173415	0.111866559	0.071601741
545	0.09254635	0.112881137	0.072211563
546	0.0933504	0.113883949	0.072816851
547	0.09414895	0.114870901	0.073426999
548	0.09494435	0.115833182	0.074055518
549	0.09563605	0.116692138	0.074579962
550	0.0962714	0.117479809	0.075062991
551	0.09685475	0.118195112	0.075514388
552	0.09729865	0.118733301	0.075863999
553	0.0976555	0.119164949	0.076146051
554	0.0979222	0.119485502	0.076358898
555	0.0980304	0.119611628	0.076449172
556	0.0979787	0.119548149	0.076409251
557	0.09782615	0.119369092	0.076283208
558	0.09757785	0.119088227	0.076067473
559	0.09716655	0.118604701	0.075728399
560	0.09668565	0.118029964	0.075341336
561	0.09615205	0.117382629	0.074921471
562	0.09550715	0.116604254	0.074410046
563	0.0947868	0.115735227	0.073838373
564	0.09399095	0.114774206	0.073207694
565	0.09310075	0.113694322	0.072507178
566	0.09209595	0.11248213	0.07170977
567	0.09101075	0.111175202	0.070846298
568	0.08985485	0.109781306	0.069928394
569	0.08863405	0.108310077	0.068958023
570	0.0873773	0.106798761	0.067955839
571	0.08608995	0.105254471	0.066925429
572	0.08484865	0.103755429	0.065941871
573	0.0836408	0.102289421	0.064992179
574	0.0824687	0.100860258	0.064077142
575	0.0813758	0.099523076	0.063228524
576	0.08030855	0.098232172	0.062384928
577	0.07927805	0.096989716	0.061566384
578	0.0783435	0.095850857	0.060836143
579	0.0774938	0.094811558	0.060176042
580	0.0766761	0.093817335	0.059534865
581	0.07588045	0.092860755	0.058900145
582	0.0752002	0.092025772	0.058374628
583	0.074548	0.091222494	0.057873506
584	0.07391775	0.09044535	0.05739015
585	0.07333745	0.089736103	0.056938797
586	0.0728056	0.089081179	0.056530021
587	0.0722973	0.088454355	0.056140245
588	0.07179695	0.08784429	0.05574961
589	0.07139495	0.087343325	0.055446575
590	0.0710148	0.086871609	0.055157991
591	0.0706317	0.086407298	0.054856102
592	0.0703493	0.086057229	0.054641371
593	0.07008925	0.085736321	0.054442179
594	0.0698451	0.085436764	0.054253436
595	0.0696486	0.085190229	0.054106971
596	0.069466	0.084953025	0.053978975
597	0.06928835	0.084717986	0.053858714
598	0.0690977	0.084470559	0.053724841
599	0.06888625	0.084211098	0.053561402
600	0.0686432	0.083916241	0.053370159
601	0.0683526	0.083562005	0.053143195
602	0.06800495	0.083135858	0.052874042
603	0.06762565	0.082669599	0.052581701
604	0.0672136	0.082161985	0.052265215
605	0.0667223	0.08155413	0.05189047
606	0.06618815	0.080899447	0.051476853
607	0.0656061	0.080189651	0.051022549
608	0.06495425	0.079394886	0.050513614
609	0.06428905	0.078579526	0.049998574
610	0.06360665	0.077746977	0.049466323
611	0.062908	0.076905973	0.048910027
612	0.0622323	0.076074887	0.048389713
613	0.0615788	0.075264226	0.047893374
614	0.06094865	0.074477502	0.047419798
615	0.06030535	0.073702426	0.046908274
616	0.0597096	0.07298315	0.04643605
617	0.05916135	0.072319047	0.046003653
618	0.05868305	0.071735602	0.045630498
619	0.0582371	0.071190645	0.045283555
620	0.05784775	0.070710563	0.044984937
621	0.05756195	0.070346974	0.044776926
622	0.05728355	0.070013336	0.044553764
623	0.0570625	0.06973921	0.04438579
624	0.0569157	0.06953843	0.04429297
625	0.0567626	0.069365066	0.044160134
626	0.0566713	0.06925732	0.04408528
627	0.05662655	0.069198599	0.044054501
628	0.05659	0.069145991	0.044034009
629	0.0565577	0.069112583	0.044002817
630	0.05651695	0.069074989	0.043958911
631	0.05645115	0.069009298	0.043893002
632	0.05631265	0.068839242	0.043786058
633	0.0561326	0.068615928	0.043649272
634	0.05591405	0.068345621	0.043482479
635	0.05557525	0.067933776	0.043216724
636	0.0551445	0.067411709	0.042877291
637	0.0546299	0.066790085	0.042469715
638	0.05401435	0.066052892	0.041975808
639	0.05334735	0.065238719	0.041455981
640	0.0526244	0.064353511	0.040895289
641	0.05180975	0.063364062	0.040255438
642	0.05095865	0.062329754	0.039587546
643	0.050105	0.061291479	0.038918521
644	0.04925	0.060250541	0.038249459
645	0.0484099	0.059225522	0.037594278
646	0.0475851	0.058226269	0.036943931
647	0.04678775	0.057263947	0.036311553
648	0.0461195	0.056441103	0.035797897
649	0.0455105	0.055695412	0.035325588
650	0.04495025	0.05501629	0.03488421
651	0.04444395	0.054416485	0.034471415
652	0.0440236	0.05390172	0.03414548
653	0.0436028	0.053390247	0.033815353
654	0.04314395	0.052844247	0.033443653
655	0.0426454	0.052228092	0.033062708
656	0.04203705	0.051484889	0.032589211
657	0.04134325	0.050646783	0.032039717
658	0.0405364	0.04968191	0.03139089
659	0.0397328	0.048709979	0.030755621
660	0.03891995	0.04772549	0.03011441
661	0.0380698	0.046704099	0.029435501
662	0.037226	0.045688087	0.028763913
663	0.03641715	0.044710441	0.028123859
664	0.03566705	0.043796753	0.027537347
665	0.03497925	0.042966567	0.026991933
666	0.0343596	0.042216111	0.026503089
667	0.03380635	0.04154369	0.02606901
668	0.03332455	0.040962945	0.025686155
669	0.03292125	0.040476304	0.025366196
670	0.03258985	0.040074011	0.025105689
671	0.03236535	0.039791801	0.024938899
672	0.03215305	0.039531615	0.024774485
673	0.0319809	0.039320302	0.024641498
674	0.0318755	0.039186791	0.024564209
675	0.03186085	0.039153247	0.024568453
676	0.0318608	0.039142441	0.024579159
677	0.0318786	0.039158095	0.024599105
678	0.03206115	0.039350065	0.024772235
679	0.03233875	0.03966176	0.02501574
680	0.0327131	0.040091977	0.025334223
681	0.0332518	0.040716766	0.025786834
682	0.0340743	0.041667334	0.026481266
683	0.0351037	0.04286779	0.02733961
684	0.0363904	0.04439116	0.02838964
685	0.0382331	0.04655898	0.02990722
686	0.04055295	0.049309303	0.031796597
687	0.04334425	0.052650809	0.034037691
688	0.0465703	0.05654731	0.03659329
689	0.05024465	0.06099381	0.03949549
690	0.05431665	0.065931468	0.042701832
691	0.0591331	0.071756579	0.046509621
692	0.0646073	0.078365869	0.050848731
693	0.0705823	0.085579454	0.055585146
694	0.07709925	0.093435319	0.060763181
695	0.0841165	0.101845528	0.066387472
696	0.09134085	0.110475951	0.072205749
697	0.09886045	0.11942693	0.07829397
698	0.10692	0.128942752	0.084897248
699	0.11517865	0.138658815	0.091698485
700	0.12362435	0.148559118	0.098689582
701	0.13228175	0.158633533	0.105929967
702	0.14097835	0.168694904	0.113261796
703	0.14962965	0.17865769	0.12060161
704	0.1583184	0.188601215	0.128035585
705	0.1670667	0.19854478	0.13558862
706	0.1758422	0.208466844	0.143217556
707	0.18463925	0.218357989	0.150920511
708	0.19346765	0.228223612	0.158711688
709	0.20230625	0.238054217	0.166558283
710	0.21116175	0.247859153	0.174464347
711	0.22009515	0.257684338	0.182505962
712	0.22891775	0.267353612	0.190481888
713	0.23766805	0.276906425	0.198429675
714	0.2464278	0.286400553	0.206455047
715	0.2549257	0.295537597	0.214313803
716	0.2637882	0.305053253	0.222523147
717	0.2731349	0.315090411	0.231179389
718	0.28254985	0.325190994	0.239908706
719	0.2919533	0.335264818	0.248641782
720	0.30065335	0.344552488	0.256754212
721	0.30885015	0.353157063	0.264543237
722	0.31698335	0.361701772	0.272264928
723	0.3254358	0.370598679	0.280272921
724	0.33377525	0.379408831	0.288141669
725	0.3416647	0.387681598	0.295647802
726	0.34929595	0.39566726	0.30292464
727	0.35677935	0.403489258	0.310069442
728	0.36391865	0.410955868	0.316881432
729	0.3708722	0.418218988	0.323525412
730	0.37754225	0.425177549	0.329906951
731	0.3838789	0.431781395	0.335976405
732	0.38981985	0.437939319	0.341700381
733	0.3954388	0.443747901	0.347129699
734	0.40083685	0.449325099	0.352348601
735	0.4059498	0.454633421	0.357266179
736	0.4108317	0.459698064	0.361965336
737	0.4154504	0.464473053	0.366427747
738	0.4197412	0.468918214	0.370564186
739	0.4238302	0.473149552	0.374510848
740	0.4277098	0.477159908	0.378259692
741	0.43133845	0.480920208	0.381756692
742	0.43470525	0.48439522	0.38501528
743	0.4378573	0.487643688	0.388070912
744	0.44077445	0.490657616	0.390891284
745	0.4434569	0.493412526	0.393501274
746	0.4459749	0.495989988	0.395959812
747	0.4483275	0.498390483	0.398264517
748	0.4504553	0.500572686	0.400337914
749	0.45244605	0.502610975	0.402281125
750	0.45429115	0.504495892	0.404086408
751	0.4559434	0.506182872	0.405703928
752	0.45750825	0.507780532	0.407235968
753	0.4589867	0.50928643	0.40868697
754	0.46033735	0.510646531	0.410028169
755	0.4615629	0.51188482	0.41124098
756	0.4626085	0.512904498	0.412312502
757	0.46343095	0.513619739	0.413242161
758	0.4629892	0.512865254	0.413113146
759	0.46261895	0.512348979	0.412888921
760	0.46286125	0.512870658	0.412851842
761	0.4642377	0.514325447	0.414149953
762	0.465379	0.515512449	0.415245551
763	0.46651975	0.516700721	0.416338779
764	0.46782065	0.518097896	0.417543404
765	0.4690506	0.519368843	0.418732357
766	0.4700945	0.520424161	0.419764839
767	0.4709675	0.521283101	0.420651899
768	0.47160045	0.521903001	0.421297899
769	0.47217135	0.522458176	0.421884524
770	0.47270495	0.522973248	0.422436652
771	0.47315185	0.523412821	0.422890879
772	0.47363215	0.52388277	0.42338153
773	0.47412895	0.524368664	0.423889236
774	0.4745966	0.524832882	0.424360318
775	0.47503355	0.52526281	0.42480429
776	0.47545365	0.525673934	0.425233366
777	0.4758618	0.52607115	0.42565245
778	0.4762683	0.526467734	0.426068866
779	0.4766686	0.526859935	0.426477265
780	0.4770608	0.527246607	0.426874993
781	0.47746105	0.527636775	0.427285325
782	0.4778757	0.528044258	0.427707142
783	0.47829785	0.528462544	0.428133156
784	0.4786937	0.528860975	0.428526425
785	0.4790539	0.529212898	0.428894902
786	0.47941565	0.529562819	0.429268481
787	0.4798082	0.529945271	0.429671129
788	0.48016865	0.530304266	0.430033034
789	0.4805294	0.530661348	0.430397452
790	0.4808956	0.531018875	0.430772325
791	0.4812262	0.531340937	0.431111463
792	0.4815708	0.53167597	0.43146563
793	0.48193515	0.532032904	0.431837396
794	0.4823586	0.532467534	0.432249666
795	0.4827545	0.532864565	0.432644435
796	0.4831515	0.533261859	0.433041141
797	0.4835792	0.533698815	0.433459585
798	0.4839452	0.534057428	0.433832972
799	0.48430005	0.534404833	0.434195267
800	0.4846486	0.534750836	0.434546364
801	0.48504415	0.535140449	0.434947851
802	0.4854199	0.535515582	0.435324218
803	0.4857839	0.535882371	0.435685429
804	0.4861741	0.536270825	0.436077375
805	0.4865499	0.536648553	0.436451247
806	0.4868886	0.536987629	0.436789571
807	0.4871387	0.537229326	0.437048074
808	0.4874524	0.537532872	0.437371928
809	0.4877631	0.537834977	0.437691223
810	0.48804685	0.538113253	0.437980447
811	0.4884151	0.538480885	0.438349315
812	0.4887054	0.538762025	0.438648775
813	0.4889221	0.538959364	0.438884836
814	0.48911075	0.53911633	0.43910517
815	0.4893588	0.539343532	0.439374068
816	0.48965055	0.539621619	0.439679481
817	0.4899818	0.539946543	0.440017057
818	0.4903596	0.540320573	0.440398627
819	0.4907682	0.540745827	0.440790573
820	0.49121975	0.541245937	0.441193563
821	0.4914327	0.541407552	0.441457848
822	0.49169395	0.541622014	0.441765886
823	0.491997	0.541897485	0.442096515
824	0.4923488	0.542282184	0.442415416
825	0.49262935	0.542571191	0.442687509
826	0.49286895	0.542800293	0.442937607
827	0.4930524	0.542947102	0.443157698
828	0.4932425	0.543110184	0.443374816
829	0.4934344	0.543281549	0.443587251
830	0.49362725	0.543460597	0.443793903
831	0.49386455	0.543664576	0.444064524
832	0.4940956	0.543864054	0.444327146
833	0.4943183	0.544060956	0.444575644
834	0.4946013	0.544348533	0.444854067
835	0.4948733	0.544613942	0.445132658
836	0.49513635	0.54486615	0.44540655
837	0.49538595	0.545112088	0.445659812
838	0.4956436	0.545363806	0.445923394
839	0.4959297	0.545643756	0.446215644
840	0.496265	0.54597394	0.44655606
841	0.4965324	0.546239446	0.446825354
842	0.49679355	0.546496062	0.447091038
843	0.4970569	0.546751474	0.447362326
844	0.49737095	0.547051306	0.447690594
845	0.4976543	0.547339653	0.447968947
846	0.4979258	0.547623831	0.448227769
847	0.498229	0.547919993	0.448538007
848	0.4984287	0.548087183	0.448770217
849	0.49862965	0.548257878	0.449001422
850	0.49889645	0.548516885	0.449276015
851	0.4991552	0.54881176	0.44949864
852	0.49934985	0.54899452	0.44970518
853	0.49947595	0.549044693	0.449907207
854	0.49967685	0.549178834	0.450174866
855	0.49993225	0.549447583	0.450416917
856	0.50020755	0.549776818	0.450638282
857	0.5004634	0.550042499	0.450884301
858	0.50065585	0.550228957	0.451082743
859	0.50084665	0.550410076	0.451283224
860	0.50107995	0.550638355	0.451521545
861	0.50133015	0.55088654	0.45177376
862	0.50159395	0.551158512	0.452029388
863	0.50187405	0.551458686	0.452289414
864	0.5020682	0.551639094	0.452497306
865	0.502185	0.551699435	0.452670565
866	0.5022603	0.551698625	0.452821975
867	0.5024241	0.551848345	0.452999855
868	0.50255035	0.551982165	0.453118535
869	0.5026978	0.552141665	0.453253935
870	0.50293585	0.552384096	0.453487604
871	0.5031017	0.552537958	0.453665442
872	0.5032644	0.552685617	0.453843183
873	0.5034383	0.552844058	0.454032542
874	0.5035529	0.552937767	0.454168033
875	0.5036984	0.553068378	0.454328422
876	0.50386135	0.553222376	0.454500324
877	0.5039877	0.553343974	0.454631426
878	0.50411495	0.553470591	0.454759309
879	0.50423995	0.553588354	0.454891546
880	0.504356	0.553675263	0.455036737
881	0.504442	0.553743506	0.455140494
882	0.50451665	0.553802838	0.455230462
883	0.50458225	0.553854589	0.455309911
884	0.5046658	0.553910292	0.455421308
885	0.50471325	0.553937084	0.455489416
886	0.50473035	0.553939607	0.455521093
887	0.50475015	0.553940945	0.455559355
888	0.50477485	0.553944627	0.455605073
889	0.5048084	0.553966875	0.455649925
890	0.5048609	0.554038894	0.455682906
891	0.5049431	0.554109538	0.455776662
892	0.50500325	0.554162723	0.455843777
893	0.50501825	0.554188637	0.455847863
894	0.5050885	0.554238459	0.455938541
895	0.50509135	0.554212365	0.455970335
896	0.5050337	0.554116925	0.455950475
897	0.5050571	0.554089286	0.456024914
898	0.50503505	0.553994728	0.456075372
899	0.50498635	0.553861849	0.456110851
900	0.50493295	0.553727794	0.456138106
901	0.505005	0.553768942	0.456241058
902	0.5050816	0.55385572	0.45630748
903	0.50511985	0.553951242	0.456288458
904	0.50523985	0.554157963	0.456321737
905	0.50527915	0.554223939	0.456334361
906	0.5052362	0.554145334	0.456327066
907	0.50516075	0.553999409	0.456322091
908	0.5051246	0.553892059	0.456357141
909	0.50511245	0.553829726	0.456395174
910	0.5051044	0.553853995	0.456354805
911	0.50512345	0.553856039	0.456390861
912	0.5051378	0.553841094	0.456434506
913	0.50512955	0.553806138	0.456452962
914	0.5049816	0.553611559	0.456351641
915	0.50485785	0.553424444	0.456291256
916	0.5047752	0.553266384	0.456284016
917	0.5047524	0.553207704	0.456297096
918	0.50464065	0.553084334	0.456196966
919	0.5045142	0.552962561	0.456065839
920	0.50451585	0.552980194	0.456051506
921	0.50434825	0.552793161	0.455903339
922	0.50415045	0.552563329	0.455737571
923	0.5039916	0.552368592	0.455614608
924	0.5037606	0.552107904	0.455413296
925	0.5035018	0.551838183	0.455165417
926	0.503223	0.551571316	0.454874684
927	0.5030981	0.551479132	0.454717068
928	0.5029477	0.551321094	0.454574306
929	0.50272155	0.551049397	0.454393703
930	0.50224045	0.550481337	0.453999563
931	0.50172105	0.549770188	0.453671912
932	0.50109785	0.54890983	0.45328587
933	0.5003302	0.547921851	0.452738549
934	0.4995334	0.54680249	0.45226431
935	0.4986571	0.54563561	0.45167859
936	0.49777275	0.544549759	0.450995741
937	0.4972562	0.543925407	0.450586993
938	0.4965117	0.543132522	0.449890878
939	0.4957398	0.542373689	0.449105911
940	0.4954082	0.542148138	0.448668262
941	0.49475855	0.541522037	0.447995063
942	0.4939001	0.540603271	0.447196929
943	0.49280315	0.539322824	0.446283476
944	0.49197275	0.538281562	0.445663938
945	0.49095835	0.537037891	0.444878809
946	0.48965395	0.535485629	0.443822271
947	0.4882948	0.533973299	0.442616301
948	0.4870395	0.532597368	0.441481632
949	0.48587765	0.53133039	0.44042491
950	0.4847516	0.530039711	0.439463489
951	0.4832168	0.528337699	0.438095901
952	0.48147335	0.526421565	0.436525135
953	0.4796198	0.524384473	0.434855127
954	0.4776855	0.522217423	0.433153577
955	0.47585575	0.520146606	0.431564894
956	0.4741853	0.518235335	0.430135265
957	0.4725493	0.516461964	0.428636636
958	0.47096255	0.514692825	0.427232275
959	0.4694423	0.512969171	0.425915429
960	0.46807465	0.511477254	0.424672046
961	0.46672075	0.509973957	0.423467543
962	0.4654866	0.508599816	0.422373384
963	0.46454565	0.507572592	0.421518708
964	0.46355935	0.50647859	0.42064011
965	0.4626551	0.505488076	0.419822124
966	0.4618751	0.504656869	0.419093331
967	0.4613723	0.50414674	0.41859786
968	0.4609332	0.503709141	0.418157259
969	0.46052745	0.503310027	0.417744873
970	0.4600401	0.502827067	0.417253133
971	0.4596774	0.502466012	0.416888788
972	0.45937495	0.502154283	0.416595617
973	0.45908775	0.501827372	0.416348128
974	0.4589137	0.501623065	0.416204335
975	0.45874575	0.501417568	0.416073932
976	0.45854715	0.501167017	0.415927283
977	0.4586246	0.501269874	0.415979326
978	0.45857845	0.501220996	0.415935904
979	0.45842145	0.501033455	0.415809445
980	0.4583893	0.500982158	0.415796442
981	0.4585147	0.501132496	0.415896904
982	0.45869085	0.501348826	0.416032874
983	0.45877925	0.501455108	0.416103392
984	0.4589505	0.501635552	0.416265448
985	0.45921835	0.501939044	0.416497656
986	0.4596135	0.502416981	0.416810019
987	0.45969265	0.502533649	0.416851651
988	0.4599691	0.502819147	0.417119053
989	0.46045365	0.50329531	0.41761199
990	0.4608661	0.503790067	0.417942133
991	0.46126505	0.504239857	0.418290243
992	0.4617153	0.504725647	0.418704953
993	0.462371	0.50542502	0.41931698
994	0.4631118	0.506212991	0.420010609
995	0.46375705	0.50690835	0.42060575
996	0.4641766	0.507380754	0.420972446
997	0.4645021	0.507763329	0.421240871
998	0.46495095	0.508285131	0.421616769
999	0.4655568	0.508979219	0.422134381
1000	0.4664748	0.509973097	0.422976503
1001	0.47223505	0.519955533	0.424514567
1002	0.473091	0.520878479	0.425303521
1003	0.47401695	0.521868461	0.426165439
1004	0.4748887	0.522805729	0.426971671
1005	0.47574245	0.523727106	0.427757794
1006	0.4767568	0.524836075	0.428677525
1007	0.4778154	0.525986329	0.429644471
1008	0.47872515	0.526957199	0.430493101
1009	0.4795462	0.527851723	0.431240677
1010	0.48044525	0.528845264	0.432045236
1011	0.4813993	0.529847527	0.432951073
1012	0.4822685	0.530716926	0.433820074
1013	0.48309965	0.531598055	0.434601245
1014	0.4840759	0.532688576	0.435463224
1015	0.48515195	0.533868049	0.436435851
1016	0.4860716	0.534847516	0.437295684
1017	0.486889	0.535714217	0.438063783
1018	0.487576	0.536416107	0.438735893
1019	0.488329	0.537202987	0.439455013
1020	0.4892826	0.538248795	0.440316405
1021	0.49023615	0.539300741	0.441171559
1022	0.4911084	0.540247381	0.441969419
1023	0.49193905	0.541116177	0.442761923
1024	0.4928202	0.542021809	0.443618591
1025	0.49376285	0.543001784	0.444523916
1026	0.49469755	0.543988512	0.445406588
1027	0.49564795	0.545010163	0.446285737
1028	0.49664925	0.546098981	0.447199519
1029	0.49758575	0.547074752	0.448096748
1030	0.4984537	0.547971146	0.448936254
1031	0.4992609	0.548864602	0.449657198
1032	0.50003885	0.549700818	0.450376882
1033	0.5008484	0.550552835	0.451143965
1034	0.5016669	0.551442763	0.451891037
1035	0.5025041	0.552368037	0.452640163
1036	0.50334895	0.553278157	0.453419743
1037	0.50414595	0.554113999	0.454177901
1038	0.50493215	0.554939062	0.454925238
1039	0.50572385	0.555787218	0.455660482
1040	0.5064394	0.556568557	0.456310243
1041	0.50708585	0.557265185	0.456906515
1042	0.5077326	0.557937598	0.457527602
1043	0.5084001	0.558643704	0.458156496
1044	0.50904715	0.559353664	0.458740636
1045	0.50959515	0.559962453	0.459227847
1046	0.51010245	0.560534733	0.459670167
1047	0.510742	0.561225965	0.460258035
1048	0.51138815	0.561923431	0.460852869
1049	0.5120143	0.562577308	0.461451292
1050	0.5126215	0.563194801	0.462048199
1051	0.5131535	0.563762885	0.462544115
1052	0.5137217	0.564377595	0.463065805
1053	0.5143031	0.564997594	0.463608606
1054	0.51479375	0.56550957	0.46407793
1055	0.5151457	0.565845095	0.464446305
1056	0.51551835	0.566203282	0.464833418
1057	0.5159823	0.566696617	0.465267983
1058	0.5164484	0.567197937	0.465698863
1059	0.51687815	0.567649827	0.466106473
1060	0.5173161	0.568133316	0.466498884
1061	0.51766315	0.568516329	0.466809971
1062	0.5179995	0.568835949	0.467163051
1063	0.51834365	0.569144838	0.467542462
1064	0.51859615	0.569393772	0.467798528
1065	0.51886985	0.569687922	0.468051778
1066	0.5191944	0.570040324	0.468348476
1067	0.5194939	0.570356166	0.468631634
1068	0.51974345	0.570603174	0.468883726
1069	0.51994625	0.570809394	0.469083106
1070	0.5200497	0.570936219	0.469163181
1071	0.5201477	0.571053026	0.469242374
1072	0.52024225	0.571117804	0.469366696
1073	0.52033675	0.571167064	0.469506436
1074	0.52062105	0.571411278	0.469830822
1075	0.52096435	0.571723713	0.470204987
1076	0.52109255	0.571824357	0.470360743
1077	0.5211037	0.571807455	0.470399945
1078	0.52113095	0.57181293	0.47044897
1079	0.5211532	0.571827141	0.470479259
1080	0.52116425	0.571830289	0.470498211
1081	0.5211619	0.571773383	0.470550417
1082	0.52114205	0.571686644	0.470597456
1083	0.52111205	0.571596945	0.470627155
1084	0.52108875	0.57151633	0.47066117
1085	0.52109575	0.571479094	0.470712406
1086	0.52107865	0.571414422	0.470742878
1087	0.5208979	0.571168627	0.470627173
1088	0.5206898	0.570894778	0.470484822
1089	0.52051075	0.570641466	0.470380034
1090	0.5203394	0.570388441	0.470290359
1091	0.52003085	0.570012354	0.470049346
1092	0.51964805	0.569575136	0.469720964
1093	0.51929165	0.569150529	0.469432771
1094	0.5190332	0.568798653	0.469267747
1095	0.51888655	0.568577669	0.469195431
1096	0.5187523	0.568396315	0.469108285
1097	0.5185288	0.568108246	0.468949354
1098	0.51816795	0.567661087	0.468674813
1099	0.51777415	0.567180511	0.468367789
1100	0.5174421	0.56676808	0.46811612
1101	0.5171602	0.566421986	0.467898414
1102	0.516878	0.566090775	0.467665225
1103	0.51657625	0.565726677	0.467425823
1104	0.51639725	0.565497424	0.467297076
1105	0.51625095	0.565321788	0.467180112
1106	0.51589055	0.564959011	0.466822089
1107	0.51547685	0.564525095	0.466428605
1108	0.51507555	0.564074878	0.466076222
1109	0.51464185	0.563581608	0.465702092
1110	0.5143366	0.563269726	0.465403474
1111	0.51414525	0.563124065	0.465166435
1112	0.5138883	0.562869465	0.464907135
1113	0.5134758	0.562388806	0.464562794
1114	0.51289375	0.561728611	0.464058889
1115	0.51219745	0.560966334	0.463428566
1116	0.5114834	0.560179096	0.462787704
1117	0.51069195	0.559259208	0.462124692
1118	0.50977035	0.558196114	0.461344586
1119	0.50861645	0.556888393	0.460344507
1120	0.5073508	0.555452175	0.459249425
1121	0.50592295	0.553825865	0.458020035
1122	0.50441115	0.552108717	0.456713583
1123	0.5028292	0.550301244	0.455357156
1124	0.5012451	0.548493506	0.453996694
1125	0.4992356	0.546251777	0.452219423
1126	0.49708525	0.543863168	0.450307332
1127	0.4947161	0.541201792	0.448230408
1128	0.49235395	0.538525327	0.446182573
1129	0.48976265	0.53562535	0.44389995
1130	0.4868996	0.532462314	0.441336886
1131	0.4839401	0.529219119	0.438661081
1132	0.48070835	0.525718807	0.435697893
1133	0.4775165	0.522255717	0.432777283
1134	0.474042	0.518477061	0.429606939
1135	0.470795	0.514949531	0.426640469
1136	0.4675836	0.511435228	0.423731972
1137	0.4645564	0.508128802	0.420983998
1138	0.46126875	0.504613421	0.417924079
1139	0.45809575	0.501227122	0.414964378
1140	0.4544668	0.497289504	0.411644096
1141	0.4508615	0.493372495	0.408350505
1142	0.4472893	0.489490081	0.405088519
1143	0.4437328	0.485629336	0.401836264
1144	0.4396895	0.481243031	0.398135969
1145	0.43542665	0.476617564	0.394235736
1146	0.43119605	0.471985569	0.390406531
1147	0.4270285	0.467401156	0.386655844
1148	0.4229442	0.462937836	0.382950564
1149	0.4190058	0.458652392	0.379359208
1150	0.41531515	0.454625359	0.376004941
1151	0.41197895	0.450962138	0.372995762
1152	0.4089227	0.447615059	0.370230341
1153	0.40633885	0.44483429	0.36784341
1154	0.40399695	0.442317703	0.365676197
1155	0.40207005	0.440247366	0.363892734
1156	0.40030705	0.438353862	0.362260238
1157	0.39869455	0.436619686	0.360769414
1158	0.39721565	0.435029698	0.359401602
1159	0.39589795	0.433626995	0.358168905
1160	0.39467685	0.432331251	0.357022449
1161	0.393676	0.431275654	0.356076346
1162	0.3927899	0.430342271	0.355237529
1163	0.3918684	0.429379823	0.354356977
1164	0.3909365	0.428410714	0.353462286
1165	0.39007565	0.427505652	0.352645648
1166	0.3892756	0.426655782	0.351895418
1167	0.3885406	0.425878154	0.351203046
1168	0.3878847	0.425188889	0.350580511
1169	0.3872567	0.424525185	0.349988215
1170	0.3866708	0.423896633	0.349444967
1171	0.38610515	0.423292136	0.348918164
1172	0.38558345	0.422746852	0.348420048
1173	0.38506595	0.422205281	0.347926619
1174	0.3845212	0.421615327	0.347427073
1175	0.38398085	0.421030218	0.346931482
1176	0.3834343	0.420454284	0.346414316
1177	0.38289015	0.419882079	0.345898221
1178	0.38238935	0.41935918	0.34541952
1179	0.38189775	0.418847102	0.344948398
1180	0.38139435	0.418327366	0.344461334
1181	0.3808871	0.417805617	0.343968583
1182	0.3803567	0.417240238	0.343473162
1183	0.3798149	0.41665041	0.34297939
1184	0.3793053	0.416112103	0.342498497
1185	0.3788277	0.415625924	0.342029476
1186	0.37834795	0.41512944	0.34156646
1187	0.3778645	0.414617855	0.341111145
1188	0.3774261	0.414154246	0.340697954
1189	0.3770899	0.41379634	0.34038346
1190	0.3767551	0.413442672	0.340067528
1191	0.3764123	0.413095736	0.339728864
1192	0.37607865	0.412759008	0.339398292
1193	0.37583515	0.412524859	0.339145441
1194	0.3755944	0.412293589	0.338895211
1195	0.37547245	0.412161292	0.338783608
1196	0.3753518	0.412028512	0.338675088
1197	0.3753102	0.411994444	0.338625956
1198	0.3752871	0.411984072	0.338590128
1199	0.3753592	0.412067348	0.338651052
1200	0.37545385	0.412170988	0.338736712
1201	0.37560985	0.412338606	0.338881094
1202	0.37580105	0.412543309	0.339058791
1203	0.37605205	0.412819099	0.339285001
1204	0.37635255	0.413154078	0.339551022
1205	0.3766785	0.413502384	0.339854616
1206	0.37702845	0.413859032	0.340197868
1207	0.37743065	0.41427949	0.34058181
1208	0.3779358	0.414825501	0.341046099
1209	0.37845205	0.415377303	0.341526797
1210	0.3790093	0.415957336	0.342061264
1211	0.3795832	0.416556237	0.342610163
1212	0.38031185	0.41732668	0.34329702
1213	0.38103615	0.418091759	0.343980541
1214	0.38170455	0.418778752	0.344630348
1215	0.38236225	0.419454261	0.345270239
1216	0.3831505	0.420262375	0.346038625
1217	0.38394985	0.421081989	0.346817711
1218	0.38480615	0.421986064	0.347626236
1219	0.3856614	0.422894086	0.348428714
1220	0.38650485	0.423773628	0.349236072
1221	0.38734445	0.424642743	0.350046157
1222	0.38825375	0.425590014	0.350917486
1223	0.3891953	0.426575106	0.351815494
1224	0.39012085	0.427527965	0.352713735
1225	0.39101715	0.42843555	0.35359875
1226	0.3918888	0.429340628	0.354436972
1227	0.39274775	0.430260091	0.355235409
1228	0.3936019	0.431155497	0.356048303
1229	0.39445895	0.432025437	0.356892463
1230	0.3952981	0.432886058	0.357710142
1231	0.39606685	0.433693541	0.358440159
1232	0.39682195	0.43448314	0.35916076
1233	0.397549	0.435244798	0.359853202
1234	0.39827335	0.436005036	0.360541664
1235	0.398954	0.436696733	0.361211267
1236	0.39963155	0.437384133	0.361878967
1237	0.400377	0.438160995	0.362593005
1238	0.4011282	0.438946169	0.363310231
1239	0.40174565	0.439593941	0.363897359
1240	0.40234905	0.440226006	0.364472094
1241	0.40299085	0.440892669	0.365089031
1242	0.4036407	0.441568182	0.365713218
1243	0.4042501	0.442205127	0.366295073
1244	0.404841	0.442825234	0.366856766
1245	0.4054081	0.443417102	0.367399098
1246	0.40594535	0.44397394	0.36791676
1247	0.40646355	0.444516866	0.368410234
1248	0.4069968	0.445083469	0.368910131
1249	0.4075134	0.445629593	0.369397207
1250	0.40796955	0.44611149	0.36982761
1251	0.4084434	0.446612061	0.370274739
1252	0.40894795	0.447139758	0.370756142
1253	0.4094205	0.447632569	0.371208431
1254	0.4098152	0.448044254	0.371586146
1255	0.4102187	0.44846765	0.37196975
1256	0.4105982	0.448862216	0.372334184
1257	0.4109782	0.449256966	0.372699434
1258	0.41126985	0.449563635	0.372976065
1259	0.41155115	0.449859904	0.373242396
1260	0.41178275	0.450092754	0.373472746
1261	0.4120236	0.450333688	0.373713512
1262	0.41223585	0.450515104	0.373956596
1263	0.41244425	0.45068676	0.37420174
1264	0.41262935	0.450865784	0.374392916
1265	0.4127997	0.451040653	0.374558747
1266	0.4128978	0.451118985	0.374676615
1267	0.4129638	0.451152845	0.374774755
1268	0.41299525	0.451154538	0.374835962
1269	0.4129995	0.4511305	0.3748685
1270	0.412971	0.451066724	0.374875276
1271	0.41292475	0.450980493	0.374869007
1272	0.41291025	0.450939196	0.374881304
1273	0.4128995	0.450917661	0.374881339
1274	0.41283715	0.450838747	0.374835553
1275	0.4127229	0.450699629	0.374746171
1276	0.41259865	0.450548282	0.374649018
1277	0.4123575	0.450266925	0.374448075
1278	0.41212005	0.449997065	0.374243035
1279	0.4119533	0.449826215	0.374080385
1280	0.4117651	0.449627037	0.373903163
1281	0.41145225	0.449289571	0.373614929
1282	0.41113245	0.4489476	0.3733173
1283	0.4107778	0.448562231	0.372993369
1284	0.4104153	0.448165595	0.372665005
1285	0.40991785	0.447611556	0.372224144
1286	0.40938785	0.44701867	0.37175703
1287	0.40879475	0.446376627	0.371212873
1288	0.40819675	0.445743166	0.370650334
1289	0.40756005	0.445064189	0.370055911
1290	0.406902	0.444351415	0.369452585
1291	0.40613405	0.443515815	0.368752285
1292	0.4053072	0.44262316	0.36799124
1293	0.4044897	0.441752274	0.367227126
1294	0.4036604	0.440869018	0.366451782
1295	0.40275925	0.439899704	0.365618796
1296	0.4017878	0.438856068	0.364719532
1297	0.40078435	0.437790405	0.363778295
1298	0.3997457	0.436685737	0.362805663
1299	0.3986468	0.435510204	0.361783396
1300	0.39746495	0.434242473	0.360687427
1301	0.39624835	0.432931112	0.359565588
1302	0.3949247	0.431486495	0.358362905
1303	0.39354155	0.429982911	0.357100189
1304	0.3921199	0.428457826	0.355781974
1305	0.3906584	0.426888368	0.354428432
1306	0.38912345	0.425208879	0.353038021
1307	0.38752025	0.423450351	0.351590149
1308	0.38582215	0.421607735	0.350036565
1309	0.38406325	0.419709978	0.348416522
1310	0.38221895	0.417737636	0.346700264
1311	0.3803138	0.415698146	0.344929454
1312	0.37839435	0.413604048	0.343184652
1313	0.37640025	0.411418638	0.341381862
1314	0.37435285	0.409188563	0.339517137
1315	0.3722341	0.406887956	0.337580244
1316	0.3700176	0.404469674	0.335565526
1317	0.3677788	0.402034764	0.333522836
1318	0.3655017	0.399554419	0.331448981
1319	0.36313985	0.39697066	0.32930904
1320	0.3607658	0.394393513	0.327138087
1321	0.3583702	0.391811632	0.324928768
1322	0.3560039	0.389255198	0.322752602
1323	0.35365715	0.386700986	0.320613314
1324	0.3512542	0.384102021	0.318406379
1325	0.3488307	0.381516842	0.316144558
1326	0.3463044	0.378806338	0.313802462
1327	0.34361255	0.37586025	0.31136485
1328	0.3408296	0.372832552	0.308826648
1329	0.33807435	0.369904729	0.306243971
1330	0.33518265	0.366817521	0.303547779
1331	0.3323283	0.363729854	0.300926746
1332	0.32935325	0.360516244	0.298190256
1333	0.32632475	0.357255321	0.295394179
1334	0.3232927	0.353998883	0.292586517
1335	0.3206945	0.351215558	0.290173442
1336	0.3180785	0.348410163	0.287746837
1337	0.3156249	0.345788514	0.285461286
1338	0.3131665	0.343174582	0.283158418
1339	0.31127205	0.34121024	0.28133386
1340	0.30937125	0.339244408	0.279498092
1341	0.30757385	0.337387447	0.277760253
1342	0.3056443	0.335397628	0.275890972
1343	0.3039983	0.333666841	0.274329759
1344	0.3022373	0.331810601	0.272663999
1345	0.3006537	0.330128268	0.271179132
1346	0.29900885	0.328371217	0.269646483
1347	0.297615	0.326925098	0.268304902
1348	0.2960893	0.325359878	0.266818722
1349	0.29463335	0.323856117	0.265410583
1350	0.2930942	0.322285286	0.263903114
1351	0.2916088	0.320760813	0.262456787
1352	0.29044525	0.319416328	0.261474172
1353	0.2891761	0.317963242	0.260388958
1354	0.28795885	0.316863381	0.259054319
1355	0.2861747	0.315102221	0.257247179
1356	0.28406485	0.31232523	0.25580447
1357	0.28082585	0.30828851	0.25336319
1358	0.27910395	0.306458521	0.251749379
1359	0.27797605	0.305270146	0.250681954
1360	0.2784001	0.305677755	0.251122445
1361	0.2770528	0.307154023	0.246951577
1362	0.26847595	0.30342814	0.23352376
1363	0.2540514	0.299700895	0.208401905
1364	0.2432538	0.287177439	0.199330161
1365	0.23257265	0.274947469	0.190197831
1366	0.23773885	0.274152822	0.201324878
1367	0.24459675	0.280684482	0.208509018
1368	0.23683785	0.274020806	0.199654894
1369	0.22827945	0.268543055	0.188015845
1370	0.228111	0.267910815	0.188311185
1371	0.22882185	0.272585801	0.185057899
1372	0.221626	0.254790632	0.188461368
1373	0.21577915	0.243068534	0.188489766
1374	0.2138679	0.24078727	0.18694853
1375	0.2133189	0.241075924	0.185561876
1376	0.21462205	0.241688028	0.187556072
1377	0.21544485	0.2424103	0.1884794
1378	0.21424515	0.240179567	0.188310733
1379	0.2129345	0.240625687	0.185243313
1380	0.2111274	0.235872753	0.186382047
1381	0.20983055	0.23068651	0.18897459
1382	0.2061871	0.226159724	0.186214476
1383	0.1990286	0.222755445	0.175301755
1384	0.1892046	0.213338331	0.165070869
1385	0.1790944	0.201182672	0.157006128
1386	0.1679258	0.1899238	0.1459278
1387	0.1555276	0.177743632	0.133311568
1388	0.1485665	0.171118322	0.126014678
1389	0.14632555	0.168685888	0.123965212
1390	0.1432259	0.164676391	0.121775409
1391	0.1383295	0.156368472	0.120290528
1392	0.1339438	0.150811741	0.117075859
1393	0.13005745	0.147474788	0.112640112
1394	0.12591515	0.143808441	0.108021859
1395	0.1205399	0.139126719	0.101953081
1396	0.1162633	0.135828498	0.096698102
1397	0.1133372	0.13198126	0.09469314
1398	0.11063975	0.128857689	0.092421811
1399	0.1069818	0.125239726	0.088723874
1400	0.1034952	0.12204756	0.08494284
1401	0.0994893	0.117091302	0.081887298
1402	0.0956674	0.112316385	0.079018415
1403	0.0922121	0.108189372	0.076234828
1404	0.0893482	0.10515341	0.07354299
1405	0.08667305	0.101992419	0.071353681
1406	0.0842897	0.099251156	0.069328244
1407	0.081273	0.096252527	0.066293473
1408	0.0785988	0.093752397	0.063445203
1409	0.07672845	0.091697938	0.061758962
1410	0.07531355	0.090109441	0.060517659
1411	0.0734205	0.087686132	0.059154868
1412	0.07178645	0.085636582	0.057936318
1413	0.0710249	0.084903435	0.057146365
1414	0.07056035	0.084576551	0.056544149
1415	0.06950325	0.08361165	0.05539485
1416	0.06835195	0.082510102	0.054193798
1417	0.067154	0.081170539	0.053137461
1418	0.0660052	0.079852402	0.052157998
1419	0.06507705	0.07875914	0.05139496
1420	0.0642877	0.077829238	0.050746162
1421	0.0635943	0.077008502	0.050180098
1422	0.06305845	0.076315959	0.049800941
1423	0.06248205	0.07562172	0.04934238
1424	0.06179865	0.07486454	0.04873276
1425	0.06118105	0.074225801	0.048136299
1426	0.06068035	0.073766916	0.047593784
1427	0.06024445	0.073306468	0.047182432
1428	0.05981	0.072787107	0.046832893
1429	0.05950085	0.072405296	0.046596404
1430	0.05934265	0.072219965	0.046465335
1431	0.05909235	0.071961701	0.046222999
1432	0.05876615	0.071536424	0.045995876
1433	0.058453	0.071110501	0.045795499
1434	0.05812375	0.070763665	0.045483835
1435	0.0578189	0.070505716	0.045132084
1436	0.0575705	0.070343325	0.044797675
1437	0.05736875	0.070171719	0.044565781
1438	0.0572084	0.0698782	0.0445386
1439	0.05701595	0.06956208	0.04446982
1440	0.0568224	0.06934561	0.04429919
1441	0.05667625	0.069204807	0.044147693
1442	0.0566033	0.069146793	0.044059807
1443	0.0565238	0.069071311	0.043976289
1444	0.0563706	0.068893254	0.043847946
1445	0.05622655	0.068731824	0.043721276
1446	0.0561519	0.068652437	0.043651363
1447	0.05609025	0.068587041	0.043593459
1448	0.0560805	0.068567589	0.043593411
1449	0.05609005	0.068564185	0.043615915
1450	0.0561487	0.068586076	0.043711324
1451	0.05619945	0.068614662	0.043784238
1452	0.05623545	0.068650704	0.043820196
1453	0.0562715	0.068675984	0.043867016
1454	0.05629865	0.06872663	0.04387067
1455	0.05631525	0.068781685	0.043848815
1456	0.0563792	0.068836437	0.043921963
1457	0.05646205	0.068899655	0.044024445
1458	0.0565287	0.068971932	0.044085468
1459	0.05658545	0.06903842	0.04413248
1460	0.0566825	0.069137847	0.044227153
1461	0.05678975	0.069250756	0.044328744
1462	0.0569171	0.069406278	0.044427922
1463	0.0570645	0.069586431	0.044542569
1464	0.05722445	0.069788936	0.044659964
1465	0.0573929	0.070005965	0.044779835
1466	0.0576548	0.070278101	0.045031499
1467	0.05797845	0.070595521	0.045361379
1468	0.05833615	0.070923528	0.045748772
1469	0.05872825	0.071271163	0.046185337
1470	0.05911465	0.07168347	0.04654583
1471	0.0594882	0.072131773	0.046844627
1472	0.059903	0.07260293	0.04720307
1473	0.06033245	0.073051132	0.047613768
1474	0.0607672	0.073504067	0.048030333
1475	0.0612169	0.073996896	0.048436904
1476	0.06168345	0.07450244	0.04886446
1477	0.0621521	0.075004791	0.049299409
1478	0.06262875	0.075537543	0.049719957
1479	0.06312295	0.076117625	0.050128275
1480	0.0636101	0.076649749	0.050570451
1481	0.06412635	0.077154543	0.051098157
1482	0.064663	0.07769229	0.05163371
1483	0.0652125	0.078272863	0.052152137
1484	0.06576885	0.078871355	0.052666345
1485	0.06639635	0.079529201	0.053263499
1486	0.06700635	0.080165712	0.053846988
1487	0.06760235	0.08081014	0.05439456
1488	0.06820465	0.081469679	0.054939621
1489	0.06887655	0.082199693	0.055553407
1490	0.06949385	0.08285649	0.05613121
1491	0.0700808	0.083462481	0.056699119
1492	0.070664	0.084076792	0.057251208
1493	0.07133425	0.084826515	0.057841985
1494	0.07196745	0.085531589	0.058403311
1495	0.07258615	0.086181181	0.058991119
1496	0.07319025	0.08681585	0.05956465
1497	0.0738099	0.0874687	0.0601511
1498	0.074414	0.088107496	0.060720504
1499	0.0750572	0.088792519	0.061321881
1500	0.0756909	0.089465305	0.061916495
1501	0.076391	0.090213931	0.062568069
1502	0.0770857	0.09095913	0.06321227
1503	0.0777961	0.091713695	0.063878505
1504	0.0785049	0.092464508	0.064545292
1505	0.0792776	0.093274354	0.065280846
1506	0.08002725	0.094059293	0.065995207
1507	0.08074865	0.09481389	0.06668341
1508	0.08146085	0.095560402	0.067361298
1509	0.08220175	0.096351465	0.068052035
1510	0.0829309	0.097135221	0.068726579
1511	0.0836821	0.097963166	0.069401034
1512	0.0844197	0.098772268	0.070067132
1513	0.0851434	0.099518915	0.070767885
1514	0.08585665	0.10025286	0.07146044
1515	0.08660775	0.101036118	0.072179382
1516	0.0873544	0.101815613	0.072893187
1517	0.088118	0.102602362	0.073633638
1518	0.08887775	0.103384375	0.074371125
1519	0.0896123	0.104174861	0.075049739
1520	0.09033345	0.104956519	0.075710381
1521	0.0911116	0.105785176	0.076438024
1522	0.0918903	0.1066121	0.0771685
1523	0.09260785	0.107362991	0.077852709
1524	0.09331535	0.10810353	0.07852717
1525	0.09408245	0.108908107	0.079256793
1526	0.09485255	0.109712603	0.079992497
1527	0.09561575	0.110524193	0.080707307
1528	0.09637575	0.111339263	0.081412237
1529	0.09712735	0.112127991	0.082126709
1530	0.09787575	0.1129105	0.082841
1531	0.0986242	0.113705195	0.083543205
1532	0.0993719	0.114499097	0.084244703
1533	0.1001322	0.115303296	0.084961104
1534	0.1008952	0.116113491	0.085676909
1535	0.1016385	0.116885183	0.086391817
1536	0.10237565	0.117641165	0.087110135
1537	0.1031286	0.118441088	0.087816112
1538	0.1038823	0.119254931	0.088509669
1539	0.10461755	0.120035517	0.089199583
1540	0.10535395	0.120810224	0.089897676
1541	0.10610185	0.121593485	0.090610215
1542	0.1068494	0.122377917	0.091320883
1543	0.10759205	0.123157132	0.092026968
1544	0.1083329	0.123934215	0.092731585
1545	0.10906575	0.124693171	0.093438329
1546	0.10979615	0.125446732	0.094145568
1547	0.11050215	0.126189296	0.094815004
1548	0.11120115	0.126931001	0.095471299
1549	0.11191915	0.127690138	0.096148162
1550	0.1126482	0.128457988	0.096838412
1551	0.1133769	0.129220986	0.097532814
1552	0.11410835	0.12998738	0.09822932
1553	0.11481565	0.130736256	0.098895044
1554	0.1155096	0.131474732	0.099544468
1555	0.11619785	0.132199601	0.100196099
1556	0.11689145	0.132928429	0.100854471
1557	0.11760385	0.133680876	0.101526824
1558	0.11832185	0.134437147	0.102206553
1559	0.1189975	0.135141527	0.102853473
1560	0.11965405	0.135825135	0.103482965
1561	0.12033025	0.136533808	0.104126692
1562	0.1210216	0.137260977	0.104782223
1563	0.12171295	0.138004008	0.105421892
1564	0.1224094	0.138761503	0.106057297
1565	0.12309405	0.139486569	0.106701531
1566	0.12377855	0.140198825	0.107358275
1567	0.12445185	0.140908492	0.107995208
1568	0.1251171	0.141617937	0.108616263
1569	0.12577125	0.142320561	0.109221939
1570	0.12642645	0.143025975	0.109826925
1571	0.127081	0.143725741	0.110436259
1572	0.12773745	0.1444231	0.1110518
1573	0.1284111	0.145134652	0.111687548
1574	0.12910025	0.145860656	0.112339844
1575	0.1297815	0.146579644	0.112983356
1576	0.1304536	0.147291172	0.113616028
1577	0.13113555	0.14802067	0.11425043
1578	0.13181975	0.148755403	0.114884097
1579	0.1324845	0.14945215	0.11551685
1580	0.13314235	0.150132444	0.116152256
1581	0.13382045	0.150854215	0.116786685
1582	0.13451185	0.151602775	0.117420925
1583	0.13514175	0.152271846	0.118011654
1584	0.1357272	0.152884917	0.118569483
1585	0.13635325	0.153561654	0.119144846
1586	0.137007	0.154280426	0.119733574
1587	0.13763725	0.154966617	0.120307883
1588	0.1382549	0.155635556	0.120874244
1589	0.13890195	0.156312801	0.121491099
1590	0.1395701	0.156998317	0.122141883
1591	0.1402014	0.157668276	0.122734524
1592	0.1408061	0.158321853	0.123290347
1593	0.14143495	0.158998438	0.123871462
1594	0.14208285	0.159697998	0.124467702
1595	0.1427059	0.160377066	0.125034734
1596	0.1433167	0.161045296	0.125588104
1597	0.1439203	0.161686516	0.126154084
1598	0.14451845	0.162309936	0.126726964
1599	0.1451344	0.162959585	0.127309215
1600	0.14576565	0.163631163	0.127900137
1601	0.14638975	0.164305483	0.128474017
1602	0.14701185	0.164983799	0.129039901
1603	0.1476373	0.165654561	0.129620039
1604	0.1482667	0.166322779	0.130210621
1605	0.1488814	0.166990088	0.130772712
1606	0.1494869	0.167656786	0.131317014
1607	0.150096	0.168306315	0.131885685
1608	0.15070865	0.168947637	0.132469663
1609	0.1512885	0.169561861	0.133015139
1610	0.1518505	0.170161064	0.133539936
1611	0.1524229	0.170770823	0.134074977
1612	0.1529994	0.171385134	0.134613666
1613	0.1535752	0.172011822	0.135138578
1614	0.1541503	0.172644722	0.135655878
1615	0.15472625	0.173276547	0.136175953
1616	0.15530255	0.173907365	0.136697735
1617	0.1558436	0.174479296	0.137207904
1618	0.1563662	0.175021601	0.137710799
1619	0.156883	0.17558353	0.13818247
1620	0.1573972	0.176154752	0.138639648
1621	0.157905	0.176699311	0.139110689
1622	0.15841035	0.177232957	0.139587743
1623	0.1588625	0.177709949	0.140015051
1624	0.1592922	0.178163173	0.140421227
1625	0.15977125	0.17868001	0.14086249
1626	0.16027	0.179222454	0.141317546
1627	0.1607229	0.179720461	0.141725339
1628	0.16116	0.180203353	0.142116647
1629	0.1615808	0.180633927	0.142527673
1630	0.16199785	0.181047969	0.142947731
1631	0.1623952	0.181475082	0.143315318
1632	0.16278895	0.181909555	0.143668345
1633	0.16317205	0.182325813	0.144018287
1634	0.16355525	0.182740259	0.144370241
1635	0.1639386	0.183148865	0.144728335
1636	0.16432535	0.18355972	0.14509098
1637	0.16468195	0.183930464	0.145433436
1638	0.16503375	0.184293653	0.145773847
1639	0.16539975	0.184677023	0.146122477
1640	0.1657719	0.185068209	0.146475591
1641	0.16608885	0.185402675	0.146775025
1642	0.1663967	0.185728715	0.147064685
1643	0.16671835	0.186072715	0.147363985
1644	0.16704365	0.186420273	0.147667027
1645	0.1673612	0.186768467	0.147953933
1646	0.16767655	0.187116172	0.148236928
1647	0.16791385	0.187352393	0.148475307
1648	0.1681437	0.187577488	0.148709912
1649	0.1683331	0.187776857	0.148889343
1650	0.16851855	0.187973958	0.149063142
1651	0.16863715	0.188068945	0.149205355
1652	0.16875185	0.188157851	0.149345849
1653	0.16888495	0.188278033	0.149491867
1654	0.16901885	0.188400431	0.149637269
1655	0.1691125	0.188521159	0.149703841
1656	0.16920375	0.188638029	0.149769471
1657	0.1692279	0.188639721	0.149816079
1658	0.1692497	0.188641139	0.149858261
1659	0.16925725	0.188632554	0.149881946
1660	0.1692655	0.18862533	0.14990567
1661	0.16927535	0.188627491	0.149923209
1662	0.16928405	0.188627553	0.149940547
1663	0.1692847	0.188610911	0.149958489
1664	0.16928725	0.188597699	0.149976801
1665	0.169305	0.188621965	0.149988035
1666	0.16931285	0.188634255	0.149991445
1667	0.16924665	0.188545464	0.149947836
1668	0.16918915	0.188467863	0.149910437
1669	0.16917805	0.188451371	0.149904729
1670	0.1691573	0.188421518	0.149893082
1671	0.16910135	0.18834196	0.14986074
1672	0.169045	0.18826425	0.14982575
1673	0.16898225	0.188188662	0.149775838
1674	0.16891035	0.188103231	0.149717469
1675	0.16881015	0.187986266	0.149634034
1676	0.16869715	0.187863552	0.149530748
1677	0.1685456	0.187721627	0.149369573
1678	0.1683773	0.187548412	0.149206188
1679	0.16816945	0.187299553	0.149039347
1680	0.1679418	0.187033323	0.148850277
1681	0.1676682	0.186727277	0.148609123
1682	0.16739235	0.186420806	0.148363894
1683	0.16711395	0.186113154	0.148114746
1684	0.1668067	0.185781561	0.147831839
1685	0.1664545	0.185411353	0.147497647
1686	0.166097	0.185030932	0.147163068
1687	0.16573275	0.184641954	0.146823546
1688	0.1653217	0.184198151	0.146445249
1689	0.1648531	0.183683723	0.146022477
1690	0.1644056	0.183182463	0.145628737
1691	0.1639848	0.182700643	0.145268957
1692	0.1635608	0.182230925	0.144890675
1693	0.1631287	0.18176939	0.14448801
1694	0.16269165	0.181309275	0.144074025
1695	0.1622509	0.180845196	0.143656604
1696	0.16179345	0.180347673	0.143239227
1697	0.1613219	0.179824985	0.142818815
1698	0.16087485	0.179332246	0.142417454
1699	0.16044415	0.178860035	0.142028265
1700	0.1600102	0.178380486	0.141639914
1701	0.15956655	0.177889933	0.141243167
1702	0.1591121	0.177387972	0.140836228
1703	0.1586593	0.176891974	0.140426626
1704	0.15817815	0.176365205	0.139991095
1705	0.15767565	0.175810387	0.139540913
1706	0.15723415	0.175322522	0.139145778
1707	0.1568036	0.174844946	0.138762254
1708	0.1563211	0.174317914	0.138324286
1709	0.15583165	0.173789237	0.137874063
1710	0.15537605	0.173278537	0.137473563
1711	0.1549189	0.172761034	0.137076766
1712	0.15444005	0.172228936	0.136651164
1713	0.1539589	0.17169744	0.13622036
1714	0.1535057	0.171212736	0.135798664
1715	0.15303815	0.170710559	0.135365741
1716	0.1526073	0.170268939	0.134945661
1717	0.1521775	0.169830508	0.134524492
1718	0.1517582	0.169359175	0.134157225
1719	0.15134055	0.16889171	0.13378939
1720	0.15088575	0.168397748	0.133373752
1721	0.1504159	0.167884526	0.132947274
1722	0.149955	0.167394087	0.132515913
1723	0.14948765	0.166897781	0.132077519
1724	0.14903105	0.166397565	0.131664535
1725	0.14857985	0.165909969	0.131249731
1726	0.14814765	0.165484992	0.130810308
1727	0.1477213	0.165059021	0.130383579
1728	0.1473554	0.164662754	0.130048046
1729	0.1469982	0.164276586	0.129719814
1730	0.14663925	0.163892038	0.129386462
1731	0.1462884	0.163504626	0.129072174
1732	0.14597795	0.163138884	0.128817016
1733	0.14567505	0.162804694	0.128545406
1734	0.145395	0.162528014	0.128261986
1735	0.1450786	0.16221171	0.12794549
1736	0.14471495	0.161847342	0.127582558
1737	0.14435165	0.161469386	0.127233914
1738	0.1439811	0.161067077	0.126895123
1739	0.14363185	0.160691584	0.126572116
1740	0.14330585	0.160336697	0.126275003
1741	0.1429117	0.159924273	0.125899127
1742	0.14247765	0.159488032	0.125467268
1743	0.1420403	0.159019127	0.125061473
1744	0.141587	0.158513731	0.124660269
1745	0.141098	0.158019635	0.124176365
1746	0.1405915	0.15753699	0.12364601
1747	0.14008405	0.156988449	0.123179651
1748	0.1395714	0.156410723	0.122732077
1749	0.13908785	0.155898182	0.122277518
1750	0.1386106	0.155394806	0.121826394
1751	0.1381088	0.154863684	0.121353916
1752	0.13760355	0.154330015	0.120877085
1753	0.13708525	0.153768995	0.120401505
1754	0.13655895	0.153204576	0.119913324
1755	0.13608575	0.152750136	0.119421364
1756	0.1356154	0.152299883	0.118930917
1757	0.13519775	0.151834261	0.118561239
1758	0.1347781	0.151361172	0.118195028
1759	0.1343931	0.150917412	0.117868788
1760	0.1339881	0.150456753	0.117519447
1761	0.13351135	0.149984775	0.117037925
1762	0.13304385	0.149525326	0.116562374
1763	0.1326574	0.149156398	0.116158402
1764	0.13227035	0.148778311	0.115762389
1765	0.13191125	0.148385637	0.115436863
1766	0.1315727	0.148029666	0.115115734
1767	0.1312994	0.147773553	0.114825247
1768	0.13101395	0.147517159	0.114510741
1769	0.1306886	0.147243512	0.114133688
1770	0.13041425	0.146973282	0.113855218
1771	0.1302157	0.146717903	0.113713497
1772	0.12999085	0.146484926	0.113496774
1773	0.12977005	0.146303267	0.113236833
1774	0.12952675	0.146094252	0.112959248
1775	0.1292368	0.145830623	0.112642977
1776	0.12898765	0.145568259	0.112407041
1777	0.1287808	0.14533742	0.11222418
1778	0.12853955	0.145066104	0.112012996
1779	0.1282521	0.144746387	0.111757813
1780	0.1280012	0.144471969	0.111530431
1781	0.1277921	0.144221596	0.111362604
1782	0.12771185	0.144141691	0.111282009
1783	0.12764265	0.144104768	0.111180532
1784	0.12760535	0.144072827	0.111137873
1785	0.1275754	0.144028021	0.111122779
1786	0.12757955	0.144099596	0.111059504
1787	0.1275995	0.14420095	0.11099805
1788	0.127698	0.144311642	0.111084358
1789	0.12779525	0.144415233	0.111175267
1790	0.12777335	0.144396771	0.111149929
1791	0.1277539	0.144389545	0.111118255
1792	0.1277591	0.144495759	0.111022441
1793	0.12777395	0.144617138	0.110930762
1794	0.12790615	0.144841686	0.110970614
1795	0.1280214	0.14505482	0.11098798
1796	0.12802815	0.144989237	0.111067063
1797	0.1280833	0.144969638	0.111196962
1798	0.1282675	0.145150516	0.111384484
1799	0.12841115	0.14527543	0.11154687
1800	0.12842805	0.145332692	0.111523408
1801	0.12229335	0.141064357	0.103522343
1802	0.1226345	0.142152121	0.103116879
1803	0.12179415	0.142443242	0.101145058
1804	0.1207571	0.141745186	0.099769014
1805	0.1188929	0.137137314	0.100648486
1806	0.1157029	0.132053068	0.099352732
1807	0.1117043	0.129310163	0.094098437
1808	0.1088283	0.129559959	0.088096641
1809	0.10902995	0.131014205	0.087045695
1810	0.1106214	0.131503029	0.089739771
1811	0.1100231	0.132562453	0.087483747
1812	0.10644695	0.131383192	0.081510708
1813	0.1018154	0.130840151	0.072790649
1814	0.097832	0.128714246	0.066949754
1815	0.0949314	0.127776474	0.062086326
1816	0.0899214	0.121822276	0.058020524
1817	0.08275095	0.116219246	0.049282654
1818	0.0756942	0.112023233	0.039365167
1819	0.06921555	0.103810478	0.034620622
1820	0.0665022	0.097360287	0.035644113
1821	0.06759415	0.095904922	0.039283378
1822	0.0689156	0.099046308	0.038784892
1823	0.0706829	0.10443078	0.03693502
1824	0.07859785	0.122571286	0.034624414
1825	0.0819724	0.125203585	0.038741215
1826	0.07376995	0.131134314	0.016405586
1827	0.0657694	0.123595779	0.007943021
1828	0.0629131	0.132473183	-0.006646983
1829	0.06286585	0.150872133	-0.025140433
1830	0.05642555	0.145853566	-0.033002466
1831	0.0535282	0.146174691	-0.039118291
1832	0.0813673	0.246625395	-0.083890795
1833	0.18879905	0.735993696	-0.358395596
1834	0.1188281	0.410014717	-0.172358517
1835	0.10776	0.330104695	-0.114584695
1836	0.0732763	0.208294467	-0.061741867
1837	0.07337915	0.2292653	-0.082507
1838	0.18053125	0.513360846	-0.152298346
1839	0.0169231	0.092605504	-0.058759304
1840	0.01539205	0.064480155	-0.033696055
1841	0.01335215	0.042904282	-0.016199982
1842	0.01271585	0.046972084	-0.021540384
1843	0.0200185	0.083875077	-0.043838077
1844	4.0560771	16.29199819	-8.179843992
1845	1.51427415	4.91273473	-1.88418643
1846	0.16143405	0.661229369	-0.338361269
1847	0.0969002	0.383515627	-0.189715227
1848	0.0787999	0.292093261	-0.134493461
1849	0.1912775	0.619664583	-0.237109583
1850	0	0	0
1851	0	0	0
1852	0	0	0
1853	0	0	0
1854	0.00451625	0.022178194	-0.013145694
1855	1.55859255	5.90585496	-2.78866986
1856	0.5245552	1.874331494	-0.825221094
1857	0.37059315	1.21208961	-0.47090331
1858	0.7575905	2.425154387	-0.909973387
1859	0.07478175	0.409215903	-0.259652403
1860	0.04184675	0.228991105	-0.145297605
1861	0.0063089	0.034523159	-0.021905359
1862	0.00014545	0.000795922	-0.000505022
1863	0.0988199	0.288719363	-0.091079563
1864	0.05035025	0.182103893	-0.081403393
1865	0.0589262	0.189649818	-0.071797418
1866	0.12685345	0.412879218	-0.159172318
1867	0.73959485	2.444966101	-0.965776401
1868	2.1213728	6.847483319	-2.604737719
1869	0.01527215	0.072347373	-0.041803073
1870	0.04391115	0.188025372	-0.100203072
1871	1.2563837	4.872161247	-2.359393847
1872	0.09267205	0.416508289	-0.231164189
1873	0.0855546	0.414677344	-0.243568144
1874	0.0692476	0.276109924	-0.137614724
1875	0.2797488	1.29719058	-0.73769298
1876	0.06292655	0.175936298	-0.050083198
1877	0.0850456	0.288874786	-0.118783586
1878	0.08357445	0.307005441	-0.139856541
1879	0.0487203	0.153144752	-0.055704152
1880	0.0262637	0.09634867	-0.04382127
1881	0.02706515	0.079938122	-0.025807822
1882	0.0267062	0.079138228	-0.025725828
1883	0.02882685	0.081922448	-0.024268748
1884	0.0285904	0.080154627	-0.022973827
1885	0.02496725	0.067324886	-0.017390386
1886	0.02192	0.068890055	-0.025050055
1887	0.02250105	0.069721257	-0.024719157
1888	0.021447	0.056043127	-0.013149127
1889	0.01873785	0.048524639	-0.011048939
1890	0.0175066	0.04350506	-0.00849186
1891	0.0145806	0.047581338	-0.018420138
1892	0.0113222	0.03625693	-0.01361253
1893	0.010163	0.035525597	-0.015199597
1894	0.00967715	0.030912805	-0.011558505
1895	0.01171445	0.040937717	-0.017508817
1896	0.01893205	0.056615808	-0.018751708
1897	0.02817735	0.079805207	-0.023450507
1898	0.04405655	0.129349857	-0.041236757
1899	0.1154171	0.372882663	-0.142048463
1900	0	0	0
1901	0	0	0
1902	0	0	0
1903	0	0	0
1904	0	0	0
1905	0	0	0
1906	0	0	0
1907	0	0	0
1908	0	0	0
1909	0.0472252	0.171236822	-0.076786422
1910	0.01121925	0.034594762	-0.012156262
1911	0.00537145	0.019362309	-0.008619409
1912	0.00421795	0.014499517	-0.006063617
1913	0.003874	0.019234878	-0.011486878
1914	0.0046402	0.0150309	-0.0057505
1915	0.00625085	0.021350559	-0.008848859
1916	0.00486645	0.016758098	-0.007025198
1917	0.0026545	0.009050544	-0.003741544
1918	0.00229135	0.007414251	-0.002831551
1919	0.00353535	0.010094447	-0.003023747
1920	0.0044981	0.013644852	-0.004648652
1921	0.00521065	0.015412395	-0.004991095
1922	0.00576115	0.018243796	-0.006721496
1923	0.00418	0.012398592	-0.004038592
1924	0.00260665	0.009195934	-0.003982634
1925	0.00195185	0.006424467	-0.002520767
1926	0.00175215	0.005289636	-0.001785336
1927	0.00228795	0.005761227	-0.001185327
1928	0.0034217	0.008557671	-0.001714271
1929	0.0038596	0.010270466	-0.002551266
1930	0.00293005	0.007461156	-0.001601056
1931	0.00220865	0.00671277	-0.00229547
1932	0.00207665	0.00598398	-0.00183068
1933	0.00198085	0.006712177	-0.002750477
1934	0.00185165	0.006683067	-0.002979767
1935	0.00177435	0.007162345	-0.003613645
1936	0.00215275	0.007704264	-0.003398764
1937	0.0027298	0.008632877	-0.003173277
1938	0.00385025	0.010644507	-0.002944007
1939	0.00533225	0.013864529	-0.003200029
1940	0.00640585	0.016343412	-0.003531712
1941	0.00669445	0.016726058	-0.003337158
1942	0.00690155	0.017206353	-0.003403253
1943	0.00754025	0.018307762	-0.003227262
1944	0.00811635	0.019783902	-0.003551202
1945	0.0084299	0.019808187	-0.002948387
1946	0.0086689	0.019810542	-0.002472742
1947	0.00918535	0.019934339	-0.001563639
1948	0.00982265	0.020398501	-0.000753201
1949	0.0100704	0.020349724	-0.000208924
1950	0.00976585	0.019448877	8.28E-05
1951	0.0095055	0.018989937	2.11E-05
1952	0.0094744	0.018314205	0.000634595
1953	0.009445	0.018302864	0.000587136
1954	0.01017085	0.018872862	0.001468838
1955	0.01086505	0.019576743	0.002153357
1956	0.01193715	0.021036439	0.002837861
1957	0.01299335	0.023046242	0.002940458
1958	0.0137836	0.024270315	0.003296885
1959	0.01436195	0.024884252	0.003839648
1960	0.0148315	0.02521179	0.00445121
1961	0.0151852	0.025006233	0.005364167
1962	0.01564495	0.025114236	0.006175664
1963	0.01693205	0.026236615	0.007627485
1964	0.01803785	0.027271777	0.008803923
1965	0.01874635	0.028031964	0.009460736
1966	0.0193296	0.028801678	0.009857522
1967	0.0192587	0.028805837	0.009711563
1968	0.01898975	0.028580016	0.009399484
1969	0.01912555	0.028714628	0.009536472
1970	0.019575	0.029153591	0.009996409
1971	0.01999435	0.029720366	0.010268334
1972	0.02042755	0.030520172	0.010334928
1973	0.0208222	0.031216079	0.010428321
1974	0.02116565	0.031336713	0.010994587
1975	0.02148565	0.031490681	0.011480619
1976	0.02177815	0.031864891	0.011691409
1977	0.0220505	0.032253771	0.011847229
1978	0.0221586	0.032441651	0.011875549
1979	0.0221763	0.032522948	0.011829652
1980	0.0222594	0.032653044	0.011865756
1981	0.02246865	0.032894143	0.012043157
1982	0.0226808	0.033159188	0.012202412
1983	0.0228495	0.033346856	0.012352144
1984	0.02302445	0.033531997	0.012516903
1985	0.0231943	0.033681442	0.012707158
1986	0.0233619	0.033845698	0.012878102
1987	0.02343465	0.034019909	0.012849391
1988	0.02350565	0.034229458	0.012781842
1989	0.02367275	0.03436105	0.01298445
1990	0.0238712	0.03445459	0.01328781
1991	0.0239887	0.034536935	0.013440465
1992	0.0240053	0.034555134	0.013455466
1993	0.02393925	0.034424341	0.013454159
1994	0.02378745	0.034148881	0.013426019
1995	0.02367635	0.034014743	0.013337957
1996	0.02380565	0.034332459	0.013278841
1997	0.0239399	0.03471621	0.01316359
1998	0.02394785	0.034794523	0.013101177
1999	0.0239704	0.034911485	0.013029315
2000	0.02372055	0.03464872	0.01279238
2001	0.0232894	0.034268822	0.012309978
2002	0.0233439	0.034361135	0.012326665
2003	0.02383865	0.034832704	0.012844596
2004	0.0242782	0.035018142	0.013538258
2005	0.0246461	0.034892982	0.014399218
2006	0.0250106	0.034940924	0.015080276
2007	0.0251176	0.035198506	0.015036694
2008	0.02518565	0.035543575	0.014827725
2009	0.02528005	0.035915532	0.014644568
2010	0.02541115	0.036399636	0.014422664
2011	0.0258682	0.036859489	0.014876911
2012	0.02629985	0.037374161	0.015225539
2013	0.02663505	0.037749219	0.015520881
2014	0.026957	0.038107315	0.015806685
2015	0.0272956	0.038635709	0.015955491
2016	0.02765765	0.039256943	0.016058357
2017	0.0281242	0.039844899	0.016403501
2018	0.0286926	0.040321386	0.017063814
2019	0.02915625	0.040766359	0.017546141
2020	0.0296516	0.041196282	0.018106918
2021	0.03012035	0.041642857	0.018597843
2022	0.03055615	0.042071482	0.019040818
2023	0.0309063	0.042419885	0.019392715
2024	0.03122575	0.042609765	0.019841735
2025	0.03155775	0.042824577	0.020290923
2026	0.0318432	0.042973055	0.020713345
2027	0.0320375	0.0430387	0.0210363
2028	0.03216215	0.043171184	0.021153116
2029	0.032284	0.043394193	0.021173807
2030	0.03240115	0.043559298	0.021243002
2031	0.032508	0.043644965	0.021371035
2032	0.03261755	0.043759095	0.021476005
2033	0.03283135	0.043949985	0.021712715
2034	0.0330578	0.044148186	0.021967414
2035	0.0333828	0.044407108	0.022358492
2036	0.0336468	0.044645295	0.022648305
2037	0.0337195	0.044692058	0.022746942
2038	0.0337074	0.044637707	0.022777093
2039	0.0337653	0.044663641	0.022866959
2040	0.0339747	0.044868289	0.023081111
2041	0.0341507	0.045082302	0.023219098
2042	0.03422945	0.045202917	0.023255983
2043	0.03434665	0.045360777	0.023332523
2044	0.0346128	0.045580672	0.023644928
2045	0.0348675	0.045781037	0.023953963
2046	0.03484395	0.045698171	0.023989729
2047	0.03477625	0.045601715	0.023950785
2048	0.0347873	0.045472266	0.024102334
2049	0.03482115	0.04533198	0.02431032
2050	0.03490915	0.045447431	0.024370869
2051	0.0350392	0.045733673	0.024344727
2052	0.03522985	0.046051144	0.024408556
2053	0.0355378	0.046523351	0.024552249
2054	0.03568205	0.046817072	0.024547028
2055	0.03539935	0.04639188	0.02440682
2056	0.0352026	0.046029158	0.024376042
2057	0.0352351	0.045836668	0.024633532
2058	0.0352936	0.045703766	0.024883434
2059	0.0356484	0.046084197	0.025212603
2060	0.03606735	0.046608817	0.025525883
2061	0.0363328	0.046957479	0.025708121
2062	0.0366122	0.047229098	0.025995302
2063	0.0369309	0.047475647	0.026386153
2064	0.0372017	0.047698432	0.026704968
2065	0.03736325	0.047855675	0.026870825
2066	0.03731965	0.047939234	0.026700066
2067	0.03733115	0.048010856	0.026651444
2068	0.03765345	0.048292609	0.027014291
2069	0.0379299	0.04858345	0.02727635
2070	0.03811	0.048829735	0.027390265
2071	0.0382867	0.049056978	0.027516422
2072	0.03837255	0.049049065	0.027696035
2073	0.0384069	0.048983598	0.027830202
2074	0.03862645	0.049177756	0.028075144
2075	0.038864	0.049447255	0.028280745
2076	0.0390428	0.049784276	0.028301324
2077	0.0392717	0.050177013	0.028366387
2078	0.03944815	0.050355019	0.028541281
2079	0.03950225	0.050296368	0.028708132
2080	0.0395857	0.050321725	0.028849675
2081	0.03970385	0.050378606	0.029029094
2082	0.0398348	0.050454372	0.029215228
2083	0.040082	0.050690991	0.029473009
2084	0.04033045	0.050939718	0.029721182
2085	0.04059055	0.051130258	0.030050842
2086	0.04086895	0.051336004	0.030401896
2087	0.0411193	0.05165088	0.03058772
2088	0.0413432	0.051984698	0.030701702
2089	0.0416012	0.052323283	0.030879117
2090	0.0418616	0.052643979	0.031079221
2091	0.04204205	0.052882255	0.031201845
2092	0.0421337	0.052996218	0.031271182
2093	0.0422824	0.053112972	0.031451828
2094	0.04243765	0.05321948	0.03165582
2095	0.0425875	0.053345601	0.031829399
2096	0.04282205	0.053605309	0.032038791
2097	0.0430413	0.053840226	0.032242374
2098	0.0432531	0.053973545	0.032532655
2099	0.0434779	0.054120738	0.032835062
2100	0.0436271	0.054240211	0.033013989
2101	0.043733	0.054324319	0.033141681
2102	0.0439761	0.054648984	0.033303216
2103	0.04421915	0.055021262	0.033417038
2104	0.0444015	0.05527551	0.03352749
2105	0.0446334	0.055539104	0.033727696
2106	0.044836	0.055697042	0.033974958
2107	0.04497825	0.055623871	0.034332629
2108	0.04517365	0.055697426	0.034649874
2109	0.04537575	0.056005686	0.034745814
2110	0.0455687	0.056273457	0.034863943
2111	0.0457515	0.056535562	0.034967438
2112	0.0458972	0.056793914	0.035000486
2113	0.04593495	0.056911476	0.034958424
2114	0.0459747	0.057004393	0.034945007
2115	0.0460304	0.05702283	0.03503797
2116	0.0460895	0.057039529	0.035139471
2117	0.0463606	0.057268514	0.035452686
2118	0.04663985	0.057499119	0.035780581
2119	0.0468093	0.057647122	0.035971478
2120	0.04696955	0.057807585	0.036131515
2121	0.04717925	0.058062111	0.036296389
2122	0.04740825	0.058410993	0.036405507
2123	0.04756485	0.05862304	0.03650666
2124	0.047723	0.05877926	0.03666674
2125	0.04795435	0.059064263	0.036844437
2126	0.0482093	0.059352554	0.037066046
2127	0.0484251	0.059589687	0.037260513
2128	0.04867755	0.059769885	0.037585215
2129	0.0489773	0.059927506	0.038027094
2130	0.04922935	0.059947067	0.038511633
2131	0.0494146	0.060000949	0.038828251
2132	0.04950855	0.060126208	0.038890892
2133	0.04960525	0.060259793	0.038950707
2134	0.0497434	0.060442888	0.039043912
2135	0.0499566	0.060733607	0.039179593
2136	0.05013055	0.061002346	0.039258754
2137	0.05018045	0.061094108	0.039266792
2138	0.05026855	0.061175225	0.039361875
2139	0.050422	0.061335755	0.039508245
2140	0.0505759	0.061509045	0.039642755
2141	0.05078545	0.06175667	0.03981423
2142	0.0510158	0.062059029	0.039972571
2143	0.05125605	0.062358845	0.040153255
2144	0.0515011	0.062633206	0.040368994
2145	0.05180405	0.06290586	0.04070224
2146	0.05211155	0.063180936	0.041042164
2147	0.05225375	0.063289525	0.041217975
2148	0.05233345	0.063384815	0.041282085
2149	0.0523598	0.063401146	0.041318454
2150	0.05238815	0.063406496	0.041369804
2151	0.0525012	0.063511462	0.041490938
2152	0.052715	0.063796545	0.041633455
2153	0.0529429	0.064145892	0.041739908
2154	0.05311	0.064404725	0.041815275
2155	0.0532604	0.064580967	0.041939833
2156	0.05352045	0.0647574	0.0422835
2157	0.0537829	0.064964046	0.042601754
2158	0.0538884	0.064995422	0.042781378
2159	0.05396365	0.065065735	0.042861565
2160	0.0539777	0.065299378	0.042656022
2161	0.0539414	0.065451439	0.042431361
2162	0.05399425	0.065534513	0.042453987
2163	0.0541487	0.065846041	0.042451359
2164	0.0544454	0.066049992	0.042840808
2165	0.0549079	0.066351523	0.043464277
2166	0.05528125	0.066737316	0.043825184
2167	0.0554808	0.066955271	0.044006329
2168	0.05565905	0.067106381	0.044211719
2169	0.0557634	0.067075582	0.044451218
2170	0.05587525	0.067122627	0.044627873
2171	0.05604405	0.067367904	0.044720196
2172	0.05623895	0.067629458	0.044848442
2173	0.05643335	0.067824734	0.045041966
2174	0.0565797	0.067948365	0.045211035
2175	0.0566944	0.068061652	0.045327148
2176	0.0568285	0.068226986	0.045430014
2177	0.0569162	0.068444401	0.045387999
2178	0.05697745	0.068681956	0.045272944
2179	0.05715815	0.068917665	0.045398635
2180	0.05739155	0.069133654	0.045649446
2181	0.05765825	0.069444607	0.045871893
2182	0.05789935	0.0697303	0.0460684
2183	0.0580643	0.069908424	0.046220176
2184	0.0582151	0.070013291	0.046416909
2185	0.05838185	0.070170602	0.046593098
2186	0.0584978	0.070391142	0.046604458
2187	0.05853295	0.070495107	0.046570793
2188	0.0585113	0.070429068	0.046593532
2189	0.0586103	0.07045149	0.04676911
2190	0.05889535	0.07069676	0.04709394
2191	0.05908985	0.070883773	0.047295927
2192	0.05907785	0.070855214	0.047300486
2193	0.05906405	0.070855232	0.047272868
2194	0.059135	0.070963414	0.047306586
2195	0.05926225	0.071098347	0.047426153
2196	0.05953545	0.071366384	0.047704516
2197	0.05979375	0.07163552	0.04795198
2198	0.0597645	0.071546976	0.047982024
2199	0.0596832	0.07144721	0.04791919
2200	0.05962115	0.07131714	0.04792516
2201	0.05955685	0.071182687	0.047931013
2202	0.0595348	0.071186649	0.047882951
2203	0.05961575	0.071261181	0.047970319
2204	0.05985315	0.071559431	0.048146869
2205	0.06018655	0.072097746	0.048275354
2206	0.0603743	0.072462293	0.048286307
2207	0.0602503	0.072421007	0.048079593
2208	0.0601997	0.072407683	0.047991717
2209	0.06026755	0.072424222	0.048110878
2210	0.0603133	0.072421195	0.048205405
2211	0.06040825	0.072382886	0.048433614
2212	0.0605446	0.072397961	0.048691239
2213	0.06073685	0.072685164	0.048788536
2214	0.0609013	0.073014943	0.048787657
2215	0.0607808	0.072886149	0.048675451
2216	0.0605731	0.072606466	0.048539734
2217	0.0605959	0.072567943	0.048623857
2218	0.06073095	0.072587058	0.048874842
2219	0.06085005	0.072656831	0.049043269
2220	0.0608261	0.072675306	0.048976894
2221	0.06075905	0.072594224	0.048923876
2222	0.0607064	0.072538601	0.048874199
2223	0.0605376	0.072327923	0.048747277
2224	0.0604574	0.072181385	0.048733415
2225	0.06043705	0.07212493	0.04874917
2226	0.06044515	0.072175293	0.048715007
2227	0.06044445	0.072258796	0.048630104
2228	0.06034255	0.072193148	0.048491952
2229	0.0602407	0.072095579	0.048385821
2230	0.0600931	0.071882074	0.048304126
2231	0.0599089	0.071611802	0.048205998
2232	0.05964465	0.071242921	0.048046379
2233	0.05934415	0.07090089	0.04778741
2234	0.05894755	0.070533032	0.047362068
2235	0.0585567	0.070118696	0.046994704
2236	0.0583009	0.069786903	0.046814897
2237	0.0580896	0.069560185	0.046619015
2238	0.0580122	0.069542757	0.046481643
2239	0.0579568	0.069530101	0.046383499
2240	0.0577712	0.069342744	0.046199656
2241	0.0574941	0.069069365	0.045918835
2242	0.05709645	0.068448354	0.045744546
2243	0.05665635	0.067664807	0.045647893
2244	0.0563046	0.067084343	0.045524857
2245	0.05590835	0.066596249	0.045220451
2246	0.05549385	0.066153398	0.044834302
2247	0.05517505	0.065854693	0.044495407
2248	0.0548974	0.065676226	0.044118574
2249	0.0546776	0.065567245	0.043787955
2250	0.0543668	0.065267072	0.043466528
2251	0.0539404	0.064745547	0.043135253
2252	0.0535798	0.064322752	0.042836848
2253	0.05330335	0.063959297	0.042647403
2254	0.05298995	0.063555762	0.042424138
2255	0.05262525	0.06305003	0.04220047
2256	0.0522516	0.062500104	0.042003096
2257	0.0518124	0.061746734	0.041878066
2258	0.0513805	0.061057574	0.041703426
2259	0.05088485	0.060683963	0.041085737
2260	0.05034995	0.060348538	0.040351362
2261	0.0499231	0.059944633	0.039901567
2262	0.0495083	0.059462425	0.039554175
2263	0.0491844	0.059044818	0.039323982
2264	0.04893545	0.058680504	0.039190396
2265	0.0486405	0.05834337	0.03893763
2266	0.0483448	0.058180734	0.038508866
2267	0.04808625	0.058057387	0.038115113
2268	0.0478602	0.057796342	0.037924058
2269	0.04760185	0.057413657	0.037790043
2270	0.04713035	0.056703579	0.037557121
2271	0.04664005	0.05597511	0.03730499
2272	0.0463081	0.055515786	0.037100414
2273	0.0460807	0.055256636	0.036904764
2274	0.04607235	0.055196036	0.036948664
2275	0.04604545	0.055086515	0.037004385
2276	0.0459047	0.054922879	0.036886521
2277	0.0457234	0.05478295	0.03666385
2278	0.0454066	0.054413841	0.036399359
2279	0.04509895	0.054021294	0.036176606
2280	0.0450081	0.053897042	0.036119158
2281	0.04492645	0.05381195	0.03604095
2282	0.0446639	0.053519391	0.035808409
2283	0.04437265	0.053237035	0.035508265
2284	0.04395705	0.052824506	0.035089594
2285	0.04351295	0.052403724	0.034622176
2286	0.04322275	0.052128436	0.034317064
2287	0.04300815	0.051926316	0.034089984
2288	0.0428004	0.051681311	0.033919489
2289	0.0426554	0.051502626	0.033808174
2290	0.04253535	0.051402654	0.033668046
2291	0.04233525	0.051203198	0.033467302
2292	0.04215975	0.051007549	0.033311951
2293	0.04184045	0.050752519	0.032928381
2294	0.04149	0.050460414	0.032519586
2295	0.041273	0.050072958	0.032473042
2296	0.0410385	0.049703573	0.032373427
2297	0.0409459	0.049604212	0.032287588
2298	0.04074335	0.049405636	0.032081064
2299	0.04031655	0.048967057	0.031666043
2300	0.03993295	0.048538832	0.031327068
2301	0.03961985	0.048099637	0.031140063
2302	0.03935815	0.047763831	0.030952469
2303	0.03925675	0.047634801	0.030878699
2304	0.0391614	0.047514545	0.030808255
2305	0.0390277	0.047278072	0.030777328
2306	0.0388753	0.047007904	0.030742696
2307	0.0387477	0.046852865	0.030642535
2308	0.03864425	0.04673917	0.03054933
2309	0.03853875	0.046610953	0.030466547
2310	0.0384674	0.046634508	0.030300292
2311	0.038409	0.046498554	0.030319446
2312	0.0383187	0.046301142	0.030336258
2313	0.03822765	0.046249054	0.030206246
2314	0.03812595	0.046236773	0.030015127
2315	0.0378834	0.046257596	0.029509204
2316	0.037553	0.046208429	0.028897571
2317	0.03720995	0.045958238	0.028461662
2318	0.03695385	0.04556346	0.02834424
2319	0.03698755	0.045409705	0.028565395
2320	0.0370555	0.045311046	0.028799954
2321	0.03697515	0.045187379	0.028762921
2322	0.0369874	0.045346488	0.028628312
2323	0.03705615	0.045467399	0.028644901
2324	0.03707805	0.045314943	0.028841157
2325	0.0370167	0.045188109	0.028845291
2326	0.03689695	0.045265277	0.028528623
2327	0.0366722	0.045185193	0.028159207
2328	0.03612965	0.044531197	0.027728103
2329	0.0356571	0.043994592	0.027319608
2330	0.03530435	0.043646183	0.026962517
2331	0.03500175	0.043324678	0.026678822
2332	0.0349274	0.043143238	0.026711562
2333	0.03482005	0.042912672	0.026727428
2334	0.03468455	0.042542237	0.026826863
2335	0.0346292	0.042338208	0.026920192
2336	0.0345125	0.042283342	0.026741658
2337	0.03435135	0.042268745	0.026433955
2338	0.0341439	0.042210612	0.026077188
2339	0.03384045	0.042083428	0.025597472
2340	0.03358055	0.041993386	0.025167714
2341	0.03338315	0.041917326	0.024848974
2342	0.03319635	0.041556523	0.024836177
2343	0.03303675	0.041171199	0.024902301
2344	0.03277615	0.040889065	0.024663235
2345	0.03251905	0.040677617	0.024360483
2346	0.03232385	0.040537106	0.024110594
2347	0.03214665	0.040477558	0.023815742
2348	0.032302	0.040687581	0.023916419
2349	0.03254695	0.04099165	0.02410225
2350	0.0322854	0.040926655	0.023644145
2351	0.0318052	0.040708914	0.022901486
2352	0.03144445	0.040547925	0.022340975
2353	0.03114265	0.040212118	0.022073182
2354	0.030876	0.039697998	0.022054002
2355	0.03079685	0.039403931	0.022189769
2356	0.0309185	0.039414814	0.022422186
2357	0.0308524	0.03917078	0.02253402
2358	0.0307419	0.038980209	0.022503591
2359	0.03063935	0.038895271	0.022383429
2360	0.0304494	0.038671522	0.022227278
2361	0.03035375	0.038217196	0.022490304
2362	0.030284	0.037920266	0.022647734
2363	0.0302467	0.038118334	0.022375066
2364	0.03019555	0.038393556	0.021997544
2365	0.02991185	0.03829352	0.02153018
2366	0.02964635	0.038096047	0.021196653
2367	0.0295596	0.037664755	0.021454445
2368	0.02938625	0.037287818	0.021484682
2369	0.02897265	0.037288438	0.020656862
2370	0.0285541	0.037337573	0.019770627
2371	0.0282616	0.037127116	0.019396084
2372	0.02805145	0.0369953	0.0191076
2373	0.0278778	0.036543733	0.019211867
2374	0.0276741	0.036019525	0.019328675
2375	0.0274298	0.035426317	0.019433283
2376	0.02723355	0.034954531	0.019512569
2377	0.02725635	0.0348608	0.0196519
2378	0.0272147	0.035079277	0.019350123
2379	0.02698175	0.035147731	0.018815769
2380	0.0266511	0.034907541	0.018394659
2381	0.026654	0.034871067	0.018436933
2382	0.02677395	0.035056896	0.018491004
2383	0.02624375	0.034620882	0.017866618
2384	0.02539295	0.03395484	0.01683106
2385	0.02504515	0.033731098	0.016359202
2386	0.02517915	0.033779636	0.016578664
2387	0.02528175	0.033654166	0.016909334
2388	0.0254734	0.033641885	0.017304915
2389	0.02569345	0.03379317	0.01759373
2390	0.02561605	0.033676955	0.017555145
2391	0.0253468	0.033261242	0.017432358
2392	0.02503155	0.032719736	0.017343364
2393	0.02475285	0.032406756	0.017098944
2394	0.0243379	0.032246752	0.016429048
2395	0.0239129	0.032104427	0.015721373
2396	0.023605	0.03163615	0.01557385
2397	0.0233528	0.031431756	0.015273844
2398	0.0233242	0.031593442	0.015054958
2399	0.0233322	0.031692694	0.014971706
2400	0.0232841	0.031398198	0.015170002
2401	0.02316305	0.031208055	0.015118045
2402	0.02275035	0.030720046	0.014780654
2403	0.02227355	0.030088326	0.014458774
2404	0.02189215	0.029244763	0.014539537
2405	0.02154385	0.028656964	0.014430736
2406	0.0212118	0.02823403	0.01418957
2407	0.02090195	0.028233426	0.013570474
2408	0.02062865	0.02855497	0.01270233
2409	0.0202646	0.028818377	0.011710823
2410	0.0196343	0.028385095	0.010883505
2411	0.0188942	0.027934582	0.009853818
2412	0.0180703	0.026639356	0.009501244
2413	0.01727375	0.025371048	0.009176452
2414	0.01697735	0.02487002	0.00908468
2415	0.016855	0.025071436	0.008638564
2416	0.01650075	0.02493523	0.00806627
2417	0.01601315	0.024446007	0.007580293
2418	0.0154844	0.023311076	0.007657724
2419	0.0148989	0.022702349	0.007095451
2420	0.01520135	0.022903092	0.007499608
2421	0.0158843	0.02349696	0.00827164
2422	0.01638995	0.023813997	0.008965903
2423	0.0166668	0.024661179	0.008672421
2424	0.0165747	0.025131909	0.008017491
2425	0.01647505	0.025464167	0.007485933
2426	0.01633515	0.025276774	0.007393526
2427	0.0161673	0.025056429	0.007278171
2428	0.0162339	0.025030014	0.007437786
2429	0.0164473	0.025301203	0.007593397
2430	0.0165141	0.02509126	0.00793694
2431	0.01616075	0.024298476	0.008023024
2432	0.0155127	0.022844788	0.008180612
2433	0.01506645	0.022003013	0.008129887
2434	0.01513725	0.022634895	0.007639605
2435	0.015149	0.023513633	0.006784367
2436	0.01448335	0.023035099	0.005931601
2437	0.0141048	0.022397745	0.005811855
2438	0.0142348	0.022570536	0.005899064
2439	0.014141	0.022882897	0.005399103
2440	0.01353845	0.021825853	0.005251047
2441	0.0127258	0.020489939	0.004961661
2442	0.0118429	0.019226593	0.004459207
2443	0.01080655	0.017200623	0.004412477
2444	0.01011935	0.016495528	0.003743172
2445	0.0096539	0.016831654	0.002476146
2446	0.0090978	0.016764807	0.001430793
2447	0.00893135	0.016452679	0.001410021
2448	0.0086789	0.015707274	0.001650526
2449	0.0079211	0.014111159	0.001731041
2450	0.0077205	0.014123493	0.001317507
2451	0.00844055	0.01551386	0.00136724
2452	0.009129	0.016566566	0.001691434
2453	0.00964945	0.017190224	0.002108676
2454	0.0097841	0.017565603	0.002002597
2455	0.00981945	0.017812606	0.001826294
2456	0.00977885	0.018257387	0.001300313
2457	0.00929975	0.018217028	0.000382472
2458	0.0090239	0.018081042	-3.32E-05
2459	0.0081635	0.016412782	-8.58E-05
2460	0.0072988	0.015114779	-0.000517179
2461	0.0071043	0.014409061	-0.000200461
2462	0.007141	0.014174314	0.000107686
2463	0.00783225	0.014801659	0.000862841
2464	0.0081747	0.015527296	0.000822104
2465	0.0084515	0.016533384	0.000369616
2466	0.008281	0.016710212	-0.000148212
2467	0.00640105	0.013425822	-0.000623722
2468	0.00483035	0.010842634	-0.001181934
2469	0.0042708	0.009683802	-0.001142202
2470	0.00409595	0.010048117	-0.001856217
2471	0.0049508	0.010510814	-0.000609214
2472	0.0055814	0.011375789	-0.000212989
2473	0.0051615	0.010512099	-0.000189099
2474	0.00483695	0.01227956	-0.00260566
2475	0.0052318	0.01243076	-0.00196716
2476	0.0056884	0.013477754	-0.002100954
2477	0.0049645	0.011764517	-0.001835517
2478	0.0039619	0.009853219	-0.001929419
2479	0.00340615	0.008098355	-0.001286055
2480	0.0028527	0.007278232	-0.001572832
2481	0.0030935	0.008975713	-0.002788713
2482	0.003813	0.011229501	-0.003603501
2483	0.00569685	0.012983216	-0.001589516
2484	0.00724685	0.016886886	-0.002393186
2485	0.0055375	0.0137757	-0.0027007
2486	0.00389485	0.011778464	-0.003988764
2487	0.0030173	0.008634463	-0.002599863
2488	0.0015084	0.00561792	-0.00260112
2489	0.001845	0.005523652	-0.001833652
2490	0.0041713	0.013569829	-0.005227229
2491	0.0070358	0.022277136	-0.008205536
2492	0.0091907	0.027335156	-0.008953756
2493	0.00935325	0.026467751	-0.007761251
2494	0.00800715	0.023820285	-0.007805985
2495	0.00573815	0.016256371	-0.004780071
2496	0.004604	0.014387599	-0.005179599
2497	0.005385	0.017111031	-0.006341031
2498	0.0063609	0.018968613	-0.006246813
2499	0.0065782	0.016062221	-0.002905821
2500	0.00649165	0.016515541	-0.003532241
