Wavelength	Mean	Std+	Std-
350	0.0136874	0.017722939	0.009651861
351	0.01349845	0.017506246	0.009490654
352	0.0133985	0.017417185	0.009379815
353	0.01362675	0.01763791	0.00961559
354	0.0136995	0.017698826	0.009700174
355	0.01357715	0.017560736	0.009593564
356	0.01321725	0.017152083	0.009282417
357	0.0132075	0.017117562	0.009297438
358	0.01333875	0.017237619	0.009439881
359	0.01324655	0.017129632	0.009363468
360	0.01314245	0.017040779	0.009244121
361	0.0130686	0.016964157	0.009173043
362	0.01305965	0.016897326	0.009221974
363	0.0128731	0.016730431	0.009015769
364	0.0128225	0.016678358	0.008966642
365	0.0129354	0.016759137	0.009111663
366	0.0129579	0.016792912	0.009122888
367	0.0130289	0.016846964	0.009210836
368	0.0130801	0.016867801	0.009292399
369	0.0129023	0.016677659	0.009126941
370	0.01276355	0.016522298	0.009004802
371	0.0127418	0.016493348	0.008990252
372	0.0129421	0.016710575	0.009173625
373	0.0128823	0.01665711	0.00910749
374	0.0128281	0.016603709	0.009052491
375	0.0128172	0.016588556	0.009045844
376	0.0126763	0.016433167	0.008919433
377	0.0126466	0.016395084	0.008898116
378	0.01273165	0.016477114	0.008986186
379	0.0130141	0.016764569	0.009263631
380	0.0128303	0.016575441	0.009085159
381	0.01264525	0.016384908	0.008905592
382	0.01286235	0.016604227	0.009120473
383	0.0130883	0.016829322	0.009347278
384	0.01308115	0.016822271	0.009340029
385	0.01278335	0.016526365	0.009040335
386	0.01275575	0.016519069	0.008992431
387	0.01271995	0.016481818	0.008958082
388	0.01267925	0.016426816	0.008931684
389	0.01264045	0.016392263	0.008888637
390	0.01292535	0.01668181	0.00916889
391	0.0131259	0.016887034	0.009364766
392	0.01282065	0.016586887	0.009054413
393	0.01303325	0.016815282	0.009251218
394	0.01322845	0.017031392	0.009425508
395	0.01328975	0.017117257	0.009462243
396	0.0132723	0.017122562	0.009422038
397	0.01332565	0.017204476	0.009446824
398	0.0134294	0.017339312	0.009519488
399	0.01356055	0.017496824	0.009624276
400	0.0136097	0.017570264	0.009649136
401	0.01364725	0.017633139	0.009661361
402	0.0137404	0.017758586	0.009722214
403	0.01390815	0.017944634	0.009871666
404	0.0140766	0.018137681	0.010015519
405	0.01423215	0.018330439	0.010133861
406	0.01439215	0.018540605	0.010243695
407	0.01455125	0.018756408	0.010346092
408	0.01471955	0.018985689	0.010453411
409	0.0149685	0.019289352	0.010647648
410	0.0151849	0.019564598	0.010805202
411	0.0154077	0.01985078	0.01096462
412	0.0156971	0.020214005	0.011180195
413	0.01597	0.020552716	0.011387284
414	0.0162226	0.020869414	0.011575786
415	0.0164541	0.021166364	0.011741836
416	0.01676525	0.021544574	0.011985926
417	0.0170143	0.021866929	0.012161671
418	0.0172135	0.02214339	0.01228361
419	0.0174887	0.022485597	0.012491803
420	0.01780555	0.022878192	0.012732908
421	0.0181329	0.023282945	0.012982855
422	0.0184315	0.023650682	0.013212318
423	0.01873135	0.024011515	0.013451185
424	0.01899925	0.024339891	0.013658609
425	0.01921625	0.024620727	0.013811773
426	0.01948815	0.024946194	0.014030106
427	0.01974985	0.025263129	0.014236571
428	0.019998	0.025569148	0.014426852
429	0.02024175	0.025876066	0.014607434
430	0.02046265	0.026156554	0.014768746
431	0.0206765	0.026426148	0.014926852
432	0.0209178	0.026718267	0.015117333
433	0.0211243	0.02698005	0.01526855
434	0.0213252	0.027230602	0.015419798
435	0.02153705	0.027481082	0.015593018
436	0.021654	0.02762334	0.01568466
437	0.02179055	0.027786586	0.015794514
438	0.0219542	0.0279793	0.0159291
439	0.02209495	0.028144095	0.016045805
440	0.0222162	0.028292283	0.016140117
441	0.02233305	0.0284367	0.0162294
442	0.0224843	0.028614047	0.016354553
443	0.0226205	0.028776016	0.016464984
444	0.0227436	0.028924503	0.016562697
445	0.02285	0.029056138	0.016643862
446	0.023018	0.029241899	0.016794101
447	0.0231442	0.029389004	0.016899396
448	0.02321955	0.029489036	0.016950064
449	0.0233306	0.029614157	0.017047043
450	0.02343505	0.029735664	0.017134436
451	0.0235414	0.029860644	0.017222156
452	0.02367205	0.030008302	0.017335798
453	0.02377335	0.03011682	0.01742988
454	0.0238577	0.030207402	0.017507998
455	0.02392745	0.030288529	0.017566371
456	0.0240354	0.030406724	0.017664076
457	0.02410405	0.030486116	0.017721984
458	0.02411675	0.030510135	0.017723365
459	0.02411505	0.030515809	0.017714291
460	0.02417125	0.030572248	0.017770252
461	0.02424905	0.030646975	0.017851125
462	0.0242283	0.030630266	0.017826334
463	0.02426985	0.030666877	0.017872823
464	0.0243086	0.030700431	0.017916769
465	0.0242854	0.03067849	0.01789231
466	0.02427365	0.03066503	0.01788227
467	0.02429175	0.030683328	0.017900172
468	0.02434725	0.030742369	0.017952131
469	0.0243607	0.030757216	0.017964184
470	0.0243727	0.030771135	0.017974265
471	0.02438555	0.030785408	0.017985692
472	0.02440665	0.030802488	0.018010812
473	0.02443495	0.030834878	0.018035022
474	0.0244625	0.0308656	0.0180594
475	0.02447985	0.030876395	0.018083305
476	0.02450295	0.030900104	0.018105796
477	0.0245252	0.030922446	0.018127954
478	0.02454555	0.030940619	0.018150481
479	0.02457755	0.030977803	0.018177297
480	0.0245993	0.030998654	0.018199946
481	0.0246156	0.031009347	0.018221853
482	0.02465165	0.031042818	0.018260482
483	0.0246903	0.031082601	0.018297999
484	0.0247349	0.031129174	0.018340626
485	0.02479245	0.031185492	0.018399408
486	0.02483515	0.031233406	0.018436894
487	0.02488375	0.031295798	0.018471702
488	0.0249461	0.031382889	0.018509311
489	0.02500335	0.031455364	0.018551336
490	0.02508145	0.031547071	0.018615829
491	0.02517735	0.031655897	0.018698803
492	0.0252825	0.031779687	0.018785313
493	0.02540435	0.031924157	0.018884543
494	0.0255492	0.032096259	0.019002141
495	0.0257421	0.032325724	0.019158476
496	0.02591445	0.0325302	0.0192987
497	0.0261083	0.032761535	0.019455065
498	0.02634605	0.033047513	0.019644587
499	0.02657035	0.033323194	0.019817506
500	0.0268521	0.033664269	0.020039931
501	0.0271871	0.034066804	0.020307396
502	0.02752275	0.034484823	0.020560677
503	0.02789925	0.034950676	0.020847824
504	0.0283084	0.035455829	0.021160971
505	0.02876755	0.03602439	0.02151071
506	0.0292728	0.036643803	0.021901797
507	0.02981485	0.037308855	0.022320845
508	0.030405	0.038036942	0.022773058
509	0.031077	0.03886293	0.02329107
510	0.03178405	0.039734326	0.023833774
511	0.0325276	0.040652905	0.024402295
512	0.0333529	0.041669008	0.025036792
513	0.0342054	0.042717765	0.025693035
514	0.03511605	0.043833747	0.026398353
515	0.0361719	0.045112125	0.027231675
516	0.03729335	0.046501063	0.028085637
517	0.0384782	0.047973051	0.028983349
518	0.03973575	0.049527118	0.029944382
519	0.04103915	0.051147519	0.030930781
520	0.04236955	0.052784897	0.031954203
521	0.0437081	0.054413811	0.033002389
522	0.04501815	0.055998493	0.034037807
523	0.0463288	0.057575068	0.035082532
524	0.04764215	0.059152049	0.036132251
525	0.0489411	0.060720755	0.037161445
526	0.0502616	0.062310363	0.038212837
527	0.05154485	0.06385932	0.03923038
528	0.05275675	0.065332785	0.040180715
529	0.05391045	0.066720806	0.041100094
530	0.05498945	0.068002866	0.041976034
531	0.0559863	0.069170145	0.042802455
532	0.0569099	0.070264078	0.043555722
533	0.0577737	0.071294295	0.044253105
534	0.0585885	0.072269887	0.044907113
535	0.0593422	0.073167024	0.045517376
536	0.0600028	0.073946286	0.046059314
537	0.06060105	0.074645885	0.046556215
538	0.0611377	0.075265975	0.047009425
539	0.06164445	0.075868439	0.047420461
540	0.06212715	0.076445613	0.047808687
541	0.06258105	0.076989371	0.048172729
542	0.0629899	0.077489131	0.048490669
543	0.0634172	0.077996601	0.048837799
544	0.0638421	0.078492342	0.049191858
545	0.06419315	0.078905747	0.049480553
546	0.06454275	0.079315475	0.049770025
547	0.0648933	0.079725438	0.050061162
548	0.06524885	0.080140984	0.050356716
549	0.06555045	0.080499292	0.050601608
550	0.0658146	0.080810577	0.050818623
551	0.06604015	0.081071265	0.051009035
552	0.06620195	0.081255935	0.051147965
553	0.0663046	0.081367091	0.051242109
554	0.06634865	0.081404857	0.051292443
555	0.0663045	0.081328505	0.051280495
556	0.0661675	0.08114456	0.05119044
557	0.0659689	0.080891115	0.051046685
558	0.06570635	0.080568245	0.050844455
559	0.0653736	0.080169231	0.050577969
560	0.0649781	0.079698243	0.050257957
561	0.0645128	0.079146441	0.049879159
562	0.06401425	0.078530992	0.049497508
563	0.06344715	0.077842403	0.049051897
564	0.0628195	0.077087706	0.048551294
565	0.0621707	0.076298481	0.048042919
566	0.06144975	0.075431197	0.047468303
567	0.06068525	0.07451325	0.04685725
568	0.0598962	0.073558092	0.046234308
569	0.0590256	0.072520368	0.045530832
570	0.05816505	0.071494165	0.044835935
571	0.0573501	0.070516245	0.044183955
572	0.05653495	0.069540248	0.043529652
573	0.05574705	0.068592451	0.042901649
574	0.05498735	0.067674737	0.042299963
575	0.054268	0.066804404	0.041731596
576	0.05359545	0.065992627	0.041198273
577	0.05296085	0.065226979	0.040694721
578	0.05238465	0.064530719	0.040238581
579	0.05182675	0.063863486	0.039790014
580	0.0512974	0.063229661	0.039365139
581	0.05080895	0.062639956	0.038977944
582	0.0503769	0.062107473	0.038646327
583	0.04995995	0.061593153	0.038326747
584	0.0495552	0.06109438	0.03801602
585	0.04918565	0.060640524	0.037730776
586	0.0488328	0.060205007	0.037460593
587	0.04848935	0.059781702	0.037196998
588	0.0481598	0.059381994	0.036937606
589	0.0478872	0.059061416	0.036712984
590	0.04762865	0.058762835	0.036494465
591	0.04737165	0.058469594	0.036273706
592	0.04719815	0.058250042	0.036146258
593	0.04704105	0.058052207	0.036029893
594	0.04689165	0.057869247	0.035914053
595	0.04673345	0.057692095	0.035774805
596	0.04661295	0.057548925	0.035676975
597	0.04651085	0.057424189	0.035597511
598	0.04639585	0.057294373	0.035497327
599	0.04630135	0.057181898	0.035420802
600	0.0461821	0.057041939	0.035322261
601	0.04600265	0.056838784	0.035166516
602	0.04578805	0.056606567	0.034969533
603	0.04557715	0.056365041	0.034789259
604	0.04537115	0.056112853	0.034629447
605	0.04510355	0.055794816	0.034412284
606	0.0448216	0.055455309	0.034187891
607	0.0445252	0.055095394	0.033955006
608	0.04421465	0.054716714	0.033712586
609	0.0438575	0.054281347	0.033433653
610	0.04349755	0.053838818	0.033156282
611	0.04317375	0.053432137	0.032915363
612	0.0428055	0.052980931	0.032630069
613	0.0424414	0.052534718	0.032348082
614	0.0420918	0.052103789	0.032079811
615	0.04183245	0.051757284	0.031907616
616	0.04155425	0.051404962	0.031703538
617	0.04126725	0.051053965	0.031480535
618	0.0409974	0.050724754	0.031270046
619	0.040785	0.05045149	0.03111851
620	0.0406032	0.050210781	0.030995619
621	0.04044625	0.05000077	0.03089173
622	0.0403596	0.049874434	0.030844766
623	0.0402717	0.049753393	0.030790007
624	0.0401694	0.04962407	0.03071473
625	0.0401235	0.049555153	0.030691847
626	0.0400628	0.0494752	0.0306504
627	0.03999705	0.049393707	0.030600393
628	0.03996145	0.049345571	0.030577329
629	0.0399622	0.049331957	0.030592443
630	0.03996735	0.049322134	0.030612566
631	0.03994955	0.049288939	0.030610161
632	0.03983405	0.049147433	0.030520667
633	0.0397078	0.048987792	0.030427808
634	0.0395884	0.048827548	0.030349252
635	0.0393609	0.048544599	0.030177201
636	0.0391195	0.048237881	0.030001119
637	0.03885705	0.047900877	0.029813223
638	0.0385146	0.04747389	0.02955531
639	0.0381745	0.047049465	0.029299535
640	0.0378052	0.046593496	0.029016904
641	0.0373549	0.046049628	0.028660172
642	0.0369456	0.045542544	0.028348656
643	0.036529	0.045025461	0.028032539
644	0.0360883	0.04448046	0.02769614
645	0.0357165	0.04402092	0.02741208
646	0.0353458	0.043563769	0.027127831
647	0.0349748	0.043108341	0.026841259
648	0.0346073	0.042671719	0.026542881
649	0.03431885	0.042325163	0.026312537
650	0.0340652	0.042019246	0.026111154
651	0.0338015	0.041704891	0.025898109
652	0.03359745	0.041457381	0.025737519
653	0.0334181	0.041234653	0.025601547
654	0.0332543	0.04102484	0.02548376
655	0.03302545	0.040746048	0.025304852
656	0.03274465	0.040413219	0.025076081
657	0.03242615	0.040040138	0.024812162
658	0.0320673	0.039601486	0.024533114
659	0.03171985	0.03917127	0.02426843
660	0.0313796	0.03874569	0.02401351
661	0.0310464	0.038322033	0.023770767
662	0.03070005	0.037894502	0.023505598
663	0.03036495	0.037482901	0.023246999
664	0.03005465	0.037099994	0.023009306
665	0.02981155	0.036795698	0.022827402
666	0.02958475	0.036510944	0.022658556
667	0.0293725	0.036245193	0.022499807
668	0.02920135	0.036040388	0.022362312
669	0.02906075	0.035871562	0.022249938
670	0.02894705	0.035736311	0.022157789
671	0.02886975	0.035651392	0.022088108
672	0.0288337	0.035611651	0.022055749
673	0.0288308	0.03561098	0.02205062
674	0.0288696	0.035659964	0.022079236
675	0.02891715	0.035729246	0.022105054
676	0.0290113	0.035850659	0.022171941
677	0.02915	0.03602254	0.02227746
678	0.02924745	0.036171522	0.022323378
679	0.02943505	0.036422148	0.022447952
680	0.02968125	0.036742478	0.022620022
681	0.0299522	0.037104827	0.022799573
682	0.03038295	0.03765721	0.02310869
683	0.0309318	0.038352232	0.023511368
684	0.0316285	0.03922793	0.02402907
685	0.03256405	0.040400007	0.024728093
686	0.0336892	0.04181588	0.02556252
687	0.03499545	0.043466494	0.026524406
688	0.0365097	0.045343094	0.027676306
689	0.03823045	0.047470806	0.028990094
690	0.040159	0.049846643	0.030471357
691	0.04254025	0.052750097	0.032330403
692	0.0452799	0.056091922	0.034467878
693	0.0483103	0.059787929	0.036832671
694	0.05166905	0.063879715	0.039458385
695	0.0554614	0.068447644	0.042475156
696	0.05939595	0.073171811	0.045620089
697	0.06351135	0.078101365	0.048921335
698	0.0680821	0.083533845	0.052630355
699	0.0727939	0.089120908	0.056466892
700	0.0776422	0.094856038	0.060428362
701	0.08267545	0.100778231	0.064572669
702	0.0877754	0.106738004	0.068812796
703	0.092842	0.112632893	0.073051107
704	0.0978797	0.118465079	0.077294321
705	0.1030362	0.12440999	0.08166241
706	0.10822825	0.130376309	0.086080191
707	0.11344285	0.136347575	0.090538125
708	0.11875955	0.142409847	0.095109253
709	0.1241331	0.14851604	0.09975016
710	0.12956295	0.154668844	0.104457056
711	0.1350887	0.160911498	0.109265902
712	0.14067675	0.167209633	0.114143867
713	0.14628785	0.173516318	0.119059382
714	0.15194895	0.179843148	0.124054752
715	0.1574786	0.185989588	0.128967612
716	0.16339525	0.192596467	0.134194033
717	0.16984215	0.199849218	0.139835082
718	0.17658015	0.207480252	0.145680048
719	0.18353405	0.215327127	0.151740973
720	0.19012695	0.222721187	0.157532713
721	0.1964153	0.229607735	0.163222865
722	0.20273855	0.236605443	0.168871657
723	0.2094429	0.244090385	0.174795415
724	0.21627865	0.251801251	0.180756049
725	0.2229967	0.259315725	0.186677675
726	0.2296249	0.266736249	0.192513551
727	0.2362462	0.274175385	0.198317015
728	0.24286895	0.281640537	0.204097363
729	0.24946095	0.28909926	0.20982264
730	0.25593135	0.296444724	0.215417976
731	0.26236935	0.30375488	0.22098382
732	0.26847425	0.310678008	0.226270492
733	0.27428715	0.317286458	0.231287842
734	0.27990555	0.323722892	0.236088208
735	0.2854024	0.330077508	0.240727292
736	0.29074205	0.336264756	0.245219344
737	0.29587305	0.342207728	0.249538372
738	0.30075725	0.347900815	0.253613685
739	0.30545615	0.353396032	0.257516268
740	0.3099483	0.358667572	0.261229028
741	0.31412225	0.363598308	0.264646192
742	0.31801445	0.368192874	0.267836026
743	0.3216906	0.372537476	0.270843724
744	0.3251712	0.37666838	0.27367402
745	0.3284062	0.380513966	0.276298434
746	0.3314319	0.384122498	0.278741302
747	0.33422185	0.387465969	0.280977731
748	0.3367792	0.39053299	0.28302541
749	0.33919075	0.393428284	0.284953216
750	0.34144115	0.396133749	0.286748551
751	0.34342235	0.398522482	0.288322218
752	0.3452824	0.400756335	0.289808465
753	0.3470248	0.402843534	0.291206066
754	0.34859435	0.404720942	0.292467758
755	0.35005985	0.406466083	0.293653617
756	0.3512614	0.407880892	0.294641908
757	0.35206695	0.408795076	0.295338824
758	0.35137315	0.40801581	0.29473049
759	0.35091085	0.407793709	0.294027991
760	0.3514379	0.40910298	0.29377282
761	0.3527394	0.410498645	0.294980155
762	0.3538796	0.411752862	0.296006338
763	0.355124	0.413128461	0.297119539
764	0.35675995	0.414901042	0.298618858
765	0.3582144	0.416429417	0.299999383
766	0.35940875	0.417673302	0.301144198
767	0.3603732	0.418679539	0.302066861
768	0.3611409	0.419481351	0.302800449
769	0.3617844	0.420164763	0.303404037
770	0.3623182	0.420745798	0.303890602
771	0.3627952	0.421255755	0.304334645
772	0.363237	0.421725006	0.304748994
773	0.36366305	0.422177533	0.305148567
774	0.3641103	0.422661162	0.305559438
775	0.36451145	0.423086931	0.305935969
776	0.3648957	0.423491447	0.306299953
777	0.36527925	0.423894029	0.306664471
778	0.36567655	0.424312323	0.307040777
779	0.36606565	0.424724733	0.307406567
780	0.36644145	0.425125381	0.307757519
781	0.36682695	0.425524495	0.308129405
782	0.36717805	0.425891636	0.308464464
783	0.36751305	0.426243002	0.308783098
784	0.3678843	0.426625625	0.309142975
785	0.36811285	0.426854028	0.309371672
786	0.3683177	0.42705739	0.30957801
787	0.3685915	0.427336506	0.309846494
788	0.3688218	0.427565412	0.310078188
789	0.3690942	0.427839564	0.310348836
790	0.3694286	0.428181544	0.310675656
791	0.3698359	0.428599796	0.311072004
792	0.37027135	0.429054842	0.311487858
793	0.3706922	0.429497773	0.311886627
794	0.37089775	0.429701185	0.312094315
795	0.37120235	0.430019544	0.312385156
796	0.37157595	0.430412502	0.312739398
797	0.3720223	0.430876062	0.313168538
798	0.37231845	0.431170626	0.313466274
799	0.3726098	0.431464823	0.313754777
800	0.3729272	0.431796058	0.314058342
801	0.37323315	0.43210774	0.31435856
802	0.37357	0.432450977	0.314689023
803	0.37393895	0.432829038	0.315048862
804	0.3743517	0.433267234	0.315436166
805	0.37475465	0.433690352	0.315818948
806	0.37513915	0.434090319	0.316187981
807	0.37548655	0.434447619	0.316525481
808	0.3757177	0.434680539	0.316754861
809	0.37589535	0.434857415	0.316933285
810	0.3760259	0.434986338	0.317065462
811	0.3759662	0.434911779	0.317020621
812	0.3758846	0.434796228	0.316972972
813	0.37579665	0.43465806	0.31693524
814	0.3758052	0.434633947	0.316976453
815	0.37598435	0.434804254	0.317164446
816	0.37630945	0.435142694	0.317476206
817	0.376817	0.435695701	0.317938299
818	0.3774383	0.436351501	0.318525099
819	0.3780157	0.436973653	0.319057747
820	0.3785006	0.437524822	0.319476378
821	0.3784345	0.43739456	0.31947444
822	0.37865425	0.437593334	0.319715166
823	0.3791801	0.438154495	0.320205705
824	0.37987485	0.438940343	0.320809357
825	0.38023195	0.439321461	0.321142439
826	0.38039295	0.439470747	0.321315153
827	0.3804036	0.439457395	0.321349805
828	0.38065485	0.439709934	0.321599766
829	0.3809784	0.440049956	0.321906844
830	0.3813213	0.440424482	0.322218118
831	0.38164015	0.440744681	0.322535619
832	0.3819844	0.441096039	0.322872761
833	0.382349	0.441476519	0.323221481
834	0.3826851	0.441836773	0.323533427
835	0.38303315	0.442210985	0.323855315
836	0.38339705	0.442600931	0.324193169
837	0.38379205	0.443015985	0.324568115
838	0.38416815	0.443413682	0.324922618
839	0.38452255	0.443787489	0.325257611
840	0.38484675	0.444126286	0.325567214
841	0.38519265	0.444492533	0.325892767
842	0.3855081	0.444825824	0.326190376
843	0.38579305	0.445126184	0.326459916
844	0.38615825	0.445516548	0.326799952
845	0.3864845	0.445864337	0.327104663
846	0.3867899	0.446191353	0.327388447
847	0.3871071	0.446540347	0.327673853
848	0.3873699	0.44679064	0.32794916
849	0.387617	0.44702348	0.32821052
850	0.38785695	0.447275597	0.328438303
851	0.38808905	0.447567788	0.328610312
852	0.38831235	0.447788696	0.328836004
853	0.3885333	0.447928778	0.329137822
854	0.3887973	0.448190993	0.329403607
855	0.38906545	0.448506877	0.329624023
856	0.38931795	0.448825064	0.329810836
857	0.38953245	0.449053045	0.330011855
858	0.38981355	0.449346741	0.330280359
859	0.39011275	0.44965558	0.33056992
860	0.3903925	0.44993886	0.33084614
861	0.39059885	0.450151533	0.331046167
862	0.3908241	0.450407225	0.331240975
863	0.3910874	0.450729704	0.331445096
864	0.3913133	0.45092194	0.33170466
865	0.39153085	0.451094599	0.331967101
866	0.3917445	0.451268603	0.332220397
867	0.3919676	0.451523089	0.332412111
868	0.39220495	0.451783496	0.332626404
869	0.3924418	0.452039356	0.332844244
870	0.3926744	0.452289102	0.333059698
871	0.3928156	0.452434399	0.333196801
872	0.3929637	0.452581387	0.333346013
873	0.39314185	0.452753512	0.333530188
874	0.39332245	0.452924874	0.333720026
875	0.39353335	0.453140074	0.333926626
876	0.3937573	0.453375612	0.334138988
877	0.3939182	0.453530125	0.334306275
878	0.3941112	0.453726645	0.334495755
879	0.3942942	0.453909221	0.334679179
880	0.3944129	0.454006456	0.334819344
881	0.39459845	0.454182322	0.335014578
882	0.39476975	0.454358322	0.335181178
883	0.3949017	0.454512938	0.335290462
884	0.3951048	0.45471297	0.33549663
885	0.3952814	0.454881713	0.335681087
886	0.39542195	0.455009548	0.335834352
887	0.3954696	0.455033302	0.335905898
888	0.3956062	0.455163341	0.336049059
889	0.39576405	0.455327894	0.336200206
890	0.39586435	0.455450595	0.336278105
891	0.3959434	0.455524681	0.336362119
892	0.3959346	0.455504112	0.336365088
893	0.3957908	0.455346795	0.336234805
894	0.3957596	0.455278393	0.336240807
895	0.3956751	0.455159904	0.336190296
896	0.39553495	0.454988774	0.336081126
897	0.39541185	0.454827523	0.335996177
898	0.39532625	0.454686987	0.335965513
899	0.39530525	0.454597581	0.336012919
900	0.39543005	0.454642775	0.336217325
901	0.3958059	0.455003257	0.336608543
902	0.3961835	0.455416052	0.336950948
903	0.39647345	0.455797185	0.337149715
904	0.396762	0.456188416	0.337335584
905	0.3969247	0.45639093	0.33745847
906	0.39696105	0.456401433	0.337520667
907	0.39687355	0.456221676	0.337525424
908	0.39680405	0.456071661	0.337536439
909	0.39676215	0.455970767	0.337553533
910	0.3967849	0.455991439	0.337578361
911	0.3968733	0.456095394	0.337651206
912	0.39693495	0.456156301	0.337713599
913	0.39691515	0.456096926	0.337733374
914	0.3969453	0.456076692	0.337813908
915	0.39707825	0.456154706	0.338001794
916	0.3972947	0.456317596	0.338271804
917	0.39728135	0.456311254	0.338251446
918	0.3974623	0.456517795	0.338406805
919	0.3977374	0.456829527	0.338645273
920	0.3979665	0.4570998	0.3388332
921	0.398101	0.457241764	0.338960236
922	0.39820865	0.457333591	0.339083709
923	0.3983199	0.457402677	0.339237123
924	0.39818445	0.457237739	0.339131161
925	0.39799805	0.457049767	0.338946333
926	0.3977713	0.45685205	0.33869055
927	0.3974037	0.456482987	0.338324413
928	0.39697315	0.455989582	0.337956718
929	0.3964455	0.455352655	0.337538345
930	0.3957373	0.454536531	0.336938069
931	0.39483665	0.453422841	0.336250459
932	0.3939292	0.452232715	0.335625685
933	0.39334105	0.45132406	0.33535804
934	0.39227615	0.450030244	0.334522056
935	0.39130295	0.448803629	0.333802271
936	0.39066215	0.447888136	0.333436164
937	0.3905621	0.447690547	0.333433653
938	0.39063755	0.447829266	0.333445834
939	0.39076485	0.448117489	0.333412211
940	0.39063585	0.44814706	0.33312464
941	0.39050495	0.448061682	0.332948218
942	0.3903148	0.447823097	0.332806503
943	0.3899913	0.447326645	0.332655955
944	0.38915785	0.446274267	0.332041433
945	0.38839755	0.445346631	0.331448469
946	0.38782965	0.444686452	0.330972848
947	0.38726705	0.443988443	0.330545657
948	0.3867235	0.443306309	0.330140691
949	0.3861879	0.442639826	0.329735974
950	0.38559085	0.441959097	0.329222603
951	0.38476585	0.441012596	0.328519104
952	0.3838956	0.440005963	0.327785237
953	0.38313665	0.439110919	0.327162381
954	0.38238635	0.438197889	0.326574811
955	0.381662	0.437325279	0.325998721
956	0.38097215	0.436513206	0.325431094
957	0.3801226	0.435534583	0.324710617
958	0.37931945	0.434586717	0.324052183
959	0.37858075	0.433700466	0.323461034
960	0.3780103	0.433034091	0.322986509
961	0.37767945	0.432681638	0.322677262
962	0.37743385	0.432418982	0.322448718
963	0.3771435	0.432040918	0.322246082
964	0.37708885	0.431901866	0.322275834
965	0.3770006	0.431745624	0.322255576
966	0.3768064	0.431505165	0.322107635
967	0.3768868	0.431645252	0.322128348
968	0.37690605	0.431699044	0.322113056
969	0.37692465	0.431744864	0.322104436
970	0.37731395	0.432259348	0.322368552
971	0.37737445	0.432379366	0.322369534
972	0.3772897	0.432305153	0.322274247
973	0.3772055	0.432171948	0.322239052
974	0.37715495	0.432088971	0.322220929
975	0.377235	0.432138131	0.322331869
976	0.3775147	0.432383137	0.322646263
977	0.37755665	0.432386059	0.322727241
978	0.377643	0.432455818	0.322830182
979	0.3777712	0.432593499	0.322948901
980	0.37782445	0.432708343	0.322940557
981	0.3779272	0.43280459	0.32304981
982	0.37817245	0.433042317	0.323302583
983	0.37879225	0.433757796	0.323826704
984	0.37917035	0.434198556	0.324142144
985	0.37956795	0.434643441	0.324492459
986	0.3800922	0.43520337	0.32498103
987	0.3802125	0.435312763	0.325112237
988	0.3805925	0.435723183	0.325461817
989	0.3812176	0.436418151	0.326017049
990	0.38140745	0.436629561	0.326185339
991	0.38173175	0.437021058	0.326442442
992	0.38211765	0.437492273	0.326743027
993	0.38244985	0.437882528	0.327017172
994	0.3830585	0.438518037	0.327598963
995	0.38371705	0.43919177	0.32824233
996	0.38432215	0.439806022	0.328838278
997	0.38457885	0.440091432	0.329066268
998	0.384982	0.440551189	0.329412811
999	0.38554525	0.441196328	0.329894172
1000	0.38575795	0.441446245	0.330069655
1001	0.38877685	0.446156808	0.331396892
1002	0.38952805	0.446956057	0.332100043
1003	0.3902453	0.447704246	0.332786354
1004	0.3908554	0.448331344	0.333379456
1005	0.39149105	0.449018486	0.333963614
1006	0.39208625	0.449699122	0.334473378
1007	0.3925659	0.450253522	0.334878278
1008	0.39307755	0.45079732	0.33535778
1009	0.393744	0.451478772	0.336009228
1010	0.39445145	0.452233079	0.336669821
1011	0.3950685	0.452914527	0.337222473
1012	0.3956423	0.453531	0.3377536
1013	0.3962866	0.454228188	0.338345012
1014	0.39694195	0.454954538	0.338929362
1015	0.3976151	0.455703868	0.339526332
1016	0.3983057	0.456483938	0.340127462
1017	0.3989042	0.457130875	0.340677525
1018	0.39937315	0.457648417	0.341097883
1019	0.39987775	0.458212724	0.341542776
1020	0.4003933	0.458763349	0.342023251
1021	0.40094055	0.459341675	0.342539425
1022	0.40151145	0.459926381	0.343096519
1023	0.40203805	0.460450955	0.343625145
1024	0.4025126	0.460942501	0.344082699
1025	0.4029768	0.461460167	0.344493433
1026	0.40350905	0.46206366	0.34495444
1027	0.4041353	0.462758156	0.345512444
1028	0.40464215	0.463302567	0.345981733
1029	0.4049718	0.463624179	0.346319421
1030	0.40540565	0.464056453	0.346754847
1031	0.4059824	0.46470394	0.34726086
1032	0.40653045	0.465314553	0.347746347
1033	0.40693905	0.465739973	0.348138127
1034	0.40719925	0.466007624	0.348390876
1035	0.4075099	0.466328745	0.348691055
1036	0.4079643	0.466813662	0.349114938
1037	0.40848905	0.467384498	0.349593602
1038	0.40906065	0.468007857	0.350113443
1039	0.40958905	0.468585719	0.350592381
1040	0.4100422	0.469085739	0.350998661
1041	0.4105065	0.469592088	0.351420912
1042	0.4109921	0.470112342	0.351871858
1043	0.41142985	0.470588966	0.352270734
1044	0.4117478	0.470916412	0.352579188
1045	0.41194525	0.471082305	0.352808195
1046	0.41225685	0.471409275	0.353104425
1047	0.41275945	0.471966698	0.353552202
1048	0.4131769	0.472425279	0.353928521
1049	0.41345285	0.472724272	0.354181428
1050	0.41374965	0.473043557	0.354455743
1051	0.41399785	0.473327859	0.354667841
1052	0.41424965	0.47360417	0.35489513
1053	0.4145939	0.473958257	0.355229543
1054	0.4149117	0.474296703	0.355526697
1055	0.41511135	0.474518829	0.355703871
1056	0.4153326	0.474745932	0.355919268
1057	0.41570975	0.475118022	0.356301478
1058	0.41609595	0.475509683	0.356682217
1059	0.4163291	0.475750957	0.356907243
1060	0.41648535	0.475910786	0.357059914
1061	0.41672265	0.476166586	0.357278714
1062	0.417019	0.476498185	0.357539815
1063	0.4171619	0.476634676	0.357689124
1064	0.4172284	0.476659702	0.357797098
1065	0.4173642	0.476795073	0.357933327
1066	0.41758865	0.477070984	0.358106316
1067	0.41781855	0.477335405	0.358301695
1068	0.4179558	0.477443605	0.358467995
1069	0.41807075	0.477520307	0.358621193
1070	0.41816225	0.477590027	0.358734473
1071	0.41824665	0.477657431	0.358835869
1072	0.4183956	0.477777982	0.359013218
1073	0.4185801	0.477933539	0.359226661
1074	0.418591	0.477930286	0.359251714
1075	0.4185413	0.477870415	0.359212185
1076	0.4185874	0.477908955	0.359265845
1077	0.4186448	0.477940328	0.359349272
1078	0.4186224	0.477868024	0.359376776
1079	0.4185351	0.477747492	0.359322708
1080	0.4185104	0.477712468	0.359308332
1081	0.4186044	0.477795488	0.359413312
1082	0.41869035	0.477864425	0.359516275
1083	0.4186508	0.477796056	0.359505544
1084	0.41856845	0.477676048	0.359460852
1085	0.41849965	0.477554031	0.359445269
1086	0.4184872	0.477496707	0.359477693
1087	0.4185961	0.477569811	0.359622389
1088	0.41868355	0.477612376	0.359754724
1089	0.41860435	0.477471595	0.359737105
1090	0.41851	0.477324909	0.359695091
1091	0.4183738	0.477148458	0.359599142
1092	0.4181959	0.476923437	0.359468363
1093	0.4179795	0.476647114	0.359311886
1094	0.417736	0.476347048	0.359124952
1095	0.4174925	0.476037548	0.358947452
1096	0.417232	0.475702602	0.358761398
1097	0.4169249	0.475336512	0.358513288
1098	0.41663905	0.475006839	0.358271261
1099	0.41636535	0.474672276	0.358058424
1100	0.4160305	0.474214456	0.357846544
1101	0.4157407	0.473808018	0.357673382
1102	0.4156574	0.473669889	0.357644911
1103	0.4155758	0.473542138	0.357609462
1104	0.4153703	0.473305015	0.357435585
1105	0.4151383	0.473039699	0.357236901
1106	0.4149822	0.472855969	0.357108431
1107	0.4148562	0.472704324	0.357008076
1108	0.41458245	0.472379115	0.356785785
1109	0.4142357	0.471971851	0.356499549
1110	0.4138652	0.471558114	0.356172286
1111	0.4134171	0.471068686	0.355765514
1112	0.412911	0.4705014	0.3553206
1113	0.41242385	0.46994002	0.35490768
1114	0.411847	0.469286152	0.354407848
1115	0.4111887	0.468547626	0.353829774
1116	0.4104395	0.467701096	0.353177904
1117	0.4095373	0.466653582	0.352421018
1118	0.4085559	0.465513447	0.351598353
1119	0.407571	0.46437379	0.35076821
1120	0.4064843	0.46311096	0.34985764
1121	0.405491	0.461868626	0.349113374
1122	0.4044852	0.460602232	0.348368168
1123	0.40337885	0.459267081	0.347490619
1124	0.40227335	0.457927997	0.346618703
1125	0.40107575	0.456525584	0.345625916
1126	0.3997593	0.455030172	0.344488428
1127	0.3982383	0.453260575	0.343216025
1128	0.3967038	0.451414557	0.341993043
1129	0.39532145	0.449779431	0.340863469
1130	0.3941072	0.448401144	0.339813256
1131	0.3928413	0.446972743	0.338709857
1132	0.3914696	0.445419363	0.337519837
1133	0.3901192	0.443885674	0.336352726
1134	0.388558	0.44213853	0.33497747
1135	0.3870688	0.440474138	0.333663462
1136	0.38535455	0.438513326	0.332195774
1137	0.3837486	0.436676522	0.330820678
1138	0.3820778	0.434806329	0.329349271
1139	0.38046655	0.433008978	0.327924122
1140	0.3784072	0.4306849	0.3261295
1141	0.37633465	0.428336095	0.324333205
1142	0.37422645	0.425937271	0.322515629
1143	0.37213	0.423555974	0.320704026
1144	0.3698947	0.421038484	0.318750916
1145	0.3675981	0.418457206	0.316738994
1146	0.3652302	0.415780767	0.314679633
1147	0.36285935	0.413090229	0.312628471
1148	0.36058215	0.410501271	0.310663029
1149	0.35843845	0.408060305	0.308816595
1150	0.35659955	0.405978187	0.307220913
1151	0.3552718	0.404502552	0.306041048
1152	0.3540081	0.403090151	0.304926049
1153	0.3527654	0.401665554	0.303865246
1154	0.35165635	0.400396279	0.302916421
1155	0.3508919	0.3995384	0.3022454
1156	0.3501963	0.398758206	0.301634394
1157	0.34970485	0.398199805	0.301209895
1158	0.34925455	0.397688646	0.300820454
1159	0.3490196	0.397461456	0.300577744
1160	0.34883975	0.397300664	0.300378836
1161	0.34867725	0.397158048	0.300196452
1162	0.34852775	0.397029313	0.300026187
1163	0.3483804	0.396880503	0.299880297
1164	0.3482289	0.396713547	0.299744253
1165	0.34812665	0.396601392	0.299651908
1166	0.3480755	0.396546308	0.299604692
1167	0.34800075	0.396471755	0.299529745
1168	0.34788585	0.396362732	0.299408968
1169	0.34776455	0.3962384	0.2992907
1170	0.3476199	0.396068953	0.299170847
1171	0.3474886	0.395916275	0.299060925
1172	0.34741355	0.395835537	0.298991563
1173	0.3473399	0.395756225	0.298923575
1174	0.34727485	0.395682999	0.298866701
1175	0.3472105	0.395610681	0.298810319
1176	0.3471086	0.395510126	0.298707074
1177	0.34700495	0.395408428	0.298601472
1178	0.34684295	0.395228627	0.298457273
1179	0.34666915	0.395033265	0.298305035
1180	0.34652495	0.394864335	0.298185565
1181	0.3463922	0.394706109	0.298078291
1182	0.3462988	0.39459618	0.29800142
1183	0.34623095	0.394518107	0.297943793
1184	0.34614565	0.394422958	0.297868342
1185	0.34604215	0.394308164	0.297776136
1186	0.34593965	0.394188707	0.297690593
1187	0.34584135	0.394066346	0.297616354
1188	0.34573865	0.393942939	0.297534361
1189	0.3456254	0.393816489	0.297434311
1190	0.34553675	0.393721437	0.297352063
1191	0.3455407	0.393746751	0.297334649
1192	0.34553545	0.393759866	0.297311034
1193	0.34546065	0.393667706	0.297253594
1194	0.34538705	0.393576987	0.297197113
1195	0.34543835	0.393629787	0.297246913
1196	0.3454939	0.39368821	0.29729959
1197	0.34559865	0.393791922	0.297405378
1198	0.3457068	0.393897937	0.297515663
1199	0.3458635	0.394073743	0.297653257
1200	0.3460399	0.394277014	0.297802786
1201	0.34620635	0.394452282	0.297960418
1202	0.34636455	0.394608522	0.298120578
1203	0.34653825	0.394781213	0.298295287
1204	0.34672905	0.394973464	0.298484636
1205	0.34696875	0.395216427	0.298721073
1206	0.34725855	0.395511169	0.299005931
1207	0.3475426	0.395811979	0.299273221
1208	0.347831	0.396143478	0.299518522
1209	0.34813975	0.396490164	0.299789336
1210	0.3484884	0.396857163	0.300119637
1211	0.3488376	0.397228942	0.300446258
1212	0.3492467	0.397687774	0.300805626
1213	0.3496514	0.398140453	0.301162347
1214	0.35001775	0.398522714	0.301512786
1215	0.3503779	0.398897721	0.301858079
1216	0.35079605	0.399339534	0.302252566
1217	0.35122005	0.399789216	0.302650884
1218	0.35169555	0.400300071	0.303091029
1219	0.35217075	0.400809178	0.303532322
1220	0.3526396	0.401317608	0.303961592
1221	0.3531019	0.401821771	0.304382029
1222	0.35358675	0.402335671	0.304837829
1223	0.35409185	0.402865034	0.305318666
1224	0.3545505	0.403343727	0.305757273
1225	0.35496555	0.403774733	0.306156367
1226	0.3554016	0.404230497	0.306572703
1227	0.35585695	0.404710271	0.307003629
1228	0.35629385	0.405169898	0.307417802
1229	0.35670165	0.405596524	0.307806776
1230	0.35713125	0.40604853	0.30821397
1231	0.3576107	0.4065532	0.3086682
1232	0.35806865	0.407033995	0.309103305
1233	0.35847415	0.40744589	0.30950241
1234	0.35887935	0.407856723	0.309901977
1235	0.3593377	0.408350856	0.310324544
1236	0.35979555	0.408845934	0.310745166
1237	0.3601655	0.409230751	0.311100249
1238	0.36052175	0.409599141	0.311444359
1239	0.36092255	0.410032899	0.311812201
1240	0.3613315	0.410477355	0.312185645
1241	0.36168355	0.410851189	0.312515911
1242	0.36201855	0.411204263	0.312832837
1243	0.3623852	0.411590052	0.313180348
1244	0.36277665	0.411997953	0.313555347
1245	0.363134	0.412367395	0.313900605
1246	0.3634483	0.412691523	0.314205077
1247	0.3637997	0.413052272	0.314547128
1248	0.36420005	0.413464448	0.314935652
1249	0.36456165	0.413850086	0.315273214
1250	0.3648524	0.414179332	0.315525468
1251	0.36512345	0.414479683	0.315767217
1252	0.3653965	0.414757388	0.316035612
1253	0.3656815	0.415046609	0.316316391
1254	0.36593805	0.415313933	0.316562167
1255	0.36618675	0.41557298	0.31680052
1256	0.36640185	0.415789934	0.317013766
1257	0.36661445	0.416003189	0.317225711
1258	0.36676515	0.416146751	0.317383549
1259	0.3669152	0.416288761	0.317541639
1260	0.3670601	0.416415967	0.317704233
1261	0.36720315	0.416540696	0.317865604
1262	0.3673758	0.416724208	0.318027392
1263	0.3675578	0.416915966	0.318199634
1264	0.3676086	0.416947524	0.318269676
1265	0.3676199	0.416932833	0.318306967
1266	0.3676455	0.41691963	0.31837137
1267	0.3676738	0.416902745	0.318444855
1268	0.36769095	0.416876552	0.318505348
1269	0.36771345	0.416860321	0.318566579
1270	0.36773645	0.416838456	0.318634444
1271	0.3677487	0.416808218	0.318689182
1272	0.36777175	0.416794833	0.318748667
1273	0.36782215	0.416810313	0.318833987
1274	0.3678534	0.416816127	0.318890673
1275	0.36781705	0.416757203	0.318876897
1276	0.36777575	0.416685216	0.318866284
1277	0.36774445	0.416621294	0.318867606
1278	0.36769115	0.416537509	0.318844791
1279	0.36753795	0.41633879	0.31873711
1280	0.3673908	0.416146112	0.318635488
1281	0.3672312	0.415935598	0.318526802
1282	0.36706005	0.41571066	0.31840944
1283	0.36683475	0.415439735	0.318229765
1284	0.36660785	0.415173044	0.318042656
1285	0.36634555	0.414861485	0.317829615
1286	0.3660787	0.414540538	0.317616862
1287	0.3656865	0.414098646	0.317274354
1288	0.3652484	0.413608914	0.316887886
1289	0.36487575	0.413159134	0.316592366
1290	0.36454375	0.41274437	0.31634313
1291	0.36404745	0.412179789	0.315915111
1292	0.36347095	0.411543664	0.315398236
1293	0.36297905	0.410998552	0.314959548
1294	0.36251335	0.410477248	0.314549452
1295	0.3619891	0.409879032	0.314099168
1296	0.3614114	0.409213673	0.313609127
1297	0.36079105	0.408515679	0.313066421
1298	0.3601219	0.407775467	0.312468333
1299	0.3594271	0.406993208	0.311860992
1300	0.3586669	0.406120499	0.311213301
1301	0.3578676	0.405205994	0.310529206
1302	0.35702295	0.404255239	0.309790661
1303	0.35615545	0.403285468	0.309025432
1304	0.3552003	0.402207146	0.308193454
1305	0.3541974	0.401072102	0.307322698
1306	0.35317965	0.399929279	0.306430021
1307	0.35213585	0.398756207	0.305515493
1308	0.35102565	0.397487104	0.304564196
1309	0.34986635	0.39616259	0.30357011
1310	0.34873565	0.394891524	0.302579776
1311	0.34758605	0.393600183	0.301571917
1312	0.34628545	0.392103215	0.300467685
1313	0.34488755	0.390490902	0.299284198
1314	0.3435021	0.388892086	0.298112114
1315	0.3421251	0.387299808	0.296950392
1316	0.34065005	0.385631211	0.295668889
1317	0.3391143	0.383912804	0.294315796
1318	0.3375754	0.382162261	0.292988539
1319	0.3359828	0.380331403	0.291634197
1320	0.33439745	0.378519153	0.290275747
1321	0.3328388	0.376745276	0.288932324
1322	0.33131835	0.37503092	0.28760578
1323	0.32981655	0.3733528	0.2862803
1324	0.3281929	0.371517623	0.284868177
1325	0.3264568	0.369534006	0.283379594
1326	0.3247067	0.367547375	0.281866025
1327	0.3229584	0.36557802	0.28033878
1328	0.32111635	0.363488617	0.278744083
1329	0.31917145	0.361262314	0.277080586
1330	0.3171408	0.358952255	0.275329345
1331	0.3151436	0.356721364	0.273565836
1332	0.3130542	0.354386432	0.271721968
1333	0.3110216	0.352110914	0.269932286
1334	0.30897535	0.34981502	0.26813568
1335	0.3070501	0.347628471	0.266471729
1336	0.30510595	0.345426378	0.264785522
1337	0.3033871	0.343501337	0.263272863
1338	0.30166325	0.341567498	0.261759002
1339	0.3003096	0.340046127	0.260573073
1340	0.29895015	0.338520164	0.259380136
1341	0.2976621	0.337105795	0.258218405
1342	0.29631005	0.335649014	0.256971086
1343	0.29500665	0.33423006	0.25578324
1344	0.29353165	0.332596842	0.254466458
1345	0.2924609	0.331426791	0.253495009
1346	0.2913638	0.330232456	0.252495144
1347	0.2901514	0.328881626	0.251421174
1348	0.2886124	0.327162712	0.250062088
1349	0.28724365	0.325654255	0.248833045
1350	0.28605435	0.324360508	0.247748192
1351	0.2846589	0.322752957	0.246564843
1352	0.28294725	0.320675413	0.245219087
1353	0.2810207	0.318349387	0.243692013
1354	0.2796377	0.31668728	0.24258812
1355	0.2778396	0.314412267	0.241266933
1356	0.2758085	0.311747927	0.239869073
1357	0.27245475	0.307976124	0.236933376
1358	0.2707276	0.306915263	0.234539937
1359	0.2679497	0.305091879	0.230807521
1360	0.2615022	0.296573839	0.226430561
1361	0.25239275	0.287217431	0.217568069
1362	0.2552024	0.295757117	0.214647683
1363	0.25586915	0.310070537	0.201667763
1364	0.2550942	0.316503495	0.193684905
1365	0.25778865	0.332436521	0.183140779
1366	0.26299655	0.326181863	0.199811237
1367	0.26832925	0.32585095	0.21080755
1368	0.25201095	0.300048141	0.203973759
1369	0.2339225	0.282363643	0.185481357
1370	0.22063455	0.260127893	0.181141207
1371	0.2113874	0.247468394	0.175306406
1372	0.2181626	0.247572881	0.188752319
1373	0.22983265	0.258831787	0.200833513
1374	0.22762825	0.254840946	0.200415554
1375	0.2225302	0.250944232	0.194116168
1376	0.21633565	0.246735363	0.185935937
1377	0.20834305	0.243148709	0.173537391
1378	0.2043813	0.237231984	0.171530616
1379	0.2039888	0.235430682	0.172546918
1380	0.2016896	0.23045899	0.17292021
1381	0.19896495	0.225118832	0.172811068
1382	0.1996832	0.227306231	0.172060169
1383	0.199905	0.229650323	0.170159677
1384	0.1937752	0.223008028	0.164542372
1385	0.1868088	0.217261479	0.156356121
1386	0.17669645	0.206667824	0.146725076
1387	0.1631079	0.191312865	0.134902935
1388	0.15842165	0.186878386	0.129964914
1389	0.1607417	0.188540221	0.132943179
1390	0.1598186	0.186345811	0.133291389
1391	0.15486915	0.17969895	0.13003935
1392	0.1505046	0.175609301	0.125399899
1393	0.1467642	0.172028435	0.121499965
1394	0.1434404	0.168313051	0.118567749
1395	0.13807555	0.160657788	0.115493312
1396	0.1333564	0.154928054	0.111784746
1397	0.1310907	0.151592795	0.110588605
1398	0.12895725	0.148868616	0.109045884
1399	0.12393125	0.142965672	0.104896828
1400	0.11931355	0.138110775	0.100516325
1401	0.11663615	0.13472478	0.09854752
1402	0.11445665	0.132154974	0.096758326
1403	0.1124887	0.12923489	0.09574251
1404	0.11049225	0.126771834	0.094212666
1405	0.1067408	0.122430931	0.091050669
1406	0.1035864	0.118976203	0.088196597
1407	0.1010703	0.116186786	0.085953814
1408	0.09881825	0.113848747	0.083787753
1409	0.09715025	0.112245009	0.082055491
1410	0.09594455	0.111168423	0.080720677
1411	0.0942819	0.10941732	0.07914648
1412	0.0928869	0.107972735	0.077801065
1413	0.0918186	0.106760792	0.076876408
1414	0.09085395	0.105723606	0.075984294
1415	0.0899896	0.10491871	0.07506049
1416	0.08931245	0.104298713	0.074326187
1417	0.08844345	0.103364379	0.073522521
1418	0.08753505	0.102294876	0.072775224
1419	0.08652735	0.101093896	0.071960804
1420	0.085577	0.100058941	0.071095059
1421	0.08492895	0.09940863	0.07044927
1422	0.0844892	0.098987918	0.069990482
1423	0.0840303	0.098495935	0.069564665
1424	0.0834697	0.097814105	0.069125295
1425	0.08301405	0.09727535	0.06875275
1426	0.08273315	0.096977205	0.068489095
1427	0.08232685	0.096518503	0.068135197
1428	0.08184185	0.095984366	0.067699334
1429	0.0815438	0.095667383	0.067420217
1430	0.0813328	0.095389456	0.067276144
1431	0.0810674	0.095055206	0.067079594
1432	0.08069925	0.094647504	0.066750996
1433	0.0803251	0.094260609	0.066389591
1434	0.0800002	0.093928041	0.066072359
1435	0.07967285	0.09356707	0.06577863
1436	0.07936465	0.09324079	0.06548851
1437	0.0790803	0.092958133	0.065202467
1438	0.07887045	0.092647244	0.065093656
1439	0.07870245	0.092386779	0.065018121
1440	0.0785591	0.09222461	0.06489359
1441	0.0784434	0.092096738	0.064790062
1442	0.0784337	0.092102059	0.064765341
1443	0.0784091	0.092106853	0.064711347
1444	0.07834825	0.092081223	0.064615277
1445	0.0783113	0.092058691	0.064563909
1446	0.07833365	0.092052189	0.064615111
1447	0.07834935	0.092063086	0.064635614
1448	0.078442	0.092233096	0.064650904
1449	0.0785513	0.092411952	0.064690648
1450	0.078674	0.092571786	0.064776214
1451	0.07877575	0.092708331	0.064843169
1452	0.07885455	0.092839292	0.064869808
1453	0.07892365	0.092949165	0.064898135
1454	0.07905885	0.093052813	0.065064887
1455	0.0792115	0.093173586	0.065249414
1456	0.07933285	0.093370551	0.065295149
1457	0.0794363	0.09357056	0.06530204
1458	0.07957905	0.09372864	0.06542946
1459	0.07972395	0.093868069	0.065579831
1460	0.0798742	0.094038945	0.065709455
1461	0.08003505	0.094217923	0.065852177
1462	0.0801962	0.094411953	0.065980447
1463	0.08035615	0.094623404	0.066088896
1464	0.0805712	0.094896332	0.066246068
1465	0.0808385	0.095231798	0.066445202
1466	0.0811532	0.095592814	0.066713586
1467	0.0814711	0.095934905	0.067007295
1468	0.08187495	0.096362789	0.067387111
1469	0.0823619	0.096876862	0.067846938
1470	0.08287815	0.097462012	0.068294288
1471	0.08341215	0.098097542	0.068726758
1472	0.08403265	0.098821597	0.069243703
1473	0.08470375	0.099586828	0.069820672
1474	0.0853591	0.100342011	0.070376189
1475	0.085983	0.101085981	0.070880019
1476	0.0865757	0.101789578	0.071361822
1477	0.0871794	0.102489245	0.071869555
1478	0.087832	0.103258161	0.072405839
1479	0.08853945	0.10409535	0.07298355
1480	0.08924185	0.104913906	0.073569794
1481	0.0899251	0.105699243	0.074150957
1482	0.0906219	0.10649892	0.07474488
1483	0.09139375	0.107394098	0.075393402
1484	0.0921808	0.108314573	0.076047027
1485	0.0930112	0.109306486	0.076715914
1486	0.0938131	0.110253285	0.077372915
1487	0.0946011	0.111143998	0.078058202
1488	0.0953751	0.112033023	0.078717177
1489	0.0962264	0.113042585	0.079410215
1490	0.0970332	0.113985269	0.080081131
1491	0.09785755	0.114922991	0.080792109
1492	0.09864545	0.115825722	0.081465178
1493	0.099484	0.116786998	0.082181002
1494	0.10029515	0.117719044	0.082871256
1495	0.1011268	0.118691747	0.083561853
1496	0.1019248	0.119622521	0.084227079
1497	0.10272445	0.120540619	0.084908281
1498	0.10350405	0.121437911	0.085570189
1499	0.10433135	0.12239919	0.08626351
1500	0.10513925	0.123335341	0.086943159
1501	0.10598435	0.124297341	0.087671359
1502	0.1068319	0.125263549	0.088400251
1503	0.1077638	0.126331716	0.089195884
1504	0.10867895	0.127380281	0.089977619
1505	0.10959705	0.128425736	0.090768364
1506	0.11049835	0.129449827	0.091546873
1507	0.11144605	0.130530871	0.092361229
1508	0.1123789	0.131597645	0.093160155
1509	0.1133292	0.132676427	0.093981973
1510	0.11425515	0.133726216	0.094784084
1511	0.1151307	0.134718331	0.095543069
1512	0.11599535	0.135699653	0.096291047
1513	0.11694135	0.136784922	0.097097778
1514	0.11787105	0.13785096	0.09789114
1515	0.11878515	0.138889913	0.098680387
1516	0.11969475	0.139924609	0.099464891
1517	0.12065725	0.141029808	0.100284692
1518	0.121612	0.14212801	0.10109599
1519	0.1225339	0.143170015	0.101897785
1520	0.1234408	0.144192859	0.102688741
1521	0.1243891	0.145282284	0.103495916
1522	0.1253356	0.146371724	0.104299476
1523	0.12627665	0.147444427	0.105108873
1524	0.12720895	0.148507383	0.105910517
1525	0.12813605	0.149559512	0.106712588
1526	0.1290605	0.150606307	0.107514693
1527	0.12997545	0.151641914	0.108308986
1528	0.13088215	0.152669517	0.109094783
1529	0.1317888	0.153699907	0.109877693
1530	0.1326918	0.154726053	0.110657547
1531	0.13357385	0.155718833	0.111428867
1532	0.1344538	0.156707291	0.112200309
1533	0.1353754	0.157743484	0.113007316
1534	0.13630615	0.15879015	0.11382215
1535	0.13718865	0.159796281	0.114581019
1536	0.1380527	0.160785357	0.115320043
1537	0.13893265	0.161787082	0.116078218
1538	0.13981825	0.162794871	0.116841629
1539	0.14068985	0.163784107	0.117595593
1540	0.1415576	0.164767862	0.118347338
1541	0.14244825	0.165765446	0.119131054
1542	0.14334865	0.166767552	0.119929748
1543	0.1442205	0.167755443	0.120685557
1544	0.14508	0.168739174	0.121420826
1545	0.14595995	0.169729755	0.122190145
1546	0.14684235	0.170714841	0.122969859
1547	0.1476646	0.171640429	0.123688771
1548	0.14847015	0.172551455	0.124388845
1549	0.1493091	0.173498388	0.125119812
1550	0.15016915	0.174466858	0.125871442
1551	0.15099015	0.175393509	0.126586791
1552	0.15179015	0.176300229	0.127280071
1553	0.15262535	0.177248782	0.128001918
1554	0.15348235	0.178221809	0.128742891
1555	0.15426155	0.179103953	0.129419147
1556	0.1550019	0.179941127	0.130062673
1557	0.1558151	0.180849502	0.130780698
1558	0.156674	0.181801722	0.131546278
1559	0.1575093	0.182734637	0.132283963
1560	0.15832925	0.183656261	0.133002239
1561	0.15912235	0.184556266	0.133688434
1562	0.1599045	0.185448696	0.134360304
1563	0.16063715	0.186280836	0.134993464
1564	0.1613472	0.187085459	0.135608941
1565	0.16207995	0.18790898	0.13625092
1566	0.1628362	0.188754522	0.136917878
1567	0.1635755	0.189590486	0.137560514
1568	0.1643045	0.190421313	0.138187687
1569	0.1650496	0.191252195	0.138847005
1570	0.16580945	0.192088665	0.139530235
1571	0.16653445	0.192897521	0.140171379
1572	0.16724135	0.193695149	0.140787551
1573	0.16795375	0.194503711	0.141403789
1574	0.16867365	0.195323701	0.142023599
1575	0.16939385	0.196130667	0.142657033
1576	0.1701151	0.196927594	0.143302606
1577	0.17086945	0.197767884	0.143971016
1578	0.17164055	0.198632887	0.144648213
1579	0.1723528	0.199428844	0.145276756
1580	0.1730322	0.200187437	0.145876963
1581	0.17372055	0.20096059	0.14648051
1582	0.1744096	0.201737899	0.147081301
1583	0.1751102	0.202506384	0.147714016
1584	0.175821	0.203271397	0.148370603
1585	0.17652105	0.204047321	0.148994779
1586	0.17721225	0.204826524	0.149597976
1587	0.17787735	0.205568272	0.150186428
1588	0.1785292	0.206291627	0.150766773
1589	0.17920745	0.207048276	0.151366624
1590	0.1799046	0.207827625	0.151981575
1591	0.1805625	0.208564202	0.152560798
1592	0.1811949	0.209272563	0.153117237
1593	0.1818566	0.210008422	0.153704778
1594	0.1825358	0.210760139	0.154311461
1595	0.18320195	0.211514791	0.154889109
1596	0.1838658	0.212280148	0.155451452
1597	0.18454625	0.213040893	0.156051607
1598	0.1852405	0.213799472	0.156681528
1599	0.1859224	0.214555908	0.157288892
1600	0.1865983	0.215312627	0.157883973
1601	0.1872596	0.216041858	0.158477342
1602	0.18791365	0.216757742	0.159069558
1603	0.18854915	0.217455759	0.159642541
1604	0.18917345	0.218141582	0.160205318
1605	0.1898243	0.218850176	0.160798424
1606	0.19049425	0.219575479	0.161413021
1607	0.19114235	0.220280116	0.162004584
1608	0.19177595	0.220970045	0.162581855
1609	0.19237495	0.221633457	0.163116443
1610	0.1929528	0.222279549	0.163626051
1611	0.19356385	0.222962681	0.164165019
1612	0.19419445	0.223668489	0.164720411
1613	0.1948306	0.224375263	0.165285937
1614	0.195469	0.225082324	0.165855676
1615	0.19605855	0.225733593	0.166383507
1616	0.196623	0.226355794	0.166890206
1617	0.19714345	0.226927849	0.167359051
1618	0.19764055	0.227473243	0.167807857
1619	0.19821005	0.228097421	0.168322679
1620	0.19881505	0.228760713	0.168869387
1621	0.19932955	0.22932456	0.16933454
1622	0.1998033	0.229843725	0.169762875
1623	0.2003022	0.230388488	0.170215912
1624	0.20081185	0.230944418	0.170679282
1625	0.20135145	0.231541109	0.171161791
1626	0.2019034	0.232154672	0.171652128
1627	0.2023819	0.232693805	0.172069995
1628	0.2028343	0.233206589	0.172462011
1629	0.20328345	0.233713914	0.172852986
1630	0.203734	0.234222327	0.173245673
1631	0.20416125	0.234690702	0.173631798
1632	0.2045843	0.235150037	0.174018563
1633	0.2050359	0.23566198	0.17440982
1634	0.2054996	0.23619381	0.17480539
1635	0.20590095	0.236633209	0.175168691
1636	0.2062885	0.237051285	0.175525715
1637	0.2066668	0.237481501	0.175852099
1638	0.20704615	0.23791827	0.17617403
1639	0.2074471	0.238340509	0.176553691
1640	0.2078563	0.238763901	0.176948699
1641	0.20817665	0.239115863	0.177237437
1642	0.20848055	0.239455276	0.177505824
1643	0.2088285	0.239854514	0.177802486
1644	0.2091838	0.240263925	0.178103675
1645	0.20945235	0.240564003	0.178340697
1646	0.20971045	0.240850343	0.178570557
1647	0.20991495	0.241086644	0.178743256
1648	0.210113	0.241316817	0.178909183
1649	0.2103957	0.241616263	0.179175137
1650	0.21068855	0.241924708	0.179452392
1651	0.2108816	0.242145639	0.179617561
1652	0.211066	0.242358	0.179774
1653	0.21121375	0.242517178	0.179910322
1654	0.21136125	0.242676928	0.180045572
1655	0.2115033	0.242855319	0.180151281
1656	0.21164085	0.243029233	0.180252467
1657	0.2117679	0.24317811	0.18035769
1658	0.21189465	0.243326726	0.180462574
1659	0.21194705	0.243385576	0.180508524
1660	0.2120036	0.243448431	0.180558769
1661	0.21208025	0.243552492	0.180608008
1662	0.2121504	0.243650043	0.180650757
1663	0.21216615	0.243685547	0.180646753
1664	0.21218495	0.243722607	0.180647293
1665	0.21221735	0.243737	0.1806977
1666	0.2122437	0.243746332	0.180741068
1667	0.21224995	0.243762918	0.180736982
1668	0.2122603	0.243784589	0.180736011
1669	0.2122706	0.243800336	0.180740864
1670	0.2122643	0.243794614	0.180733986
1671	0.21219615	0.243707341	0.180684959
1672	0.21213005	0.243630268	0.180629832
1673	0.212058	0.243581432	0.180534568
1674	0.2119863	0.243524191	0.180448409
1675	0.2119205	0.243442013	0.180398987
1676	0.21184425	0.243352931	0.180335569
1677	0.21173805	0.243241012	0.180235088
1678	0.21163525	0.243129785	0.180140715
1679	0.21154165	0.24301998	0.18006332
1680	0.21140285	0.242867507	0.179938193
1681	0.21117055	0.242629093	0.179712007
1682	0.21093365	0.242366733	0.179500567
1683	0.2106725	0.242040826	0.179304174
1684	0.2104047	0.241746074	0.179063326
1685	0.21015335	0.241534452	0.178772248
1686	0.20989395	0.24128132	0.17850658
1687	0.20961035	0.24095392	0.17826678
1688	0.2093121	0.240606766	0.178017434
1689	0.2089948	0.240232293	0.177757307
1690	0.20867415	0.239856577	0.177491723
1691	0.20835145	0.239480504	0.177222396
1692	0.2080594	0.239165138	0.176953662
1693	0.2077964	0.238909768	0.176683032
1694	0.2074947	0.238580452	0.176408948
1695	0.20716355	0.238191754	0.176135346
1696	0.20681405	0.237799182	0.175828918
1697	0.2064436	0.237394166	0.175493034
1698	0.20611355	0.237029999	0.175197101
1699	0.20580385	0.236688295	0.174919405
1700	0.20549365	0.236338932	0.174648368
1701	0.2051937	0.235994598	0.174392802
1702	0.2048509	0.235621979	0.174079821
1703	0.20448235	0.235232791	0.173731909
1704	0.2040744	0.234804192	0.173344608
1705	0.20365135	0.23435716	0.17294554
1706	0.20324915	0.233903032	0.172595268
1707	0.20284745	0.233443407	0.172251493
1708	0.20242045	0.232976564	0.171864336
1709	0.20198295	0.232501847	0.171464053
1710	0.2016001	0.232077548	0.171122652
1711	0.201217	0.231650731	0.170783269
1712	0.20074825	0.231111969	0.170384531
1713	0.20027015	0.230559954	0.169980346
1714	0.19988165	0.230138958	0.169624342
1715	0.1994968	0.229728749	0.169264851
1716	0.19898175	0.229174418	0.168789082
1717	0.198464	0.228614822	0.168313178
1718	0.19807985	0.228189798	0.167969902
1719	0.19768085	0.227750446	0.167611254
1720	0.197187	0.227220277	0.167153723
1721	0.19669205	0.2266905	0.1666936
1722	0.1962062	0.226164308	0.166248092
1723	0.19571555	0.225628574	0.165802526
1724	0.19528015	0.225133905	0.165426395
1725	0.1948383	0.22463066	0.16504594
1726	0.194408	0.224140675	0.164675325
1727	0.1939939	0.223670477	0.164317323
1728	0.1935614	0.223166926	0.163955874
1729	0.19312625	0.222658269	0.163594231
1730	0.1927548	0.222240154	0.163269446
1731	0.19238335	0.221832731	0.162933969
1732	0.1920135	0.221431208	0.162595792
1733	0.1916224	0.220979578	0.162265222
1734	0.19121675	0.220474378	0.161959122
1735	0.1908167	0.219990727	0.161642673
1736	0.19040835	0.219521878	0.161294822
1737	0.1900444	0.21910596	0.16098284
1738	0.18972945	0.218742134	0.160716766
1739	0.18932475	0.218269485	0.160380015
1740	0.18885285	0.217718317	0.159987383
1741	0.1884094	0.217208724	0.159610076
1742	0.18796625	0.216703957	0.159228543
1743	0.1874717	0.216128025	0.158815375
1744	0.1869545	0.215519706	0.158389294
1745	0.1864053	0.214902936	0.157907664
1746	0.18584295	0.214286615	0.157399285
1747	0.1852894	0.213659832	0.156918968
1748	0.1847248	0.213014316	0.156435284
1749	0.18412035	0.212322602	0.155918098
1750	0.18349475	0.211598401	0.155391099
1751	0.1828395	0.21084518	0.15483382
1752	0.18219325	0.210117926	0.154268574
1753	0.18152965	0.209383833	0.153675467
1754	0.1808555	0.208619846	0.153091154
1755	0.1802957	0.207946881	0.152644519
1756	0.17974205	0.207298633	0.152185467
1757	0.17919955	0.206702337	0.151696763
1758	0.17865065	0.206091133	0.151210167
1759	0.178061	0.205407017	0.150714983
1760	0.1774498	0.204691505	0.150208095
1761	0.1768926	0.204034831	0.149750369
1762	0.17634865	0.203405032	0.149292268
1763	0.17581735	0.202814109	0.148820591
1764	0.17525765	0.202183967	0.148331333
1765	0.17470865	0.201561226	0.147856074
1766	0.1741803	0.200970431	0.147390169
1767	0.17368775	0.200426274	0.146949226
1768	0.17322175	0.199921274	0.146522226
1769	0.1728349	0.199523786	0.146146014
1770	0.1723821	0.199017933	0.145746267
1771	0.17184995	0.198388864	0.145311036
1772	0.17146015	0.197935875	0.144984425
1773	0.17122375	0.197668801	0.144778699
1774	0.17092875	0.197307976	0.144549524
1775	0.1705754	0.196841256	0.144309544
1776	0.1701445	0.196298018	0.143990982
1777	0.16967855	0.195729837	0.143627263
1778	0.16938915	0.195400769	0.143377531
1779	0.1691817	0.195194761	0.143168639
1780	0.16887115	0.19488787	0.14285443
1781	0.1684871	0.194493342	0.142480858
1782	0.1681192	0.194038662	0.142199738
1783	0.16776915	0.193590468	0.141947832
1784	0.16768335	0.193516758	0.141849942
1785	0.16763815	0.193489305	0.141786995
1786	0.1675774	0.193380863	0.141773937
1787	0.1675006	0.193262282	0.141738918
1788	0.167229	0.192960618	0.141497382
1789	0.16693825	0.192629229	0.141247271
1790	0.16683335	0.192487404	0.141179296
1791	0.166665	0.192289345	0.141040655
1792	0.166313	0.191928485	0.140697515
1793	0.16598225	0.191593228	0.140371272
1794	0.16571395	0.191247132	0.140180768
1795	0.16545445	0.190913071	0.139995829
1796	0.165414	0.190895384	0.139932616
1797	0.16536575	0.190883278	0.139848222
1798	0.16513785	0.190662763	0.139612937
1799	0.1648384	0.190294504	0.139382296
1800	0.1646644	0.189906071	0.139422729
1801	0.14849925	0.17682629	0.12017221
1802	0.15029575	0.17681596	0.12377554
1803	0.15027705	0.175985842	0.124568258
1804	0.15011405	0.17693855	0.12328955
1805	0.14860125	0.176576635	0.120625865
1806	0.14585085	0.174374551	0.117327149
1807	0.14480865	0.174447579	0.115169721
1808	0.14399335	0.17744635	0.11054035
1809	0.1363478	0.171293232	0.101402368
1810	0.13266895	0.169371392	0.095966508
1811	0.13257895	0.173901225	0.091256675
1812	0.13154345	0.17573035	0.08735655
1813	0.12630605	0.169999208	0.082612892
1814	0.11768395	0.15661164	0.07875626
1815	0.110936	0.148646585	0.073225415
1816	0.10938505	0.14558694	0.07318316
1817	0.10502465	0.143347141	0.066702159
1818	0.10147905	0.14631911	0.05663899
1819	0.09826715	0.145758099	0.050776201
1820	0.0901065	0.133183902	0.047029098
1821	0.0805449	0.118882341	0.042207459
1822	0.07561705	0.113895007	0.037339093
1823	0.0760799	0.119320637	0.032839163
1824	0.0731256	0.127348557	0.018902643
1825	0.0546842	0.097767201	0.011601199
1826	0.0411195	0.081182783	0.001056217
1827	0.04430575	0.087203247	0.001408253
1828	0.04863035	0.096356043	0.000904657
1829	0.0416658	0.078467894	0.004863706
1830	0.0331532	0.062924779	0.003381621
1831	0.0331045	0.084290757	-0.018081757
1832	0.0395665	0.107214203	-0.028081203
1833	0.03219225	0.097012925	-0.032628425
1834	0.04902395	0.161349617	-0.063301717
1835	0.20558005	0.66079035	-0.24963025
1836	0.49738015	1.340180616	-0.345420316
1837	1.3471123	3.737720136	-1.043495536
1838	0	0	0
1839	0	0	0
1840	0	0	0
1841	0	0	0
1842	0	0	0
1843	0	0	0
1844	0.51318105	1.669243586	-0.642881486
1845	0.28539285	0.755852779	-0.185067079
1846	0.31085285	0.944083655	-0.322377955
1847	0.2436055	0.827123652	-0.339912652
1848	0.1231997	0.431270511	-0.184871111
1849	0.07999095	0.283262764	-0.123280864
1850	0.07651045	0.299654653	-0.146633753
1851	0.07510735	0.308394728	-0.158180028
1852	0.0839184	0.280877613	-0.113040813
1853	0.11570645	0.445341006	-0.213928106
1854	0.16353375	0.574745693	-0.247678193
1855	0.09349055	0.289659077	-0.102677977
1856	0.05971165	0.198167141	-0.078743841
1857	0.06930265	0.220766915	-0.082161615
1858	0.13698545	0.388825671	-0.114854771
1859	0.2265358	0.702104146	-0.249032546
1860	0.14013285	0.450412224	-0.170146524
1861	0.141102	0.487558065	-0.205354065
1862	2.70494825	10.8099	-5.400003498
1863	0	0	0
1864	0	0	0
1865	0.40824285	1.420961959	-0.604476259
1866	0.08672105	0.289190318	-0.115748218
1867	0.0562165	0.186613251	-0.074180251
1868	0.12432345	0.519338885	-0.270691985
1869	0	0	0
1870	0	0	0
1871	1.9896447	9.736429786	-5.757140386
1872	0.13300115	0.508574948	-0.242572648
1873	0.0962981	0.36961107	-0.17701487
1874	0.0589821	0.188810222	-0.070846022
1875	0.043108	0.123429332	-0.037213332
1876	0.04331005	0.127676889	-0.041056789
1877	0.0494496	0.162241604	-0.063342404
1878	0.03429145	0.115453695	-0.046870795
1879	0.02326575	0.06817092	-0.02163942
1880	0.02396895	0.057608691	-0.009670791
1881	0.02411425	0.050424723	-0.002196223
1882	0.0213201	0.053148537	-0.010508337
1883	0.02493285	0.068457435	-0.018591735
1884	0.03728635	0.140212351	-0.065639651
1885	0.0273273	0.096032639	-0.041378039
1886	0.0140092	0.043465492	-0.015447092
1887	0.0136675	0.040890285	-0.013555285
1888	0.0160697	0.046395663	-0.014256263
1889	0.013216	0.036272257	-0.009840257
1890	0.01562235	0.043757012	-0.012512312
1891	0.0200464	0.070969585	-0.030876785
1892	0.01676225	0.052358628	-0.018834128
1893	0.01477135	0.043337964	-0.013795264
1894	0.0268259	0.061361824	-0.007710024
1895	0.0397543	0.100042227	-0.020533627
1896	0.03915375	0.098550142	-0.020242642
1897	0.0310976	0.08594834	-0.02375314
1898	0.02086495	0.071080775	-0.029350875
1899	0.0151525	0.047308557	-0.017003557
1900	0.009576	0.039845856	-0.020693856
1901	0.00792245	0.028301137	-0.012456237
1902	0.00547995	0.027453581	-0.016493681
1903	0.0047742	0.02337099	-0.01382259
1904	0.00332525	0.013588538	-0.006938038
1905	0.0143146	0.05838232	-0.02975312
1906	0.0827274	0.387371601	-0.221916801
1907	0.1688211	0.695179163	-0.357536963
1908	0.12299485	0.486436597	-0.240446897
1909	0.04913195	0.194918	-0.0966541
1910	0.01333755	0.049151207	-0.022476107
1911	0.00291855	0.014833397	-0.008996297
1912	0.0041919	0.018398229	-0.010014429
1913	0.00539295	0.022242512	-0.011456612
1914	0.00860715	0.037514377	-0.020300077
1915	0.0129518	0.061275001	-0.035371401
1916	0.0089076	0.038553115	-0.020737915
1917	0.0042933	0.013622493	-0.005035893
1918	0.0021614	0.007212089	-0.002889289
1919	0.00114525	0.003549481	-0.001258981
1920	0.00041445	0.001906639	-0.001077739
1921	0.0010341	0.004303843	-0.002235643
1922	0.0015827	0.007333493	-0.004168093
1923	0.00154885	0.005355727	-0.002258027
1924	0.0014458	0.004313333	-0.001421733
1925	0.00184205	0.005300017	-0.001615917
1926	0.00222445	0.007757067	-0.003308167
1927	0.0023028	0.007028166	-0.002422566
1928	0.00233005	0.006726684	-0.002066584
1929	0.00229925	0.006709863	-0.002111363
1930	0.00261045	0.006548022	-0.001327122
1931	0.00309705	0.008748461	-0.002554361
1932	0.00368815	0.008751971	-0.001375671
1933	0.00415655	0.010275961	-0.001962861
1934	0.00561205	0.011343917	-0.000119817
1935	0.00704815	0.013868328	0.000227972
1936	0.00718485	0.014088832	0.000280868
1937	0.00653895	0.013450749	-0.000372849
1938	0.0062894	0.01277028	-0.00019148
1939	0.0067638	0.012847543	0.000680057
1940	0.0076707	0.014192457	0.001148943
1941	0.0097238	0.017532628	0.001914972
1942	0.011448	0.0207259	0.0021701
1943	0.01165255	0.019978667	0.003326433
1944	0.0118085	0.020241402	0.003375598
1945	0.01231195	0.020832856	0.003791044
1946	0.0129204	0.022166405	0.003674395
1947	0.01386185	0.022923074	0.004800626
1948	0.0149725	0.023627976	0.006317024
1949	0.016018	0.024455904	0.007580096
1950	0.01693825	0.025052908	0.008823592
1951	0.0175061	0.025693245	0.009318955
1952	0.01687855	0.024539465	0.009217635
1953	0.0162895	0.024010561	0.008568439
1954	0.01746375	0.024838348	0.010089152
1955	0.01858385	0.026264595	0.010903105
1956	0.01987615	0.027448715	0.012303585
1957	0.02109825	0.029176572	0.013019928
1958	0.02200205	0.030472473	0.013531627
1959	0.02263855	0.031435499	0.013841601
1960	0.02341195	0.032330228	0.014493672
1961	0.0244543	0.032932529	0.015976071
1962	0.0253532	0.033703021	0.017003379
1963	0.02630125	0.034626587	0.017975913
1964	0.0271094	0.035559945	0.018658855
1965	0.0277073	0.035878959	0.019535641
1966	0.02820735	0.036239743	0.020174957
1967	0.0287649	0.036864029	0.020665771
1968	0.02930155	0.037617423	0.020985677
1969	0.02973015	0.03812998	0.02133032
1970	0.0300822	0.038413339	0.021751061
1971	0.03050655	0.038792087	0.022221013
1972	0.03113065	0.03941787	0.02284343
1973	0.0317168	0.04002281	0.02341079
1974	0.03220065	0.040472396	0.023928904
1975	0.0326507	0.04095469	0.02434671
1976	0.0329818	0.041281376	0.024682224
1977	0.0333043	0.041605183	0.025003417
1978	0.03352075	0.042027553	0.025013947
1979	0.03368825	0.042511897	0.024864603
1980	0.0338718	0.042984681	0.024758919
1981	0.0340556	0.043429827	0.024681373
1982	0.03428835	0.043811875	0.024764825
1983	0.0346325	0.044100409	0.025164591
1984	0.03496865	0.044409374	0.025527926
1985	0.03540825	0.044744934	0.026071566
1986	0.03584415	0.045109093	0.026579207
1987	0.03608065	0.045230783	0.026930517
1988	0.0362874	0.045339544	0.027235256
1989	0.03657525	0.045464948	0.027685552
1990	0.03692245	0.045679762	0.028165138
1991	0.03719275	0.045962926	0.028422574
1992	0.03735955	0.046236758	0.028482342
1993	0.03742435	0.046448716	0.028399984
1994	0.03733215	0.046558095	0.028106205
1995	0.03730415	0.046798433	0.027809867
1996	0.0373955	0.047036959	0.027754041
1997	0.0374893	0.047327275	0.027651325
1998	0.0375629	0.047246026	0.027879774
1999	0.0376759	0.047249745	0.028102055
2000	0.0380266	0.047604039	0.028449161
2001	0.0384965	0.048064551	0.028928449
2002	0.03868955	0.048289952	0.029089148
2003	0.0386125	0.04837284	0.02885216
2004	0.03862785	0.048684523	0.028571177
2005	0.03891345	0.049353422	0.028473478
2006	0.03929895	0.050167393	0.028430507
2007	0.0398774	0.05072428	0.02903052
2008	0.04040645	0.051280991	0.029531909
2009	0.04106305	0.05170504	0.03042106
2010	0.0417492	0.052286638	0.031211762
2011	0.04225435	0.052497354	0.032011346
2012	0.04262265	0.052690204	0.032555096
2013	0.04298855	0.053136	0.0328411
2014	0.04320575	0.053543944	0.032867556
2015	0.04365695	0.054131122	0.033182778
2016	0.04449595	0.054973932	0.034017968
2017	0.04520655	0.055740178	0.034672922
2018	0.04581645	0.056502365	0.035130535
2019	0.04636675	0.057236698	0.035496802
2020	0.04690795	0.057824608	0.035991292
2021	0.04740195	0.058374826	0.036429074
2022	0.04805305	0.058910196	0.037195904
2023	0.04864135	0.059402038	0.037880662
2024	0.0490021	0.059813688	0.038190512
2025	0.0492956	0.060257159	0.038334041
2026	0.0496159	0.060669356	0.038562444
2027	0.04990545	0.060953537	0.038857363
2028	0.05010535	0.061101496	0.039109204
2029	0.0503209	0.061224389	0.039417411
2030	0.0505786	0.061453334	0.039703866
2031	0.0508004	0.061742297	0.039858503
2032	0.0509924	0.062009214	0.039975586
2033	0.0511212	0.062140593	0.040101807
2034	0.0512571	0.062270634	0.040243566
2035	0.05157055	0.062553699	0.040587401
2036	0.05189245	0.062886652	0.040898248
2037	0.05213305	0.063171403	0.041094697
2038	0.0523152	0.063466893	0.041163507
2039	0.05248305	0.063740312	0.041225788
2040	0.0527547	0.064039638	0.041469762
2041	0.0530775	0.064383651	0.041771349
2042	0.05341755	0.064759138	0.042075962
2043	0.05375925	0.065157619	0.042360881
2044	0.0540568	0.06544484	0.04266876
2045	0.0543545	0.065741073	0.042967927
2046	0.05445815	0.06590418	0.04301212
2047	0.05450425	0.066024732	0.042983768
2048	0.05451365	0.066038648	0.042988652
2049	0.05452155	0.066118788	0.042924312
2050	0.0544783	0.066101815	0.042854785
2051	0.05451555	0.066086589	0.042944511
2052	0.054653	0.066214275	0.043091725
2053	0.05487135	0.066483027	0.043259673
2054	0.05511095	0.066773914	0.043447986
2055	0.05532045	0.066942395	0.043698505
2056	0.055573	0.067195365	0.043950635
2057	0.05591725	0.067752645	0.044081855
2058	0.05625175	0.068333259	0.044170241
2059	0.05665145	0.068831112	0.044471788
2060	0.0571018	0.069341225	0.044862375
2061	0.05748865	0.069791026	0.045186274
2062	0.05786525	0.070309442	0.045421058
2063	0.0581955	0.070681177	0.045709823
2064	0.05848805	0.070951765	0.046024335
2065	0.0588223	0.071301395	0.046343205
2066	0.05910725	0.071584995	0.046629505
2067	0.05932625	0.071760014	0.046892486
2068	0.05955815	0.071940758	0.047175542
2069	0.05987035	0.072276861	0.047463839
2070	0.0602783	0.072875934	0.047680666
2071	0.0606306	0.073438771	0.047822429
2072	0.0608731	0.073829149	0.047917051
2073	0.0611293	0.07418493	0.04807367
2074	0.06138405	0.074390027	0.048378073
2075	0.06163	0.074641575	0.048618425
2076	0.062037	0.075050063	0.049023937
2077	0.0624732	0.075525596	0.049420804
2078	0.0628104	0.075977659	0.049643141
2079	0.0630974	0.076417415	0.049777385
2080	0.0633289	0.076752265	0.049905535
2081	0.06361895	0.076973982	0.050263918
2082	0.0639177	0.077224678	0.050610722
2083	0.06417635	0.077353708	0.050998992
2084	0.06444	0.07750283	0.05137717
2085	0.06477975	0.077887977	0.051671523
2086	0.0651256	0.078314201	0.051936999
2087	0.06553345	0.07876033	0.05230657
2088	0.0659535	0.079294288	0.052612712
2089	0.06625075	0.07963696	0.05286454
2090	0.0664443	0.079833979	0.053054621
2091	0.0666107	0.080065162	0.053156238
2092	0.0669008	0.080395252	0.053406348
2093	0.067283	0.08088459	0.05368141
2094	0.06767025	0.081442382	0.053898118
2095	0.068059	0.082003897	0.054114103
2096	0.06843075	0.082548041	0.054313459
2097	0.0687897	0.083070705	0.054508695
2098	0.0691166	0.083520584	0.054712616
2099	0.0694293	0.083961407	0.054897193
2100	0.0696866	0.084270554	0.055102646
2101	0.06995235	0.0845704	0.0553343
2102	0.0702131	0.084746081	0.055680119
2103	0.07048435	0.084888495	0.056080205
2104	0.0708397	0.085297397	0.056382003
2105	0.07114255	0.08579504	0.05649006
2106	0.0713595	0.086113061	0.056605939
2107	0.07158975	0.086400552	0.056778948
2108	0.07192825	0.08682128	0.05703522
2109	0.07232805	0.087325485	0.057330615
2110	0.0726793	0.087770642	0.057587958
2111	0.07299775	0.087966936	0.058028564
2112	0.0733269	0.088163342	0.058490458
2113	0.07363255	0.088536361	0.058728739
2114	0.07392955	0.088966667	0.058892433
2115	0.07437275	0.089539775	0.059205725
2116	0.0749002	0.090235204	0.059565196
2117	0.075239	0.090712216	0.059765784
2118	0.075451	0.090988094	0.059913906
2119	0.07568815	0.091286073	0.060090227
2120	0.07602335	0.091680099	0.060366601
2121	0.07637495	0.092065181	0.060684719
2122	0.07662835	0.092283115	0.060973585
2123	0.0768754	0.092496357	0.061254443
2124	0.07720175	0.09285165	0.06155185
2125	0.0775007	0.093231405	0.061769995
2126	0.077804	0.093711585	0.061896415
2127	0.0781324	0.094175951	0.062088849
2128	0.07843885	0.094418116	0.062459584
2129	0.0787308	0.094631896	0.062829704
2130	0.0791439	0.095065766	0.063222034
2131	0.0795419	0.095535503	0.063548297
2132	0.079892	0.096015061	0.063768939
2133	0.08028815	0.096538158	0.064038142
2134	0.08050545	0.096803227	0.064207673
2135	0.08055685	0.096782989	0.064330711
2136	0.08074135	0.096959124	0.064523576
2137	0.0811637	0.097482683	0.064844717
2138	0.08158515	0.098009486	0.065160814
2139	0.08192885	0.098485904	0.065371796
2140	0.08221795	0.098870627	0.065565273
2141	0.08238935	0.099007675	0.065771025
2142	0.082522	0.099114526	0.065929474
2143	0.082651	0.099347894	0.065954106
2144	0.08283905	0.099656548	0.066021552
2145	0.08310795	0.099867836	0.066348064
2146	0.083324	0.099985614	0.066662386
2147	0.08357615	0.100244292	0.066908008
2148	0.08387275	0.100588401	0.067157099
2149	0.084053	0.10088278	0.06722322
2150	0.08423535	0.101193107	0.067277593
2151	0.0844429	0.10142163	0.06746417
2152	0.084546	0.10138132	0.06771068
2153	0.0846554	0.101377951	0.067932849
2154	0.08477005	0.101526321	0.068013779
2155	0.08489595	0.101712542	0.068079358
2156	0.0851773	0.102032394	0.068322206
2157	0.08546905	0.102339497	0.068598603
2158	0.0857229	0.10266331	0.06878249
2159	0.08600895	0.103054123	0.068963777
2160	0.08634255	0.103377229	0.069307871
2161	0.08661015	0.103584236	0.069636064
2162	0.08669215	0.10370736	0.06967694
2163	0.08679815	0.103890406	0.069705894
2164	0.0868973	0.103951176	0.069843424
2165	0.087074	0.104132248	0.070015752
2166	0.08728985	0.104394324	0.070185376
2167	0.0874097	0.104570014	0.070249386
2168	0.0875025	0.104721169	0.070283831
2169	0.0875631	0.104753729	0.070372471
2170	0.08767775	0.104837054	0.070518446
2171	0.08789345	0.104965015	0.070821885
2172	0.08804015	0.105065971	0.071014329
2173	0.08806715	0.105133525	0.071000775
2174	0.0881398	0.105234655	0.071044945
2175	0.08826935	0.105347858	0.071190842
2176	0.08840895	0.105459461	0.071358439
2177	0.08872695	0.105733883	0.071720017
2178	0.08909305	0.106075534	0.072110566
2179	0.08929075	0.106293997	0.072287503
2180	0.0894552	0.10650392	0.07240648
2181	0.08955895	0.10674315	0.07237475
2182	0.0896844	0.10701212	0.07235668
2183	0.0899466	0.107312758	0.072580442
2184	0.09023195	0.107599533	0.072864367
2185	0.09053085	0.107919242	0.073142458
2186	0.0906979	0.108204429	0.073191371
2187	0.0908634	0.108485368	0.073241432
2188	0.09100655	0.108615741	0.073397359
2189	0.0910457	0.108654755	0.073436645
2190	0.0910787	0.108723657	0.073433743
2191	0.09110815	0.10879881	0.07341749
2192	0.0911569	0.108838334	0.073475466
2193	0.0912292	0.108863628	0.073594772
2194	0.09133025	0.108870141	0.073790359
2195	0.09143155	0.108919079	0.073944021
2196	0.09145175	0.108998406	0.073905094
2197	0.0914066	0.109004517	0.073808683
2198	0.0915019	0.109015688	0.073988112
2199	0.0916859	0.109135893	0.074235907
2200	0.09181085	0.109210677	0.074411023
2201	0.0919746	0.109299587	0.074649613
2202	0.09218275	0.109580722	0.074784778
2203	0.09229065	0.10980767	0.07477363
2204	0.09228205	0.109800713	0.074763387
2205	0.0920939	0.109500333	0.074687467
2206	0.0919499	0.109242279	0.074657521
2207	0.09204525	0.109356799	0.074733701
2208	0.09212015	0.109485748	0.074754552
2209	0.0921627	0.109631182	0.074694218
2210	0.09227655	0.109833766	0.074719334
2211	0.0924084	0.109928635	0.074888165
2212	0.0924969	0.109977762	0.075016038
2213	0.09260385	0.11013252	0.07507518
2214	0.09271075	0.110309861	0.075111639
2215	0.09272575	0.110379854	0.075071646
2216	0.0927898	0.110510362	0.075069238
2217	0.09292855	0.110570429	0.075286671
2218	0.09300505	0.110529497	0.075480603
2219	0.09281045	0.110392891	0.075228009
2220	0.0925319	0.110202171	0.074861629
2221	0.09229395	0.110000031	0.074587869
2222	0.09212635	0.109882942	0.074369758
2223	0.09205795	0.109854382	0.074261518
2224	0.091983	0.109722499	0.074243501
2225	0.0919142	0.109587327	0.074241073
2226	0.09177265	0.10940899	0.07413631
2227	0.09164625	0.109203077	0.074089423
2228	0.0916219	0.108948248	0.074295552
2229	0.09156115	0.108694258	0.074428042
2230	0.0915034	0.108568704	0.074438096
2231	0.09139935	0.108412579	0.074386121
2232	0.0910139	0.108025778	0.074002022
2233	0.09058825	0.107638371	0.073538129
2234	0.0902788	0.10739061	0.07316699
2235	0.09000375	0.107172967	0.072834533
2236	0.08970675	0.106859406	0.072554094
2237	0.0893331	0.106420748	0.072245452
2238	0.088959	0.105913886	0.072004114
2239	0.0886277	0.105468457	0.071786943
2240	0.0881971	0.105050956	0.071343244
2241	0.0878222	0.104725354	0.070919046
2242	0.0873582	0.104216487	0.070499913
2243	0.08678045	0.103512672	0.070048228
2244	0.08624435	0.1028161	0.0696726
2245	0.0858962	0.102437771	0.069354629
2246	0.08563795	0.102231024	0.069044876
2247	0.08531845	0.101901869	0.068735031
2248	0.08494515	0.101504981	0.068385319
2249	0.0844652	0.100948567	0.067981833
2250	0.0840184	0.100456783	0.067580017
2251	0.0837305	0.100179096	0.067281904
2252	0.08346745	0.099903832	0.067031068
2253	0.08308435	0.0993704	0.0667983
2254	0.0826478	0.09875078	0.06654482
2255	0.0823107	0.098328811	0.066292589
2256	0.08201855	0.098028468	0.066008632
2257	0.08157245	0.097435137	0.065709763
2258	0.0810714	0.096718474	0.065424326
2259	0.0804572	0.096099287	0.064815113
2260	0.0798988	0.095606157	0.064191443
2261	0.07945065	0.09506663	0.06383467
2262	0.0788315	0.094289425	0.063373575
2263	0.07831755	0.093783644	0.062851456
2264	0.0778086	0.093388889	0.062228311
2265	0.07742165	0.093061496	0.061781804
2266	0.07729905	0.092935344	0.061662756
2267	0.0769966	0.092586363	0.061406837
2268	0.07651655	0.092131454	0.060901646
2269	0.0761005	0.091679474	0.060521526
2270	0.07583375	0.091142642	0.060524858
2271	0.0756082	0.090727188	0.060489212
2272	0.0753752	0.090493797	0.060256603
2273	0.07519105	0.090343706	0.060038394
2274	0.07505035	0.090126816	0.059973884
2275	0.07481055	0.089776064	0.059845036
2276	0.07445035	0.089390974	0.059509726
2277	0.07407005	0.089035277	0.059104823
2278	0.0734936	0.088506517	0.058480683
2279	0.07293745	0.08800451	0.05787039
2280	0.07283465	0.087862766	0.057806534
2281	0.07282795	0.087777627	0.057878273
2282	0.0726815	0.08755708	0.05780592
2283	0.072441	0.087297392	0.057584608
2284	0.0720632	0.086766002	0.057360398
2285	0.0715932	0.086069759	0.057116641
2286	0.0711392	0.08534531	0.05693309
2287	0.0707245	0.084627247	0.056821753
2288	0.07047005	0.084369786	0.056570314
2289	0.07029875	0.084420171	0.056177329
2290	0.0700842	0.084263352	0.055905048
2291	0.07002605	0.084131176	0.055920924
2292	0.06987045	0.083908166	0.055832734
2293	0.0695387	0.083538768	0.055538632
2294	0.0693319	0.0832243	0.0554395
2295	0.06924335	0.082919943	0.055566757
2296	0.06907685	0.082589976	0.055563724
2297	0.0688676	0.082330658	0.055404542
2298	0.06857665	0.0819722	0.0551811
2299	0.0679106	0.081128271	0.054692929
2300	0.0672813	0.080383146	0.054179454
2301	0.06684125	0.079998444	0.053684056
2302	0.0663972	0.079654211	0.053140189
2303	0.06589745	0.079310413	0.052484487
2304	0.0654268	0.079026894	0.051826706
2305	0.06516	0.078929819	0.051390181
2306	0.0649376	0.078869667	0.051005533
2307	0.06472275	0.078692153	0.050753347
2308	0.0645192	0.078453136	0.050585264
2309	0.0641438	0.077869564	0.050418036
2310	0.0636483	0.077167417	0.050129183
2311	0.06329115	0.076590216	0.049992084
2312	0.0630723	0.076218538	0.049926062
2313	0.0629919	0.075875105	0.050108695
2314	0.06308015	0.075501429	0.050658871
2315	0.06298175	0.075213764	0.050749736
2316	0.06266805	0.074997068	0.050339032
2317	0.0623126	0.074752083	0.049873117
2318	0.06197575	0.074661451	0.049290049
2319	0.06174765	0.074562318	0.048932982
2320	0.06153255	0.074145333	0.048919767
2321	0.0613584	0.073853331	0.048863469
2322	0.06115645	0.073545543	0.048767357
2323	0.06103205	0.073262026	0.048802074
2324	0.0609602	0.073001869	0.048918531
2325	0.06073025	0.072619005	0.048841495
2326	0.06041525	0.072362638	0.048467862
2327	0.0601914	0.072255251	0.048127549
2328	0.06004355	0.072185492	0.047901608
2329	0.059882	0.072072994	0.047691006
2330	0.05971755	0.071725876	0.047709224
2331	0.0594806	0.071292405	0.047668795
2332	0.0589901	0.070879271	0.047100929
2333	0.0584796	0.070520152	0.046439048
2334	0.05798485	0.069792881	0.046176819
2335	0.0575008	0.069017321	0.045984279
2336	0.05727125	0.068831392	0.045711108
2337	0.05711175	0.068835071	0.045388429
2338	0.0569713	0.068778047	0.045164553
2339	0.05680045	0.0686666	0.0449343
2340	0.0566615	0.068472647	0.044850353
2341	0.05660145	0.068270335	0.044932565
2342	0.05636005	0.067716921	0.045003179
2343	0.0559869	0.067156717	0.044817083
2344	0.0554638	0.066626553	0.044301047
2345	0.0547698	0.0658437	0.0436959
2346	0.05435615	0.065367761	0.043344539
2347	0.0541606	0.065313158	0.043008042
2348	0.05388095	0.065249669	0.042512231
2349	0.05355695	0.065295484	0.041818416
2350	0.05317885	0.065019067	0.041338633
2351	0.0530418	0.06445549	0.04162811
2352	0.05285805	0.063988446	0.041727654
2353	0.05247365	0.063463801	0.041483499
2354	0.05228995	0.0631997	0.0413802
2355	0.05234825	0.063336456	0.041360044
2356	0.0523957	0.06343037	0.04136103
2357	0.0521854	0.063106513	0.041264287
2358	0.0518998	0.062659453	0.041140147
2359	0.05141925	0.062100931	0.040737569
2360	0.0510163	0.061693997	0.040338603
2361	0.0509909	0.061736998	0.040244802
2362	0.0508248	0.061688429	0.039961171
2363	0.0503119	0.060873227	0.039750573
2364	0.0498553	0.060062149	0.039648451
2365	0.04961155	0.05968039	0.03954271
2366	0.04939825	0.059444481	0.039352019
2367	0.04918225	0.059356962	0.039007538
2368	0.0489021	0.059283198	0.038521002
2369	0.0483431	0.058712727	0.037973473
2370	0.04772445	0.058094546	0.037354354
2371	0.04760525	0.058110879	0.037099621
2372	0.04765725	0.058382086	0.036932414
2373	0.04770685	0.058324208	0.037089492
2374	0.0477135	0.058190454	0.037236546
2375	0.04734815	0.057905444	0.036790856
2376	0.04681105	0.057558234	0.036063866
2377	0.0463436	0.05710894	0.03557826
2378	0.045985	0.056613978	0.035356022
2379	0.04568285	0.055882117	0.035483583
2380	0.04549755	0.055393954	0.035601146
2381	0.04510145	0.054701351	0.035501549
2382	0.0445602	0.054076669	0.035043731
2383	0.04415635	0.053702762	0.034609938
2384	0.04383735	0.053385015	0.034289685
2385	0.0434604	0.052977506	0.033943294
2386	0.042983	0.052349101	0.033616899
2387	0.0427763	0.051968878	0.033583722
2388	0.04276115	0.051917865	0.033604435
2389	0.0426404	0.051752128	0.033528672
2390	0.04246115	0.051509978	0.033412322
2391	0.04224825	0.051353797	0.033142703
2392	0.0420965	0.051274213	0.032918787
2393	0.0419981	0.051260324	0.032735876
2394	0.041722	0.050865747	0.032578253
2395	0.0414968	0.050544323	0.032449277
2396	0.0414044	0.050670242	0.032138558
2397	0.0412376	0.050866655	0.031608545
2398	0.04113575	0.050960869	0.031310631
2399	0.04107145	0.051071573	0.031071327
2400	0.04069785	0.050359449	0.031036251
2401	0.0402473	0.049542593	0.030952007
2402	0.04002085	0.049100824	0.030940876
2403	0.039752	0.048755252	0.030748748
2404	0.03941655	0.047759439	0.031073661
2405	0.0390347	0.046965576	0.031103824
2406	0.0382691	0.046394724	0.030143476
2407	0.0375248	0.045972203	0.029077397
2408	0.03696315	0.0453291	0.0285972
2409	0.036234	0.044581904	0.027886096
2410	0.0353345	0.04361361	0.02705539
2411	0.0344108	0.042673636	0.026147964
2412	0.0332617	0.041205449	0.025317951
2413	0.03216075	0.040171717	0.024149783
2414	0.031867	0.040119335	0.023614665
2415	0.0316509	0.039983955	0.023317845
2416	0.031609	0.040072195	0.023145805
2417	0.03184595	0.041034408	0.022657492
2418	0.03277385	0.041949854	0.023597846
2419	0.03368545	0.042816672	0.024554228
2420	0.0336641	0.042690512	0.024637688
2421	0.03352705	0.042971849	0.024082251
2422	0.0334478	0.043199514	0.023696086
2423	0.0331323	0.043301245	0.022963355
2424	0.0324325	0.042204608	0.022660392
2425	0.0316032	0.040894443	0.022311957
2426	0.0308962	0.039698389	0.022094011
2427	0.0304405	0.039205245	0.021675755
2428	0.03018845	0.03933117	0.02104573
2429	0.02978275	0.039512091	0.020053409
2430	0.02967245	0.039310962	0.020033938
2431	0.0298072	0.038985122	0.020629278
2432	0.0289996	0.03672847	0.02127073
2433	0.02779105	0.03420223	0.02137987
2434	0.02726975	0.033997466	0.020542034
2435	0.0268052	0.034603349	0.019007051
2436	0.0264317	0.03481699	0.01804641
2437	0.02645915	0.034814658	0.018103642
2438	0.02676015	0.035276368	0.018243932
2439	0.0271314	0.036021702	0.018241098
2440	0.0265329	0.035711849	0.017353951
2441	0.02506735	0.035156081	0.014978619
2442	0.0237928	0.034198939	0.013386661
2443	0.02299035	0.033543027	0.012437673
2444	0.02179015	0.032315369	0.011264931
2445	0.02000465	0.029659404	0.010349896
2446	0.01850055	0.027571958	0.009429142
2447	0.0177439	0.02705473	0.00843307
2448	0.0173809	0.027099779	0.007662021
2449	0.01701165	0.025826455	0.008196845
2450	0.0170095	0.025496359	0.008522641
2451	0.01773065	0.026581868	0.008879432
2452	0.01744125	0.025642172	0.009240328
2453	0.01686025	0.023472324	0.010248176
2454	0.01693895	0.023636316	0.010241584
2455	0.01619455	0.023663908	0.008725192
2456	0.01600035	0.024243757	0.007756943
2457	0.016987	0.025404894	0.008569106
2458	0.01758885	0.02669029	0.00848741
2459	0.0176862	0.025901807	0.009470593
2460	0.01764335	0.025342496	0.009944204
2461	0.0172607	0.02465405	0.00986735
2462	0.01741885	0.024795758	0.010041942
2463	0.0186716	0.026452733	0.010890467
2464	0.0189729	0.027865634	0.010080166
2465	0.0169322	0.025633562	0.008230838
2466	0.0152029	0.023618208	0.006787592
2467	0.01486015	0.023322646	0.006397654
2468	0.0141749	0.023170495	0.005179305
2469	0.0140297	0.022391365	0.005668035
2470	0.0149542	0.024258774	0.005649626
2471	0.0159719	0.025633549	0.006310251
2472	0.01554355	0.025384688	0.005702412
2473	0.01428125	0.023047872	0.005514628
2474	0.01390985	0.022896762	0.004922938
2475	0.012428	0.021009741	0.003846259
2476	0.01067765	0.019739259	0.001616041
2477	0.01005955	0.019247412	0.000871688
2478	0.0092835	0.018093253	0.000473747
2479	0.00919265	0.016298991	0.002086309
2480	0.00884535	0.017563378	0.000127322
2481	0.00725045	0.015628853	-0.001127953
2482	0.0059761	0.014915078	-0.002962878
2483	0.00647815	0.0164907	-0.0035344
2484	0.00713325	0.020189027	-0.005922527
2485	0.0087449	0.022266678	-0.004776878
2486	0.0105891	0.028974749	-0.007796549
2487	0.00808475	0.022587366	-0.006417866
2488	0.00502965	0.015333589	-0.005274289
2489	0.00561655	0.017042827	-0.005809727
2490	0.0072975	0.022039321	-0.007444321
2491	0.00774405	0.021091773	-0.005603673
2492	0.00873575	0.020864135	-0.003392635
2493	0.0103857	0.024536986	-0.003765586
2494	0.0098473	0.028372992	-0.008678392
2495	0.0080866	0.024384351	-0.008211151
2496	0.0074155	0.020321348	-0.005490348
2497	0.00672645	0.017228047	-0.003775147
2498	0.0060345	0.01902081	-0.00695181
2499	0.00689385	0.019481283	-0.005693583
2500	0.0082276	0.023157263	-0.006702063
