Wavelength	Mean	Std+	Std-
350	0.0084542	0.01094293	0.00596547
351	0.0080952	0.010607731	0.005582669
352	0.0083998	0.011009758	0.005789842
353	0.0083012	0.011014543	0.005587857
354	0.0081052	0.010807941	0.005402459
355	0.0078984	0.010491703	0.005305097
356	0.0084906	0.011107754	0.005873446
357	0.0084322	0.01099466	0.00586974
358	0.0081364	0.010643759	0.005629041
359	0.0083612	0.011002714	0.005719686
360	0.008323	0.010958297	0.005687703
361	0.008199	0.010792817	0.005605183
362	0.0080558	0.010616056	0.005495544
363	0.0083792	0.010964733	0.005793667
364	0.0085942	0.011171879	0.006016521
365	0.0086232	0.011156674	0.006089726
366	0.0083532	0.010970518	0.005735882
367	0.0084076	0.011045541	0.005769659
368	0.0085736	0.011198229	0.005948971
369	0.0083344	0.010948357	0.005720443
370	0.0084406	0.011058205	0.005822995
371	0.0086426	0.011275868	0.006009332
372	0.008802	0.011463445	0.006140555
373	0.0083406	0.010941042	0.005740158
374	0.00832	0.010906682	0.005733318
375	0.00891	0.011551276	0.006268724
376	0.008619	0.011274881	0.005963119
377	0.0084404	0.011108316	0.005772484
378	0.0083818	0.011055676	0.005707924
379	0.0085552	0.011200887	0.005909513
380	0.0084786	0.011220696	0.005736504
381	0.0084136	0.011245315	0.005581885
382	0.008592	0.011394245	0.005789755
383	0.008751	0.011471825	0.006030175
384	0.0088142	0.011480099	0.006148301
385	0.0087652	0.011424749	0.006105651
386	0.0091402	0.011797575	0.006482825
387	0.0090336	0.011758427	0.006308773
388	0.0086682	0.011489054	0.005847346
389	0.008793	0.011588416	0.005997584
390	0.008876	0.011682936	0.006069064
391	0.0088946	0.011717895	0.006071305
392	0.008798	0.011612021	0.005983979
393	0.0089502	0.011784856	0.006115544
394	0.009004	0.011823638	0.006184362
395	0.0088832	0.011638601	0.006127799
396	0.0089126	0.011711997	0.006113203
397	0.0091378	0.01195489	0.00632071
398	0.0093962	0.012221432	0.006570968
399	0.0091038	0.011991395	0.006216205
400	0.0091278	0.012008397	0.006247203
401	0.009226	0.01208237	0.00636963
402	0.0092078	0.012063447	0.006352153
403	0.0092936	0.012177101	0.006410099
404	0.0093306	0.012244803	0.006416397
405	0.0092772	0.012218434	0.006335966
406	0.009392	0.012363	0.006421
407	0.0095354	0.012531338	0.006539462
408	0.0096814	0.012697446	0.006665354
409	0.0096982	0.012726264	0.006670136
410	0.0097854	0.012827166	0.006743634
411	0.009879	0.012937098	0.006820902
412	0.0099064	0.012986617	0.006826183
413	0.0100642	0.013174718	0.006953682
414	0.0101852	0.013329379	0.007041021
415	0.010211	0.013392676	0.007029324
416	0.010467	0.013667625	0.007266375
417	0.0106522	0.013884114	0.007420286
418	0.0107694	0.014041527	0.007497273
419	0.010925	0.014211769	0.007638231
420	0.0111168	0.014440905	0.007792695
421	0.0113198	0.014694456	0.007945144
422	0.011503	0.014933817	0.008072183
423	0.0117104	0.01519988	0.00822092
424	0.0119128	0.015457421	0.008368179
425	0.0120978	0.015691844	0.008503756
426	0.0122234	0.01583912	0.00860768
427	0.0124334	0.016091028	0.008775772
428	0.0127212	0.016443539	0.008998861
429	0.0128566	0.016660944	0.009052256
430	0.013041	0.016894723	0.009187277
431	0.0132732	0.017170137	0.009376263
432	0.0135858	0.017563647	0.009607953
433	0.013722	0.017767079	0.009676921
434	0.01388	0.017985249	0.009774751
435	0.0141658	0.018324886	0.010006714
436	0.014325	0.018517276	0.010132724
437	0.0145032	0.018740971	0.010265429
438	0.014713	0.019008724	0.010417276
439	0.0149358	0.019273375	0.010598225
440	0.015106	0.019500621	0.010711379
441	0.015245	0.019699483	0.010790517
442	0.0153848	0.019866756	0.010902844
443	0.0155914	0.020128309	0.011054491
444	0.0157558	0.02035192	0.01115968
445	0.0157978	0.020443914	0.011151686
446	0.0160294	0.02070852	0.01135028
447	0.0162172	0.020930426	0.011503974
448	0.0163358	0.021088753	0.011582847
449	0.0164732	0.021280281	0.011666119
450	0.0166694	0.021519152	0.011819648
451	0.016866	0.021749141	0.011982859
452	0.0168902	0.021802491	0.011977909
453	0.0169964	0.021946624	0.012046176
454	0.0171164	0.022098332	0.012134468
455	0.0172042	0.022197324	0.012211076
456	0.017319	0.022322903	0.012315097
457	0.017468	0.022494846	0.012441154
458	0.0176478	0.02271184	0.01258376
459	0.0176126	0.022706661	0.012518539
460	0.0176736	0.022799036	0.012548164
461	0.0177884	0.02294327	0.01263353
462	0.0178344	0.023004113	0.012664687
463	0.0178506	0.023020621	0.012680579
464	0.0179052	0.023074749	0.012735651
465	0.018075	0.02325632	0.01289368
466	0.0181232	0.023336517	0.012909883
467	0.0181388	0.023385389	0.012892211
468	0.0181382	0.023413928	0.012862472
469	0.018166	0.023440377	0.012891623
470	0.018171	0.023442285	0.012899715
471	0.0181852	0.023458199	0.012912201
472	0.0183628	0.023672473	0.013053127
473	0.018425	0.023754779	0.013095221
474	0.0184476	0.023789851	0.013105349
475	0.0184912	0.023843695	0.013138705
476	0.0185968	0.023978446	0.013215154
477	0.0186512	0.024039625	0.013262775
478	0.0186226	0.023982513	0.013262687
479	0.0187228	0.02411427	0.01333133
480	0.0187984	0.024208138	0.013388662
481	0.0188382	0.024255736	0.013420664
482	0.018781	0.02421998	0.01334202
483	0.018838	0.024300581	0.013375419
484	0.018926	0.024405331	0.013446669
485	0.018951	0.024426783	0.013475217
486	0.0190272	0.024523965	0.013530435
487	0.0190886	0.024608451	0.013568749
488	0.0191124	0.024649149	0.013575651
489	0.0191764	0.024723325	0.013629475
490	0.0192498	0.024818578	0.013681022
491	0.0193304	0.024930379	0.013730421
492	0.0194248	0.025051992	0.013797608
493	0.01955	0.025195599	0.013904401
494	0.0196918	0.02535803	0.01402557
495	0.0198412	0.025549999	0.014132401
496	0.0199638	0.02570732	0.01422028
497	0.020105	0.02589402	0.01431598
498	0.0202866	0.026142281	0.014430919
499	0.020534	0.026431346	0.014636654
500	0.0207674	0.026711708	0.014823092
501	0.0209896	0.026988963	0.014990237
502	0.0212596	0.027347042	0.015172158
503	0.0215744	0.027751662	0.015397138
504	0.0219094	0.028173412	0.015645388
505	0.0222424	0.028581825	0.015902975
506	0.0226594	0.029098292	0.016220508
507	0.0230992	0.029644168	0.016554232
508	0.0235458	0.030200221	0.016891379
509	0.0240716	0.030866991	0.017276209
510	0.0246704	0.031607803	0.017732997
511	0.0253316	0.032413433	0.018249767
512	0.0259312	0.033197469	0.018664931
513	0.0266068	0.034065284	0.019148316
514	0.0273482	0.035007548	0.019688852
515	0.028163	0.036034568	0.020291432
516	0.0290318	0.037127172	0.020936428
517	0.029984	0.03833023	0.02163777
518	0.0310566	0.039694729	0.022418471
519	0.0320446	0.04098589	0.02310331
520	0.0330862	0.042330021	0.023842379
521	0.0341798	0.043723813	0.024635787
522	0.035255	0.045126386	0.025383614
523	0.0362916	0.046491697	0.026091503
524	0.0373348	0.047865289	0.026804311
525	0.0384824	0.049341188	0.027623612
526	0.039563	0.050757765	0.028368235
527	0.0405882	0.052119363	0.029057037
528	0.0415562	0.053422349	0.029690051
529	0.0425518	0.054727389	0.030376211
530	0.0435112	0.055986497	0.031035903
531	0.0444236	0.05719095	0.03165625
532	0.045275	0.058326759	0.032223241
533	0.046084	0.059410108	0.032757892
534	0.0468548	0.060445651	0.033263949
535	0.047564	0.06140211	0.03372589
536	0.0482596	0.062324236	0.034194964
537	0.0489122	0.063198255	0.034626145
538	0.0494858	0.063998904	0.034972696
539	0.050084	0.06480818	0.03535982
540	0.0506782	0.065606756	0.035749644
541	0.0512578	0.066383267	0.036132333
542	0.051718	0.067041059	0.036394941
543	0.0522498	0.067759996	0.036739604
544	0.052811	0.068500272	0.037121728
545	0.0532666	0.069138047	0.037395153
546	0.0537296	0.069779438	0.037679762
547	0.0542234	0.070446321	0.038000479
548	0.0547868	0.071174946	0.038398654
549	0.0551764	0.071716295	0.038636505
550	0.055564	0.072252542	0.038875458
551	0.0559852	0.072819847	0.039150553
552	0.0563046	0.073245822	0.039363378
553	0.0565164	0.073544716	0.039488084
554	0.056652	0.073746957	0.039557043
555	0.056817	0.073941129	0.039692871
556	0.056849	0.073984537	0.039713463
557	0.056796	0.073927801	0.039664199
558	0.0566604	0.073766963	0.039553837
559	0.0565004	0.073537599	0.039463201
560	0.0562794	0.073239822	0.039318978
561	0.0559776	0.072863281	0.039091919
562	0.0556758	0.072449105	0.038902495
563	0.0552988	0.071952941	0.038644659
564	0.054855	0.071380226	0.038329774
565	0.0543832	0.070747262	0.038019138
566	0.0538874	0.070070191	0.037704609
567	0.0533364	0.069323671	0.037349129
568	0.0526632	0.068442384	0.036884016
569	0.052042	0.067614693	0.036469307
570	0.0514192	0.066777643	0.036060757
571	0.0507796	0.065912088	0.035647112
572	0.0500798	0.065014121	0.035145479
573	0.0494386	0.064179853	0.034697347
574	0.0488528	0.063406737	0.034298863
575	0.048285	0.06266335	0.03390665
576	0.04777	0.061975522	0.033564478
577	0.0472978	0.06133707	0.03325853
578	0.046887	0.060781746	0.032992254
579	0.0464684	0.060252466	0.032684334
580	0.0460664	0.059741988	0.032390812
581	0.0456958	0.05925398	0.03213762
582	0.045374	0.058835265	0.031912735
583	0.0450714	0.058436048	0.031706752
584	0.0447896	0.058056436	0.031522764
585	0.0445876	0.05775948	0.03141572
586	0.044345	0.057447928	0.031242072
587	0.0440994	0.05714434	0.03105446
588	0.0439348	0.056913094	0.030956506
589	0.043753	0.056688836	0.030817164
590	0.0435684	0.056466629	0.030670171
591	0.0433894	0.056246183	0.030532617
592	0.0433478	0.056182794	0.030512806
593	0.043285	0.056097763	0.030472237
594	0.0431932	0.055982005	0.030404395
595	0.0431302	0.055908738	0.030351662
596	0.0431338	0.055903635	0.030363965
597	0.0431578	0.055917976	0.030397624
598	0.043106	0.05584523	0.03036677
599	0.0430202	0.055750167	0.030290233
600	0.0429424	0.055665817	0.030218983
601	0.0429016	0.055617993	0.030185207
602	0.0426986	0.055388348	0.030008852
603	0.0425336	0.055182845	0.029884355
604	0.042422	0.055018389	0.029825611
605	0.0421844	0.054712673	0.029656127
606	0.0419364	0.054398713	0.029474087
607	0.041686	0.054078895	0.029293105
608	0.0414674	0.053770598	0.029164202
609	0.0411438	0.05336214	0.02892546
610	0.0408272	0.052958019	0.028696381
611	0.0406106	0.052645003	0.028576197
612	0.0402496	0.052188257	0.028310943
613	0.0399214	0.051778453	0.028064347
614	0.0396582	0.051449784	0.027866616
615	0.0395082	0.051206824	0.027809576
616	0.039273	0.050900159	0.027645841
617	0.0389988	0.05056764	0.02742996
618	0.0388248	0.050330238	0.027319362
619	0.0386824	0.050130236	0.027234564
620	0.03853	0.049925511	0.027134489
621	0.0383288	0.049680789	0.026976811
622	0.0383726	0.049696484	0.027048716
623	0.0384006	0.049710586	0.027090614
624	0.0383602	0.049672324	0.027048076
625	0.0383658	0.049676116	0.027055484
626	0.0384072	0.049728636	0.027085764
627	0.0384636	0.049803312	0.027123888
628	0.038453	0.049799912	0.027106088
629	0.0385472	0.049924364	0.027170036
630	0.0386522	0.05006509	0.02723931
631	0.038686	0.050126822	0.027245178
632	0.0386254	0.05004968	0.02720112
633	0.0385964	0.05000281	0.02718999
634	0.0386266	0.050022563	0.027230637
635	0.038452	0.049848914	0.027055086
636	0.0382872	0.049638748	0.026935652
637	0.0381266	0.0493998	0.0268534
638	0.0379344	0.049141634	0.026727166
639	0.0376144	0.048736914	0.026491886
640	0.0372678	0.048302709	0.026232891
641	0.036995	0.047958054	0.026031946
642	0.0366072	0.047458105	0.025756295
643	0.0362176	0.046953246	0.025481954
644	0.0358514	0.046477098	0.025225702
645	0.0355546	0.046063525	0.025045675
646	0.0351972	0.045595837	0.024798563
647	0.0348068	0.045105547	0.024508053
648	0.0345618	0.0447993	0.0243243
649	0.034334	0.044501221	0.024166779
650	0.0340978	0.044199274	0.023996326
651	0.0338068	0.043868318	0.023745282
652	0.0336502	0.043665019	0.023635381
653	0.0335084	0.043464491	0.023552309
654	0.0333414	0.043222083	0.023460717
655	0.033111	0.042948656	0.023273344
656	0.0328398	0.042625388	0.023054212
657	0.0325362	0.042256509	0.022815891
658	0.0321638	0.041778107	0.022549493
659	0.0317692	0.041275968	0.022262432
660	0.0313828	0.040778345	0.021987255
661	0.0310566	0.040328775	0.021784425
662	0.0306934	0.039885003	0.021501797
663	0.0303432	0.039447773	0.021238627
664	0.0300324	0.039020713	0.021044087
665	0.0297272	0.038638611	0.020815789
666	0.0294534	0.038297942	0.020608858
667	0.0292194	0.038004077	0.020434723
668	0.0291108	0.037840043	0.020381557
669	0.0289702	0.037660976	0.020279424
670	0.0288292	0.037493638	0.020164762
671	0.0287502	0.03739929	0.02010111
672	0.028714	0.03734932	0.02007868
673	0.0286848	0.037317411	0.020052189
674	0.0286462	0.037297297	0.019995103
675	0.0286916	0.037341494	0.020041706
676	0.02875	0.037410804	0.020089196
677	0.0288184	0.037505554	0.020131246
678	0.0289556	0.037691751	0.020219449
679	0.0291412	0.037946401	0.020335999
680	0.0293598	0.03825166	0.02046794
681	0.029593	0.03859093	0.02059507
682	0.030073	0.03920123	0.02094477
683	0.0306716	0.039956879	0.021386321
684	0.031369	0.040851752	0.021886248
685	0.0323368	0.042104437	0.022569163
686	0.0336128	0.043791461	0.023434139
687	0.0352044	0.045928874	0.024479926
688	0.0369572	0.048271124	0.025643276
689	0.038942	0.05090393	0.02698007
690	0.0411368	0.053801862	0.028471738
691	0.0437896	0.057291199	0.030288001
692	0.0467612	0.061265949	0.032256451
693	0.0500686	0.065697442	0.034439758
694	0.0538498	0.070735262	0.036964338
695	0.0578234	0.076084459	0.039562341
696	0.0619512	0.081658605	0.042243795
697	0.0662974	0.087539976	0.045054824
698	0.071034	0.0939449	0.0481231
699	0.075891	0.10055081	0.05123119
700	0.0808798	0.107365759	0.054393841
701	0.0860952	0.114509443	0.057680957
702	0.0914174	0.121780505	0.061054295
703	0.0967606	0.129093426	0.064427774
704	0.1021592	0.136525495	0.067792905
705	0.107773	0.14423275	0.07131325
706	0.113433	0.152014047	0.074851953
707	0.1191142	0.159840956	0.078387444
708	0.1250092	0.167959012	0.082059388
709	0.1309742	0.17617412	0.08577428
710	0.1370008	0.184481224	0.089520376
711	0.143101	0.192928364	0.093273636
712	0.1493098	0.201494002	0.097125598
713	0.1555354	0.210075451	0.100995349
714	0.1617494	0.218650124	0.104848676
715	0.1677862	0.227002746	0.108569654
716	0.1741024	0.235748361	0.112456439
717	0.180801	0.245023708	0.116578292
718	0.1876048	0.254466338	0.120743262
719	0.1945984	0.264107804	0.125088996
720	0.2012564	0.273231889	0.129280911
721	0.2075824	0.281851886	0.133312914
722	0.213765	0.290315603	0.137214397
723	0.2201256	0.299039878	0.141211322
724	0.2264294	0.30767981	0.14517899
725	0.23245	0.315894786	0.149005214
726	0.2383272	0.32388638	0.15276802
727	0.244139	0.331757356	0.156520644
728	0.2497106	0.339270656	0.160150544
729	0.2551072	0.346564344	0.163650056
730	0.2602838	0.353564295	0.167003305
731	0.265369	0.360350564	0.170387436
732	0.270062	0.366604704	0.173519296
733	0.2744482	0.372454043	0.176442357
734	0.278583	0.377989478	0.179176522
735	0.2825432	0.383252847	0.181833553
736	0.286307	0.388243156	0.184370844
737	0.2898254	0.392900963	0.186749837
738	0.2930396	0.397192221	0.188886979
739	0.2961158	0.401269996	0.190961604
740	0.2990396	0.405117731	0.192961469
741	0.3016884	0.408613464	0.194763336
742	0.3042232	0.411937068	0.196509332
743	0.306607	0.415065676	0.198148324
744	0.3087052	0.417865277	0.199545123
745	0.3106452	0.420426295	0.200864105
746	0.312474	0.422823148	0.202124852
747	0.314191	0.425056838	0.203325162
748	0.3156986	0.427041929	0.204355271
749	0.317131	0.428907915	0.205354085
750	0.31848	0.43064629	0.20631371
751	0.3196502	0.432196493	0.207103907
752	0.320752	0.43364874	0.20785526
753	0.3217906	0.435011009	0.208570191
754	0.3227444	0.436250811	0.209237989
755	0.3235834	0.437347267	0.209819533
756	0.3242356	0.438176486	0.210294714
757	0.3246208	0.438604955	0.210636645
758	0.322875	0.436109077	0.209640923
759	0.3202506	0.432575343	0.207925857
760	0.3178336	0.429632958	0.206034242
761	0.320419	0.433075193	0.207762807
762	0.322068	0.43530516	0.20883084
763	0.3235912	0.437378032	0.209804368
764	0.325838	0.440388652	0.211287348
765	0.3277732	0.442913458	0.212632942
766	0.3292578	0.444841186	0.213674414
767	0.3303172	0.446228921	0.214405479
768	0.3310226	0.447158618	0.214886582
769	0.3316138	0.447932773	0.215294827
770	0.3321238	0.448594543	0.215653057
771	0.3325422	0.449184132	0.215900268
772	0.3329964	0.449779704	0.216213096
773	0.3334672	0.450376544	0.216557856
774	0.3338952	0.450942899	0.216847501
775	0.334294	0.451484351	0.217103649
776	0.3346878	0.452021998	0.217353602
777	0.3350928	0.452570222	0.217615378
778	0.3355248	0.453151649	0.217897951
779	0.3359778	0.453755641	0.218199959
780	0.336451	0.454380357	0.218521643
781	0.3368626	0.454938196	0.218787004
782	0.3372286	0.45545058	0.21900662
783	0.3375858	0.455953212	0.219218388
784	0.338059	0.456562919	0.219555081
785	0.3384478	0.457104274	0.219791326
786	0.3387958	0.457605495	0.219986105
787	0.3391164	0.458062449	0.220170351
788	0.339505	0.458596047	0.220413953
789	0.3398608	0.459101649	0.220619951
790	0.3401586	0.459553583	0.220763617
791	0.3406214	0.460122175	0.221120625
792	0.3411084	0.460740813	0.221475987
793	0.3415932	0.461379093	0.221807307
794	0.3419576	0.461916282	0.221998918
795	0.342418	0.462550833	0.222285167
796	0.3428924	0.463192506	0.222592294
797	0.3433018	0.463750123	0.222853477
798	0.3437086	0.464307588	0.223109612
799	0.3441314	0.464872324	0.223390476
800	0.3445704	0.465436856	0.223703944
801	0.3449382	0.465968064	0.223908336
802	0.3453666	0.46654476	0.22418844
803	0.345841	0.467160666	0.224521334
804	0.3462814	0.467778494	0.224784306
805	0.3467282	0.468368869	0.225087531
806	0.3471742	0.468941214	0.225407186
807	0.3476134	0.469503931	0.225722869
808	0.3478486	0.469889112	0.225808088
809	0.3480992	0.470298026	0.225900374
810	0.3484386	0.47080034	0.22607686
811	0.3486296	0.471128993	0.226130207
812	0.3487778	0.471416109	0.226139491
813	0.3489036	0.471682385	0.226124815
814	0.3491262	0.472021271	0.226231129
815	0.3493904	0.472448611	0.226332189
816	0.3497202	0.472943341	0.226497059
817	0.3501876	0.47350746	0.22686774
818	0.3508094	0.474254025	0.227364775
819	0.3513402	0.474916711	0.227763689
820	0.3516882	0.47540154	0.22797486
821	0.3517224	0.475503552	0.227941248
822	0.3520264	0.475952429	0.228100371
823	0.352566	0.476684661	0.228447339
824	0.352986	0.477152819	0.228819181
825	0.3533216	0.477577403	0.229065797
826	0.3535976	0.477961996	0.229233204
827	0.3537656	0.478228638	0.229302562
828	0.3540184	0.4785612	0.2294756
829	0.3542634	0.478880916	0.229645884
830	0.3544572	0.479150153	0.229764247
831	0.3546024	0.479326226	0.229878574
832	0.3548522	0.479629032	0.230075368
833	0.3551998	0.480055637	0.230343963
834	0.3554576	0.480409639	0.230505561
835	0.3557514	0.480803248	0.230699552
836	0.356089	0.481242244	0.230935756
837	0.3565114	0.4817648	0.231258
838	0.35677	0.482152174	0.231387826
839	0.357044	0.48254299	0.23154501
840	0.3574358	0.483014279	0.231857321
841	0.3576392	0.483330038	0.231948362
842	0.3578906	0.483676046	0.232105154
843	0.3582088	0.48406752	0.23235008
844	0.3585118	0.48445795	0.23256565
845	0.3587592	0.484809586	0.232708814
846	0.3589754	0.485134718	0.232816082
847	0.3592046	0.48544546	0.23296374
848	0.3593824	0.485671184	0.233093616
849	0.3595522	0.485908111	0.233196289
850	0.359732	0.486214226	0.233249774
851	0.3600718	0.486639967	0.233503633
852	0.3603666	0.487010283	0.233722917
853	0.3605926	0.487308639	0.233876561
854	0.3607674	0.487594573	0.233940227
855	0.3610278	0.487958941	0.234096659
856	0.3612932	0.488314817	0.234271583
857	0.3613826	0.488466374	0.234298826
858	0.3616376	0.48877433	0.23450087
859	0.3618872	0.48909234	0.23468206
860	0.3619862	0.48930159	0.23467081
861	0.3621298	0.489536068	0.234723532
862	0.3623502	0.489807494	0.234892906
863	0.3626554	0.490120731	0.235190069
864	0.3626102	0.490196273	0.235024127
865	0.3627572	0.490391367	0.235123033
866	0.3630426	0.490686188	0.235399012
867	0.363291	0.491028817	0.235553183
868	0.3633884	0.491236468	0.235540332
869	0.3635008	0.491438072	0.235563528
870	0.3637862	0.491751775	0.235820625
871	0.3638714	0.491890945	0.235851855
872	0.3639586	0.492047771	0.235869429
873	0.3640936	0.492266853	0.235920347
874	0.364532	0.492784691	0.236279309
875	0.3647682	0.493117996	0.236418404
876	0.3648686	0.493328247	0.236408953
877	0.3650924	0.493650003	0.236534797
878	0.365207	0.493805163	0.236608837
879	0.3652542	0.493873277	0.236635123
880	0.3652426	0.493895583	0.236589617
881	0.3652914	0.493949679	0.236633121
882	0.3654004	0.494070847	0.236729953
883	0.3655816	0.494280981	0.236882219
884	0.36558	0.494327688	0.236832312
885	0.3656284	0.494398141	0.236858659
886	0.3657056	0.494476899	0.236934301
887	0.365654	0.494440694	0.236867306
888	0.3657472	0.494577967	0.236916433
889	0.3658782	0.494744776	0.237011624
890	0.3659262	0.494769135	0.237083265
891	0.365919	0.49484835	0.23698965
892	0.365935	0.494949171	0.236920829
893	0.366007	0.495067142	0.236946858
894	0.3658468	0.494995094	0.236698506
895	0.3657604	0.494988215	0.236532585
896	0.3657642	0.495056895	0.236471505
897	0.3658744	0.49518868	0.23656012
898	0.3658864	0.495282582	0.236490218
899	0.365926	0.49539835	0.23645365
900	0.3662254	0.49564851	0.23680229
901	0.3663346	0.495738352	0.236930848
902	0.36639	0.495837216	0.236942784
903	0.3664336	0.49601161	0.23685559
904	0.3667086	0.49623939	0.23717781
905	0.366786	0.496365343	0.237206657
906	0.366678	0.496392214	0.236963786
907	0.366686	0.496371583	0.237000417
908	0.3667486	0.496448211	0.237048989
909	0.3668016	0.496566299	0.237036901
910	0.3667004	0.496625071	0.236775729
911	0.3669378	0.496813991	0.237061609
912	0.3671446	0.496982149	0.237307051
913	0.3671248	0.497045844	0.237203756
914	0.366983	0.496923529	0.237042471
915	0.3670618	0.496993348	0.237130252
916	0.3673362	0.497240901	0.237431499
917	0.3670722	0.49702783	0.23711657
918	0.367172	0.497128042	0.237215958
919	0.3673934	0.497314669	0.237472131
920	0.3673138	0.497172303	0.237455297
921	0.3674096	0.497217759	0.237601441
922	0.367465	0.49722349	0.23770651
923	0.3673358	0.497037643	0.237633957
924	0.3670572	0.496846032	0.237268368
925	0.366794	0.496660012	0.236927988
926	0.3665784	0.496489884	0.236666916
927	0.3666252	0.496503034	0.236747366
928	0.3663792	0.496325177	0.236433223
929	0.3659644	0.496011539	0.235917261
930	0.3657858	0.495731809	0.235839791
931	0.3653956	0.49535021	0.23544099
932	0.3648918	0.494908802	0.234874798
933	0.3643704	0.494473525	0.234267275
934	0.364335	0.494252839	0.234417161
935	0.3641448	0.493825108	0.234464492
936	0.3636684	0.493121598	0.234215202
937	0.3630866	0.492606446	0.233566754
938	0.3629742	0.492377882	0.233570518
939	0.362959	0.49217102	0.23374698
940	0.3620212	0.491204115	0.232838285
941	0.3615558	0.490644826	0.232466774
942	0.3612266	0.490122191	0.232331009
943	0.360838	0.489360718	0.232315282
944	0.3603946	0.488751336	0.232037864
945	0.3600196	0.488167329	0.231871871
946	0.359741	0.487587681	0.231894319
947	0.3587676	0.48638109	0.23115411
948	0.357865	0.48532643	0.23040357
949	0.3570472	0.484387557	0.229706843
950	0.3563688	0.483419162	0.229318438
951	0.3557542	0.482351273	0.229157127
952	0.3550694	0.481211921	0.228926879
953	0.3541564	0.480002007	0.228310793
954	0.3530494	0.478486584	0.227612216
955	0.352016	0.47703424	0.22699776
956	0.3511232	0.475733155	0.226513245
957	0.3502574	0.474585776	0.225929024
958	0.3494788	0.473438157	0.225519443
959	0.3487724	0.472317263	0.225227537
960	0.3480828	0.471338999	0.224826601
961	0.3472492	0.470399651	0.224098749
962	0.3463686	0.469373744	0.223363456
963	0.3455172	0.468065461	0.222968939
964	0.3452994	0.467425095	0.223173705
965	0.3449412	0.466817453	0.223064947
966	0.3442236	0.466078165	0.222369035
967	0.3439944	0.465744452	0.222244348
968	0.343973	0.465548431	0.222397569
969	0.3439394	0.465302851	0.222575949
970	0.3426786	0.46394649	0.22141071
971	0.3427614	0.463891052	0.221631748
972	0.3431234	0.464110035	0.222136765
973	0.3425106	0.46339559	0.22162561
974	0.3421418	0.462993608	0.221289992
975	0.3420386	0.462833793	0.221243407
976	0.3422812	0.462957668	0.221604732
977	0.3415694	0.462294553	0.220844247
978	0.3411922	0.461931959	0.220452441
979	0.3411968	0.461915452	0.220478148
980	0.3415096	0.462215503	0.220803697
981	0.3412694	0.462012346	0.220526454
982	0.3410452	0.461766906	0.220323494
983	0.3417532	0.462187658	0.221318742
984	0.3417566	0.462110871	0.221402329
985	0.3416692	0.462153289	0.221185111
986	0.3417072	0.462587445	0.220826955
987	0.3421868	0.462787777	0.221585823
988	0.3423292	0.462925026	0.221733374
989	0.3421904	0.463068146	0.221312654
990	0.3429818	0.463832895	0.222130705
991	0.3433508	0.464221256	0.222480344
992	0.3434782	0.464375149	0.222581251
993	0.34357	0.464428101	0.222711899
994	0.3436988	0.464532439	0.222865161
995	0.3440164	0.46488414	0.22314866
996	0.3446624	0.465665527	0.223659273
997	0.3447012	0.465990703	0.223411697
998	0.3450226	0.466670267	0.223374933
999	0.3456346	0.467677526	0.223591674
1000	0.3453332	0.467342394	0.223324006
1001	0.346178	0.469593234	0.222762766
1002	0.346668	0.470135668	0.223200332
1003	0.3474288	0.471090972	0.223766628
1004	0.3480824	0.471976842	0.224187958
1005	0.3486476	0.472739397	0.224555803
1006	0.3493212	0.473666219	0.224976181
1007	0.3499882	0.474683574	0.225292826
1008	0.350615	0.475561393	0.225668607
1009	0.351286	0.476382291	0.226189709
1010	0.3520246	0.477370506	0.226678694
1011	0.3527682	0.478466368	0.227070032
1012	0.3533848	0.479348169	0.227421431
1013	0.3538124	0.479939546	0.227685254
1014	0.354306	0.480528389	0.228083611
1015	0.3549396	0.481213022	0.228666178
1016	0.3555946	0.482060955	0.229128245
1017	0.3562432	0.482905727	0.229580673
1018	0.356867	0.483806382	0.229927618
1019	0.3577032	0.485070725	0.230335675
1020	0.358583	0.486266715	0.230899285
1021	0.3592602	0.487193688	0.231326712
1022	0.3598202	0.487969832	0.231670568
1023	0.3603832	0.488731921	0.232034479
1024	0.3609236	0.489497255	0.232349945
1025	0.3614102	0.49020254	0.23261786
1026	0.3619258	0.490906027	0.232945573
1027	0.3625232	0.491754049	0.233292351
1028	0.3631016	0.492614319	0.233588881
1029	0.3636584	0.493313541	0.234003259
1030	0.3642344	0.493869451	0.234599349
1031	0.3647276	0.494369585	0.235085615
1032	0.3651914	0.495092007	0.235290793
1033	0.3657282	0.495969456	0.235486944
1034	0.3663794	0.496840407	0.235918393
1035	0.3669908	0.497587391	0.236394209
1036	0.3675422	0.498239097	0.236845303
1037	0.3680078	0.4988264	0.2371892
1038	0.3683916	0.499372189	0.237411011
1039	0.3688	0.499915353	0.237684647
1040	0.3692378	0.500453951	0.238021649
1041	0.3696914	0.50106095	0.23832185
1042	0.370285	0.501872292	0.238697708
1043	0.3708928	0.502628985	0.239156615
1044	0.3712546	0.503023476	0.239485724
1045	0.3715274	0.503369832	0.239684968
1046	0.3718186	0.503881723	0.239755477
1047	0.3720828	0.504302412	0.239863188
1048	0.3724136	0.504700284	0.240126916
1049	0.372973	0.505420001	0.240525999
1050	0.3736144	0.50626547	0.24096333
1051	0.3741778	0.507007163	0.241348437
1052	0.374576	0.50754526	0.24160674
1053	0.374749	0.507778585	0.241719415
1054	0.3749108	0.507991006	0.241830594
1055	0.3751698	0.508357088	0.241982512
1056	0.3754716	0.508798028	0.242145172
1057	0.3757888	0.509290785	0.242286815
1058	0.3761072	0.509790745	0.242423655
1059	0.376422	0.510128501	0.242715499
1060	0.3767226	0.510411743	0.243033457
1061	0.376988	0.510845964	0.243130036
1062	0.3771976	0.511175072	0.243220128
1063	0.3774142	0.511388238	0.243440162
1064	0.3776684	0.511767236	0.243569564
1065	0.3779298	0.512201945	0.243657655
1066	0.3781622	0.512461341	0.243863059
1067	0.3783608	0.512680867	0.244040733
1068	0.3784528	0.512833806	0.244071794
1069	0.3785462	0.512981101	0.244111299
1070	0.3786808	0.513165413	0.244196187
1071	0.3787982	0.513355426	0.244240974
1072	0.3788668	0.513487494	0.244246106
1073	0.3789572	0.513596142	0.244318258
1074	0.3790194	0.513662355	0.244376445
1075	0.3790564	0.513731902	0.244380898
1076	0.3791476	0.513797065	0.244498135
1077	0.3792068	0.513842712	0.244570888
1078	0.379307	0.513960522	0.244653478
1079	0.3795238	0.514183212	0.244864388
1080	0.3796202	0.514262841	0.244977559
1081	0.3796238	0.51429302	0.24495458
1082	0.3796638	0.514389603	0.244937997
1083	0.3795742	0.514217168	0.244931232
1084	0.3794952	0.51404584	0.24494456
1085	0.3794942	0.514062365	0.244926035
1086	0.3795014	0.514118048	0.244884752
1087	0.379442	0.514100821	0.244783179
1088	0.3793638	0.51404086	0.24468674
1089	0.379314	0.513944655	0.244683345
1090	0.379266	0.51385909	0.24467291
1091	0.3790612	0.513630036	0.244492364
1092	0.3788496	0.513360146	0.244339054
1093	0.3787156	0.513155272	0.244275928
1094	0.3786468	0.513045348	0.244248252
1095	0.3785334	0.512892211	0.244174589
1096	0.3782868	0.512638451	0.243935149
1097	0.3780174	0.51233829	0.24369651
1098	0.3777968	0.511961702	0.243631898
1099	0.377598	0.511656426	0.243539574
1100	0.3774066	0.511458086	0.243355114
1101	0.3772132	0.511211092	0.243215308
1102	0.3769662	0.510829669	0.243102731
1103	0.3767176	0.510478264	0.242956936
1104	0.3765302	0.510408163	0.242652237
1105	0.3763504	0.510367425	0.242333375
1106	0.3761474	0.510060322	0.242234478
1107	0.3758898	0.509611949	0.242167651
1108	0.37556	0.509230289	0.241889711
1109	0.3753332	0.509072695	0.241593705
1110	0.3751904	0.508971989	0.241408811
1111	0.374933	0.508748747	0.241117253
1112	0.3744808	0.508347394	0.240614206
1113	0.3738562	0.507694318	0.240018082
1114	0.373239	0.506962009	0.239515991
1115	0.3728358	0.506398714	0.239272886
1116	0.3723952	0.505863853	0.238926547
1117	0.3717986	0.505133965	0.238463235
1118	0.371064	0.504165922	0.237962078
1119	0.3701104	0.503018567	0.237202233
1120	0.36906	0.5017789	0.2363411
1121	0.3677518	0.500021864	0.235481736
1122	0.3663556	0.498101053	0.234610147
1123	0.3652224	0.496740001	0.233704799
1124	0.3641204	0.495422236	0.232818564
1125	0.3631712	0.494241809	0.232100591
1126	0.3622678	0.493182627	0.231352973
1127	0.3612654	0.491794199	0.230736601
1128	0.3602488	0.49021092	0.23028668
1129	0.3589452	0.488305879	0.229584521
1130	0.3573506	0.486099079	0.228602121
1131	0.3557466	0.483859444	0.227633756
1132	0.354033	0.481390652	0.226675348
1133	0.3523956	0.479051892	0.225739308
1134	0.35061	0.476573944	0.224646056
1135	0.3488566	0.474150536	0.223562664
1136	0.3470592	0.471681133	0.222437267
1137	0.3454028	0.469399669	0.221405931
1138	0.3438394	0.467367359	0.220311441
1139	0.3423174	0.465405317	0.219229483
1140	0.3402988	0.462773909	0.217823691
1141	0.3382718	0.460110027	0.216433573
1142	0.336005	0.457075981	0.214934019
1143	0.3337038	0.453983624	0.213423976
1144	0.331388	0.450727077	0.212048923
1145	0.3290772	0.447401501	0.210752899
1146	0.3266166	0.443894209	0.209338991
1147	0.3240622	0.440287802	0.207836598
1148	0.3215358	0.436785725	0.206285875
1149	0.3190602	0.433451732	0.204668668
1150	0.3167812	0.430396943	0.203165457
1151	0.3147976	0.427752986	0.201842214
1152	0.3129804	0.425310886	0.200649914
1153	0.3114578	0.423136356	0.199779244
1154	0.3100898	0.421168717	0.199010883
1155	0.30894	0.41951612	0.19836388
1156	0.3078886	0.418005529	0.197771671
1157	0.3068324	0.416536466	0.197128334
1158	0.305862	0.415178779	0.196545221
1159	0.3049296	0.413859312	0.195999888
1160	0.3040522	0.41262081	0.19548359
1161	0.303306	0.411636442	0.194975558
1162	0.3026302	0.410769627	0.194490773
1163	0.3020084	0.409912666	0.194104134
1164	0.3014222	0.409069828	0.193774572
1165	0.3008926	0.408312636	0.193472564
1166	0.3004136	0.407631933	0.193195267
1167	0.2999706	0.407016587	0.192924613
1168	0.2995714	0.406489772	0.192653028
1169	0.299158	0.405935835	0.192380165
1170	0.2986888	0.405287422	0.192090178
1171	0.298237	0.404665162	0.191808838
1172	0.2978394	0.404124967	0.191553833
1173	0.29745	0.403595455	0.191304545
1174	0.2971364	0.403140623	0.191132177
1175	0.2968242	0.402688464	0.190959936
1176	0.2964506	0.402224237	0.190676963
1177	0.2960746	0.401760785	0.190388415
1178	0.2957094	0.40127172	0.19014708
1179	0.2953468	0.400778065	0.189915535
1180	0.2950326	0.400336519	0.189728681
1181	0.2947342	0.399909998	0.189558402
1182	0.2943648	0.399442158	0.189287442
1183	0.2939568	0.39895616	0.18895744
1184	0.293575	0.398465828	0.188684172
1185	0.2932116	0.397969501	0.188453699
1186	0.2928884	0.397533509	0.188243291
1187	0.2926238	0.397175563	0.188072037
1188	0.2923732	0.396837737	0.187908663
1189	0.2921646	0.396556496	0.187772704
1190	0.2919668	0.396286191	0.187647409
1191	0.2918158	0.39607418	0.18755742
1192	0.291665	0.395868275	0.187461725
1193	0.2915012	0.395675025	0.187327375
1194	0.2913394	0.395483481	0.187195319
1195	0.2912606	0.395339678	0.187181522
1196	0.2911822	0.395197201	0.187167199
1197	0.2911098	0.39513844	0.18708116
1198	0.29104	0.395090355	0.186989645
1199	0.2910036	0.395053164	0.186954036
1200	0.2909766	0.395025043	0.186928157
1201	0.2910554	0.39513705	0.18697375
1202	0.291195	0.395326821	0.187063179
1203	0.29131	0.395463215	0.187156785
1204	0.291393	0.395541976	0.187244024
1205	0.2915246	0.395703843	0.187345357
1206	0.2917194	0.395961732	0.187477068
1207	0.291921	0.396259025	0.187582975
1208	0.2921422	0.396653008	0.187631392
1209	0.2923796	0.397026554	0.187732646
1210	0.292663	0.397341301	0.187984699
1211	0.2929718	0.397700905	0.188242695
1212	0.2934612	0.398338528	0.188583872
1213	0.2939332	0.398953632	0.188912768
1214	0.2942694	0.399429779	0.189109021
1215	0.2946008	0.399900351	0.189301249
1216	0.2950322	0.400481651	0.189582749
1217	0.295464	0.401060889	0.189867111
1218	0.2959616	0.40170442	0.19021878
1219	0.2964708	0.40236112	0.19058048
1220	0.2969236	0.402991832	0.190855368
1221	0.2973484	0.403592276	0.191104524
1222	0.2978198	0.40420406	0.19143554
1223	0.2983056	0.404818727	0.191792473
1224	0.2988476	0.405523125	0.192172075
1225	0.2994572	0.406319838	0.192594562
1226	0.3000126	0.407044082	0.192981118
1227	0.3004926	0.407681916	0.193303284
1228	0.3009844	0.408360154	0.193608646
1229	0.3014998	0.409092563	0.193907037
1230	0.3019884	0.409765575	0.194211225
1231	0.3024288	0.410326048	0.194531552
1232	0.3028838	0.41090063	0.19486697
1233	0.303395	0.411529562	0.195260438
1234	0.3038964	0.412154596	0.195638204
1235	0.3042654	0.412683929	0.195846871
1236	0.3046296	0.413207501	0.196051699
1237	0.3051086	0.413802507	0.196414693
1238	0.305603	0.414406503	0.196799497
1239	0.3059948	0.414945254	0.197044346
1240	0.3063726	0.415484892	0.197260308
1241	0.3067402	0.416010076	0.197470324
1242	0.3070864	0.416499882	0.197672918
1243	0.3074148	0.416963857	0.197865743
1244	0.3077462	0.417438464	0.198053936
1245	0.3081046	0.417915637	0.198293563
1246	0.3084888	0.418402659	0.198574941
1247	0.3088592	0.418896769	0.198821631
1248	0.3092316	0.419408498	0.199054702
1249	0.3096272	0.419955786	0.199298614
1250	0.3100056	0.420521349	0.199489851
1251	0.3103224	0.421014816	0.199629984
1252	0.3105514	0.421350762	0.199752038
1253	0.3108092	0.421693267	0.199925133
1254	0.3111294	0.422089012	0.200169788
1255	0.3114422	0.422492872	0.200391528
1256	0.3116594	0.422789402	0.200529398
1257	0.3118812	0.423087687	0.200674713
1258	0.3121356	0.423445195	0.200826005
1259	0.3123934	0.423809694	0.200977106
1260	0.3125956	0.424046936	0.201144264
1261	0.3128	0.42427951	0.20132049
1262	0.3129656	0.424534593	0.201396607
1263	0.3131274	0.424789109	0.201465691
1264	0.3133918	0.425169131	0.201614469
1265	0.313682	0.425593353	0.201770647
1266	0.3138788	0.425863836	0.201893764
1267	0.314027	0.42603601	0.20201799
1268	0.3141608	0.426199489	0.202122111
1269	0.3143014	0.426405141	0.202197659
1270	0.3144488	0.426654017	0.202243583
1271	0.3145634	0.426885706	0.202241094
1272	0.3146436	0.427032712	0.202254488
1273	0.3147242	0.427107705	0.202340695
1274	0.3147814	0.427125491	0.202437309
1275	0.3147978	0.427067885	0.202527715
1276	0.3148058	0.427026536	0.202585064
1277	0.3147404	0.426932348	0.202548452
1278	0.3146788	0.426846893	0.202510707
1279	0.3145778	0.426774146	0.202381454
1280	0.3144694	0.426686761	0.202252039
1281	0.3143694	0.426523513	0.202215287
1282	0.3142654	0.426342009	0.202188791
1283	0.3140634	0.426022431	0.202104369
1284	0.3138498	0.425695473	0.202004127
1285	0.313625	0.425424606	0.201825394
1286	0.3134056	0.425170907	0.201640293
1287	0.3131414	0.424832475	0.201450325
1288	0.312849	0.424436469	0.201261531
1289	0.312512	0.424004167	0.201019833
1290	0.3121726	0.423596021	0.200749179
1291	0.311839	0.423210018	0.200467982
1292	0.3114838	0.422793265	0.200174335
1293	0.3110576	0.422250035	0.199865165
1294	0.3106018	0.421659759	0.199543841
1295	0.3100922	0.420982999	0.199201401
1296	0.3095254	0.420183859	0.198866941
1297	0.3089398	0.419390238	0.198489362
1298	0.3083236	0.418602596	0.198044604
1299	0.3076702	0.417782741	0.197557659
1300	0.3069828	0.416936651	0.197028949
1301	0.306289	0.416050755	0.196527245
1302	0.3055076	0.415004779	0.196010421
1303	0.3046916	0.413925832	0.195457368
1304	0.3038346	0.412813981	0.194855219
1305	0.302949	0.411659438	0.194238562
1306	0.3020676	0.410503525	0.193631675
1307	0.3011526	0.409296157	0.193009043
1308	0.3001396	0.407887881	0.192391319
1309	0.2990822	0.406417652	0.191746748
1310	0.2979882	0.404982707	0.190993693
1311	0.2968684	0.403526282	0.190210518
1312	0.2957196	0.402017039	0.189422161
1313	0.2945082	0.400415764	0.188600636
1314	0.2932176	0.398694575	0.187740625
1315	0.2918778	0.396904991	0.186850609
1316	0.290449	0.39499531	0.18590269
1317	0.288979	0.39304218	0.18491582
1318	0.2875504	0.391131442	0.183969358
1319	0.2861348	0.38920551	0.18306409
1320	0.2847258	0.387254381	0.182197219
1321	0.2832862	0.385263271	0.181309129
1322	0.281795	0.383249156	0.180340844
1323	0.2802894	0.381268841	0.179309959
1324	0.2787308	0.379227641	0.178233959
1325	0.2771364	0.37711264	0.17716016
1326	0.2755054	0.374950978	0.176059822
1327	0.2737338	0.372654165	0.174813435
1328	0.2719188	0.37023225	0.17360535
1329	0.2701912	0.367709103	0.172673297
1330	0.2683558	0.365084067	0.171627533
1331	0.2664176	0.362527174	0.170308026
1332	0.264387	0.359854808	0.168919192
1333	0.262426	0.357328002	0.167523998
1334	0.2605056	0.354846591	0.166164609
1335	0.2588438	0.352634619	0.165052981
1336	0.2571468	0.350376802	0.163916798
1337	0.255512	0.348184529	0.162839471
1338	0.2538804	0.345979221	0.161781579
1339	0.2524204	0.343980035	0.160860765
1340	0.250918	0.34192776	0.15990824
1341	0.249695	0.340269527	0.159120473
1342	0.2484042	0.338561174	0.158247226
1343	0.2473092	0.337202879	0.157415521
1344	0.2462228	0.335772642	0.156672958
1345	0.2451768	0.334403753	0.155949847
1346	0.2439634	0.33295988	0.15496692
1347	0.2429162	0.331675471	0.154156929
1348	0.2418008	0.330164574	0.153437026
1349	0.240665	0.328799008	0.152530992
1350	0.2395808	0.327764629	0.151396971
1351	0.2383762	0.326216055	0.150536345
1352	0.2365468	0.323464079	0.149629521
1353	0.2345054	0.320778306	0.148232494
1354	0.2334176	0.319674226	0.147160974
1355	0.2321966	0.317952273	0.146440927
1356	0.2309184	0.315354884	0.146481916
1357	0.2295272	0.313129062	0.145925338
1358	0.2286004	0.311370914	0.145829886
1359	0.2254068	0.30488555	0.14592805
1360	0.2225706	0.297926238	0.147214962
1361	0.2193578	0.289690612	0.149024988
1362	0.2200278	0.300512437	0.139543163
1363	0.2199988	0.320359349	0.119638251
1364	0.2039146	0.296898481	0.110930719
1365	0.1844742	0.272815559	0.096132841
1366	0.1852754	0.285500244	0.085050556
1367	0.188628	0.299090947	0.078165053
1368	0.201285	0.300622428	0.101947572
1369	0.2130742	0.30442078	0.12172762
1370	0.2034158	0.302870561	0.103961039
1371	0.1924916	0.299266846	0.085716354
1372	0.201146	0.300850088	0.101441912
1373	0.211522	0.307598377	0.115445623
1374	0.196759	0.286833423	0.106684577
1375	0.1786236	0.262657681	0.094589519
1376	0.1779332	0.255501591	0.100364809
1377	0.1828198	0.256565451	0.109074149
1378	0.177499	0.255492778	0.099505222
1379	0.1713272	0.254059441	0.088594959
1380	0.1677984	0.250248881	0.085347919
1381	0.1581762	0.244723455	0.071628945
1382	0.1544048	0.241104382	0.067705218
1383	0.1562804	0.238925778	0.073635022
1384	0.1530684	0.22872782	0.07740898
1385	0.1458276	0.212501181	0.079154019
1386	0.1387254	0.199698905	0.077751895
1387	0.13323	0.187435935	0.079024065
1388	0.1300342	0.179676697	0.080391703
1389	0.1323192	0.181746386	0.082892014
1390	0.133082	0.18436116	0.08180284
1391	0.129643	0.18799939	0.07128661
1392	0.1272124	0.189186814	0.065237986
1393	0.124873	0.180355945	0.069390055
1394	0.1204074	0.169875878	0.070938922
1395	0.110128	0.153485492	0.066770508
1396	0.1023642	0.141623825	0.063104575
1397	0.1020398	0.141609359	0.062470241
1398	0.1022678	0.142455411	0.062080189
1399	0.1004624	0.139255661	0.061669139
1400	0.0985004	0.135576594	0.061424206
1401	0.0957554	0.131277797	0.060233003
1402	0.0932802	0.127831212	0.058729188
1403	0.0929756	0.12941957	0.05653163
1404	0.0928886	0.131119898	0.054657302
1405	0.0893336	0.123857284	0.054809916
1406	0.085604	0.116700286	0.054507714
1407	0.082131	0.113529247	0.050732753
1408	0.0794826	0.111007914	0.047957286
1409	0.0782422	0.108560911	0.047923489
1410	0.0773756	0.107047906	0.047703294
1411	0.0764028	0.104991093	0.047814507
1412	0.0758128	0.103414418	0.048211182
1413	0.0747306	0.101705562	0.047755638
1414	0.0733394	0.099858775	0.046820025
1415	0.0723174	0.098603047	0.046031753
1416	0.0715968	0.097733719	0.045459881
1417	0.0704572	0.096731482	0.044182918
1418	0.069282	0.095718772	0.042845228
1419	0.0686526	0.094675017	0.042630183
1420	0.0683358	0.093774016	0.042897584
1421	0.0679248	0.09275902	0.04309058
1422	0.0673954	0.091549465	0.043241335
1423	0.0667688	0.090626014	0.042911586
1424	0.0661048	0.089988428	0.042221172
1425	0.0654226	0.089264335	0.041580865
1426	0.0646302	0.088325165	0.040935235
1427	0.0640876	0.087535789	0.040639411
1428	0.0639118	0.087167687	0.040655913
1429	0.0635824	0.086831596	0.040333204
1430	0.0630496	0.086403891	0.039695309
1431	0.0626518	0.085881241	0.039422359
1432	0.0624038	0.08514489	0.03966271
1433	0.062103	0.084586862	0.039619138
1434	0.0616462	0.084175122	0.039117278
1435	0.0612104	0.083722467	0.038698333
1436	0.061084	0.08358034	0.03858766
1437	0.0609708	0.083408599	0.038533001
1438	0.0605522	0.082696797	0.038407603
1439	0.060146	0.082008433	0.038283567
1440	0.0599388	0.081819217	0.038058383
1441	0.0597558	0.081655418	0.037856182
1442	0.05943	0.081054442	0.037805558
1443	0.0591162	0.080559188	0.037673212
1444	0.0589768	0.080707773	0.037245827
1445	0.0588664	0.080820206	0.036912594
1446	0.058697	0.080533938	0.036860062
1447	0.0585582	0.080276385	0.036840015
1448	0.0587016	0.080184757	0.037218443
1449	0.0588296	0.080093641	0.037565559
1450	0.0587368	0.080029268	0.037444332
1451	0.0586726	0.080028236	0.037316964
1452	0.058763	0.080184704	0.037341296
1453	0.0588222	0.080301019	0.037343381
1454	0.058808	0.080161914	0.037454086
1455	0.0588024	0.080003245	0.037601555
1456	0.0588154	0.07995706	0.03767374
1457	0.0588426	0.079965324	0.037719876
1458	0.0588744	0.080024931	0.037723869
1459	0.0589136	0.080111463	0.037715737
1460	0.0588788	0.080124608	0.037632992
1461	0.0588066	0.080058037	0.037555163
1462	0.0589296	0.080209731	0.037649469
1463	0.0591006	0.080452234	0.037748966
1464	0.0590462	0.080442335	0.037650065
1465	0.0589528	0.080390428	0.037515172
1466	0.0590912	0.080609686	0.037572714
1467	0.0593466	0.080961629	0.037731571
1468	0.0596152	0.081368573	0.037861827
1469	0.059842	0.081759782	0.037924218
1470	0.0601402	0.082256494	0.038023906
1471	0.0605532	0.08285004	0.03825636
1472	0.0609564	0.083341437	0.038571363
1473	0.0613166	0.083769737	0.038863463
1474	0.0616294	0.084113578	0.039145222
1475	0.0618758	0.084340255	0.039411345
1476	0.0621452	0.084732725	0.039557675
1477	0.0624586	0.085323726	0.039593474
1478	0.0627714	0.085824739	0.039718061
1479	0.063099	0.086202389	0.039995611
1480	0.0635198	0.086707015	0.040332585
1481	0.0640672	0.087403544	0.040730856
1482	0.064559	0.087982633	0.041135367
1483	0.0649702	0.088413775	0.041526625
1484	0.0654022	0.088920933	0.041883467
1485	0.0658716	0.089575702	0.042167498
1486	0.066323	0.090215057	0.042430943
1487	0.066785	0.090892482	0.042677518
1488	0.0672308	0.091509841	0.042951759
1489	0.067666	0.09199974	0.04333226
1490	0.0680984	0.092548101	0.043648699
1491	0.0686118	0.093324791	0.043898809
1492	0.069101	0.094043314	0.044158686
1493	0.0696518	0.094800618	0.044502982
1494	0.070175	0.095534345	0.044815655
1495	0.0706086	0.09619594	0.04502126
1496	0.0710372	0.096821196	0.045253204
1497	0.0715636	0.097469068	0.045658132
1498	0.0720722	0.098098022	0.046046378
1499	0.072542	0.098743949	0.046340051
1500	0.0730178	0.099411441	0.046624159
1501	0.0735938	0.100203196	0.046984404
1502	0.0741532	0.100966985	0.047339415
1503	0.0746856	0.101664233	0.047706967
1504	0.0752236	0.102356561	0.048090639
1505	0.075836	0.103147675	0.048524325
1506	0.0764266	0.1039248	0.0489284
1507	0.076955	0.104620558	0.049289442
1508	0.0774816	0.105316154	0.049647046
1509	0.078077	0.106184046	0.049969954
1510	0.078665	0.107035677	0.050294323
1511	0.0792678	0.107849471	0.050686129
1512	0.079855	0.108653967	0.051056033
1513	0.0803526	0.109378045	0.051327155
1514	0.0808368	0.110072835	0.051600765
1515	0.0813818	0.110779165	0.051984435
1516	0.0819368	0.11149812	0.05237548
1517	0.0825974	0.112431082	0.052763718
1518	0.083252	0.113363938	0.053140062
1519	0.0838242	0.114126862	0.053521538
1520	0.0843846	0.114865179	0.053904021
1521	0.0849356	0.115635304	0.054235896
1522	0.0854864	0.116412665	0.054560135
1523	0.086057	0.117206807	0.054907193
1524	0.0866236	0.117983947	0.055263253
1525	0.0871752	0.118748334	0.055602066
1526	0.087724	0.119519809	0.055928191
1527	0.088356	0.120324832	0.056387168
1528	0.0889978	0.121132548	0.056863052
1529	0.08958	0.121922358	0.057237642
1530	0.0901508	0.12270871	0.05759289
1531	0.090687	0.123508445	0.057865555
1532	0.0912208	0.124307771	0.058133829
1533	0.0918046	0.125136295	0.058472905
1534	0.0923852	0.125972753	0.058797647
1535	0.0929162	0.126694844	0.059137556
1536	0.0934546	0.127391221	0.059517979
1537	0.094035	0.12812079	0.05994921
1538	0.0946184	0.128846336	0.060390464
1539	0.0951208	0.129564367	0.060677233
1540	0.095594	0.13029443	0.06089357
1541	0.0961402	0.131063791	0.061216609
1542	0.0967182	0.131847143	0.061589257
1543	0.0972218	0.132613661	0.061829939
1544	0.0976926	0.133367691	0.062017509
1545	0.0981726	0.134040562	0.062304638
1546	0.0986632	0.134683089	0.062643311
1547	0.0991812	0.135359112	0.063003288
1548	0.099701	0.136041307	0.063360693
1549	0.1001858	0.13668488	0.06368672
1550	0.1006622	0.137325758	0.063998642
1551	0.1011218	0.138001707	0.064241893
1552	0.1015828	0.13869345	0.06447215
1553	0.102061	0.139373679	0.064748321
1554	0.1025454	0.140053585	0.065037215
1555	0.1030284	0.140744662	0.065312138
1556	0.1035068	0.141433501	0.065580099
1557	0.1039878	0.14210395	0.06587165
1558	0.1044678	0.142767274	0.066168326
1559	0.1049788	0.143512892	0.066444708
1560	0.1055192	0.144322675	0.066715725
1561	0.1061158	0.145089067	0.067142533
1562	0.1067384	0.145818323	0.067658477
1563	0.1072126	0.146463974	0.067961226
1564	0.1076096	0.147070563	0.068148637
1565	0.1081206	0.147804387	0.068436813
1566	0.1087014	0.14863018	0.06877262
1567	0.1092034	0.149356848	0.069049952
1568	0.1096608	0.150020123	0.069301477
1569	0.110166	0.150717358	0.069614642
1570	0.1106978	0.151433043	0.069962557
1571	0.111208	0.152101833	0.070314167
1572	0.111719	0.152759388	0.070678612
1573	0.1122102	0.153516926	0.070903474
1574	0.1126828	0.154329766	0.071035834
1575	0.1131798	0.155031751	0.071327849
1576	0.1136974	0.155670676	0.071724124
1577	0.1142246	0.156402763	0.072046437
1578	0.1147486	0.157181747	0.072315453
1579	0.1151834	0.157805186	0.072561614
1580	0.1155578	0.158332781	0.072782819
1581	0.1160342	0.158960241	0.073108159
1582	0.116582	0.159648942	0.073515058
1583	0.1170632	0.160311987	0.073814413
1584	0.117502	0.160964446	0.074039554
1585	0.1179634	0.161588989	0.074337811
1586	0.1184374	0.162192824	0.074681976
1587	0.1188772	0.162827605	0.074926795
1588	0.119299	0.163490423	0.075107577
1589	0.1197304	0.164096644	0.075364156
1590	0.1201634	0.164660351	0.075666449
1591	0.1206172	0.165264498	0.075969902
1592	0.1210858	0.165892054	0.076279546
1593	0.121593	0.166587833	0.076598167
1594	0.1221306	0.167332779	0.076928421
1595	0.1226362	0.168033804	0.077238596
1596	0.123122	0.168716058	0.077527942
1597	0.1236078	0.169470401	0.077745199
1598	0.1240926	0.170266817	0.077918383
1599	0.1245898	0.170935964	0.078243636
1600	0.1251032	0.17153096	0.07867544
1601	0.1255964	0.17220324	0.07898956
1602	0.126073	0.172923427	0.079222573
1603	0.1265488	0.173555914	0.079541686
1604	0.127027	0.174135714	0.079918286
1605	0.1274948	0.174791853	0.080197747
1606	0.1279588	0.175499113	0.080418487
1607	0.1284158	0.176210849	0.080620751
1608	0.12887	0.176925994	0.080814006
1609	0.1294018	0.177654058	0.081149542
1610	0.129974	0.178384146	0.081563854
1611	0.1304148	0.178916806	0.081912794
1612	0.1307832	0.179341637	0.082224763
1613	0.131225	0.179986484	0.082463516
1614	0.1317034	0.18074692	0.08265988
1615	0.1320722	0.181328564	0.082815836
1616	0.1323876	0.18182071	0.08295449
1617	0.1327662	0.182328967	0.083203433
1618	0.133174	0.182841316	0.083506684
1619	0.1335624	0.183367379	0.083757421
1620	0.1339404	0.183898765	0.083982035
1621	0.1343394	0.184426661	0.084252139
1622	0.134748	0.184954299	0.084541701
1623	0.135076	0.185435607	0.084716393
1624	0.1353706	0.185897241	0.084843959
1625	0.135666	0.186335972	0.084996028
1626	0.1359616	0.186765623	0.085157577
1627	0.136286	0.18723678	0.08533522
1628	0.1366218	0.187724294	0.085519306
1629	0.1369086	0.188099409	0.085717791
1630	0.1371802	0.188437804	0.085922596
1631	0.1375928	0.188950771	0.086234829
1632	0.138053	0.189522508	0.086583492
1633	0.1383016	0.189844858	0.086758342
1634	0.13849	0.190095892	0.086884108
1635	0.1387942	0.190609404	0.086978996
1636	0.139132	0.191199617	0.087064383
1637	0.1393996	0.191578984	0.087220216
1638	0.1396514	0.191908268	0.087394532
1639	0.1399026	0.192229385	0.087575815
1640	0.140157	0.192552055	0.087761945
1641	0.1404564	0.192981243	0.087931557
1642	0.1407652	0.193434973	0.088095427
1643	0.1409768	0.193759488	0.088194112
1644	0.1411704	0.194060081	0.088280719
1645	0.141407	0.194426738	0.088387262
1646	0.1416516	0.194805497	0.088497703
1647	0.1418466	0.195085375	0.088607825
1648	0.142038	0.195355759	0.088720241
1649	0.1421924	0.195499005	0.088885795
1650	0.142344	0.195628183	0.089059817
1651	0.142388	0.195758543	0.089017457
1652	0.142419	0.195885345	0.088952655
1653	0.142474	0.195964656	0.088983344
1654	0.1425338	0.196046409	0.089021191
1655	0.1425714	0.196109387	0.089033413
1656	0.1426096	0.196174478	0.089044722
1657	0.1426098	0.196253459	0.088966141
1658	0.1426064	0.196330227	0.088882573
1659	0.1426158	0.196317183	0.088914417
1660	0.1426272	0.196309563	0.088944837
1661	0.1426776	0.196485734	0.088869466
1662	0.1427308	0.196655476	0.088806124
1663	0.1428158	0.196688643	0.088942957
1664	0.1428994	0.196719097	0.089079703
1665	0.1429226	0.196705818	0.089139382
1666	0.142939	0.196705478	0.089172522
1667	0.1429298	0.196803788	0.089055812
1668	0.1429438	0.196898255	0.088989345
1669	0.143089	0.196982423	0.089195577
1670	0.1432046	0.197045301	0.089363899
1671	0.14318	0.197003609	0.089356391
1672	0.1431654	0.197008677	0.089322123
1673	0.1431844	0.197168934	0.089199866
1674	0.1432092	0.197309283	0.089109117
1675	0.1432322	0.19739085	0.08907355
1676	0.1432202	0.197408181	0.089032219
1677	0.143134	0.197258291	0.089009709
1678	0.143099	0.197185448	0.089012552
1679	0.1431728	0.197269212	0.089076388
1680	0.1431816	0.197276793	0.089086407
1681	0.1430786	0.197166477	0.088990723
1682	0.1429542	0.197002839	0.088905561
1683	0.1427714	0.196730599	0.088812201
1684	0.1426236	0.196519429	0.088727771
1685	0.1425336	0.196394171	0.088673029
1686	0.142425	0.196241195	0.088608805
1687	0.1422828	0.196028197	0.088537403
1688	0.1420832	0.195721246	0.088445154
1689	0.1418232	0.195336727	0.088309673
1690	0.1415538	0.194948198	0.088159402
1691	0.1412576	0.194518498	0.087996702
1692	0.1409938	0.194157689	0.087829911
1693	0.140772	0.193871247	0.087672753
1694	0.140478	0.193516636	0.087439364
1695	0.140123	0.193113177	0.087132823
1696	0.1397998	0.192713768	0.086885832
1697	0.1395076	0.192336015	0.086679185
1698	0.1392632	0.191995155	0.086531245
1699	0.1390282	0.191647081	0.086409319
1700	0.1387554	0.191264501	0.086246299
1701	0.1384758	0.190864107	0.086087493
1702	0.1381826	0.190419637	0.085945563
1703	0.137873	0.189951814	0.085794186
1704	0.1375098	0.189466627	0.085552973
1705	0.1371106	0.188959066	0.085262134
1706	0.1367472	0.188451137	0.085043263
1707	0.1364016	0.187961399	0.084841801
1708	0.1359632	0.187452555	0.084473845
1709	0.135507	0.18693363	0.08408037
1710	0.135219	0.186546167	0.083891833
1711	0.1349638	0.186167849	0.083759751
1712	0.134564	0.185555136	0.083572864
1713	0.1341356	0.184923362	0.083347838
1714	0.1338088	0.1846118	0.0830058
1715	0.1334812	0.184294263	0.082668137
1716	0.1332142	0.183759647	0.082668753
1717	0.1329502	0.183234933	0.082665467
1718	0.1326232	0.182880409	0.082365991
1719	0.1322954	0.182523898	0.082066902
1720	0.1319462	0.182087702	0.081804698
1721	0.1315754	0.181618904	0.081531896
1722	0.1312286	0.181117574	0.081339626
1723	0.1308806	0.18063637	0.08112483
1724	0.1304878	0.18014315	0.08083245
1725	0.1301158	0.179646881	0.080584719
1726	0.1298458	0.179121486	0.080570114
1727	0.129579	0.178620164	0.080537836
1728	0.1293342	0.178364206	0.080304194
1729	0.1290872	0.178106165	0.080068235
1730	0.1289132	0.177872675	0.079953725
1731	0.1287496	0.177670241	0.079828959
1732	0.1284994	0.177407462	0.079591338
1733	0.1282198	0.177060661	0.079378939
1734	0.1279676	0.176636577	0.079298623
1735	0.1277566	0.176320469	0.079192731
1736	0.1275896	0.176122365	0.079056835
1737	0.1274148	0.175885098	0.078944502
1738	0.1272142	0.175617145	0.078811255
1739	0.126991	0.175255918	0.078726082
1740	0.1267668	0.174837926	0.078695674
1741	0.1265756	0.174522272	0.078628928
1742	0.1263944	0.174246677	0.078542123
1743	0.1261592	0.173905522	0.078412878
1744	0.1258898	0.173554755	0.078224845
1745	0.1255822	0.173065035	0.078099365
1746	0.1252844	0.172498753	0.078070047
1747	0.1248752	0.172027056	0.077723344
1748	0.1243836	0.171541727	0.077225473
1749	0.1239486	0.171001348	0.076895852
1750	0.123546	0.17049092	0.07660108
1751	0.1232358	0.169965774	0.076505826
1752	0.1229366	0.169418937	0.076454263
1753	0.1226708	0.169085265	0.076256335
1754	0.1224164	0.168800472	0.076032328
1755	0.1221712	0.168441692	0.075900708
1756	0.1219054	0.168044339	0.075766461
1757	0.1214224	0.167495335	0.075349465
1758	0.1209034	0.166913174	0.074893626
1759	0.1205052	0.166308266	0.074702134
1760	0.1201528	0.165764509	0.074541091
1761	0.1200282	0.165456647	0.074599753
1762	0.1198408	0.165093188	0.074588412
1763	0.1194122	0.164704288	0.074120112
1764	0.119052	0.164338128	0.073765872
1765	0.118924	0.164113048	0.073734952
1766	0.118777	0.163884836	0.073669164
1767	0.1185272	0.163458194	0.073596206
1768	0.1182522	0.16301352	0.07349088
1769	0.1179462	0.162663396	0.073229004
1770	0.1177008	0.162483856	0.072917744
1771	0.117532	0.162467323	0.072596677
1772	0.1173836	0.162260069	0.072507131
1773	0.1173254	0.161916082	0.072734718
1774	0.1171874	0.161569302	0.072805498
1775	0.1169444	0.161129996	0.072758804
1776	0.1167154	0.160876941	0.072553859
1777	0.1165054	0.160847979	0.072162821
1778	0.1161952	0.16056748	0.07182292
1779	0.1158014	0.160132376	0.071470424
1780	0.1157446	0.160009581	0.071479619
1781	0.1158346	0.159975081	0.071694119
1782	0.1157824	0.159809754	0.071755046
1783	0.115685	0.159651257	0.071718743
1784	0.1158558	0.160072962	0.071638638
1785	0.1160832	0.160552853	0.071613547
1786	0.1161474	0.160511654	0.071783146
1787	0.1161798	0.160458329	0.071901271
1788	0.116104	0.160488165	0.071719835
1789	0.1160258	0.160456863	0.071594737
1790	0.1160734	0.160439494	0.071707306
1791	0.1161382	0.160481478	0.071794922
1792	0.1160888	0.160313097	0.071864503
1793	0.1160814	0.160263564	0.071899236
1794	0.1161284	0.160670577	0.071586223
1795	0.1161996	0.161039268	0.071359932
1796	0.1165198	0.161491902	0.071547698
1797	0.1167448	0.161731826	0.071757774
1798	0.116617	0.161372972	0.071861028
1799	0.1165604	0.161159162	0.071961638
1800	0.116618	0.161006339	0.072229661
1801	0.1123794	0.158144312	0.066614488
1802	0.1127244	0.1582821	0.0671667
1803	0.1120222	0.161231448	0.062812952
1804	0.1112044	0.163321449	0.059087351
1805	0.1130632	0.161251118	0.064875282
1806	0.1173856	0.159198638	0.075572562
1807	0.1210726	0.15922139	0.08292381
1808	0.1216816	0.158586543	0.084776657
1809	0.1222068	0.160838346	0.083575254
1810	0.1239992	0.170106805	0.077891595
1811	0.124661	0.173018763	0.076303237
1812	0.1221994	0.166365337	0.078033463
1813	0.1187292	0.161289104	0.076169296
1814	0.1136832	0.161403446	0.065962954
1815	0.1050486	0.161936907	0.048160293
1816	0.0961356	0.147044599	0.045226601
1817	0.096712	0.135328076	0.058095924
1818	0.1071662	0.153260892	0.061071508
1819	0.1142936	0.175722762	0.052864438
1820	0.1167156	0.180015599	0.053415601
1821	0.1169608	0.164867089	0.069054511
1822	0.1174118	0.154104134	0.080719466
1823	0.1182042	0.167311715	0.069096685
1824	0.1245844	0.198627244	0.050541556
1825	0.1557142	0.229822288	0.081606112
1826	0.2111492	0.29954427	0.12275413
1827	0.253287	0.344281785	0.162292215
1828	0.2590514	0.341564445	0.176538355
1829	0.2304436	0.337163497	0.123723703
1830	0.1973432	0.349134142	0.045552258
1831	0.2138458	0.45673975	-0.02904815
1832	0.305553	0.621935859	-0.010829859
1833	0.3703736	0.669336769	0.071410431
1834	0.2690284	0.435490874	0.102565926
1835	0.153274	0.282946675	0.023601325
1836	0.1830636	0.382169462	-0.016042262
1837	0.2188136	0.454514052	-0.016886852
1838	0.204966	0.374840015	0.035091985
1839	0.1643382	0.354262538	-0.025586138
1840	0.1453296	0.369436697	-0.078777497
1841	0.1416262	0.281864788	0.001387612
1842	0.1886984	0.288375919	0.089020881
1843	0.2465374	0.450451357	0.042623443
1844	0.2874936	0.553717141	0.021270059
1845	0.4822112	0.889749339	0.074673061
1846	0.6590226	1.099755963	0.218289237
1847	0.6632506	1.098706807	0.227794393
1848	0.6213688	1.035946315	0.206791285
1849	0.580155	0.905263723	0.255046277
1850	0.5213612	0.820765816	0.221956584
1851	0.451656	0.764215969	0.139096031
1852	0.5776434	0.921144276	0.234142524
1853	0.7514444	1.177432243	0.325456557
1854	0.494837	0.870039723	0.119634277
1855	0.3691864	0.702556856	0.035815944
1856	0.3579762	0.66807046	0.04788194
1857	0.362407	0.653306996	0.071507004
1858	0.4286528	0.710461854	0.146843746
1859	0.657728	1.148713246	0.166742754
1860	0.5799326	1.079563423	0.080301777
1861	0.2396566	0.444213757	0.035099443
1862	0.103387	0.228162277	-0.021388277
1863	0.111837	0.24844237	-0.02476837
1864	0.1146524	0.266947111	-0.037642311
1865	0.105036	0.229443491	-0.019371491
1866	0.1027116	0.177366725	0.028056475
1867	0.180425	0.319128787	0.041721213
1868	0.2675142	0.535425113	-0.000396713
1869	0.4417164	0.789221462	0.094211338
1870	0.6158598	1.096520895	0.135198705
1871	0.708681	1.306116695	0.111245305
1872	0.6303956	1.219607259	0.041183941
1873	0.4569204	0.895729064	0.018111736
1874	0.3034186	0.573332139	0.033505061
1875	0.2165394	0.408799032	0.024279768
1876	0.1672774	0.292394764	0.042160036
1877	0.1349776	0.234573945	0.035381255
1878	0.1605756	0.328214942	-0.007063742
1879	0.1494902	0.315411581	-0.016431181
1880	0.1350946	0.271707615	-0.001518415
1881	0.174131	0.32458701	0.02367499
1882	0.1822432	0.356584382	0.007902018
1883	0.1323656	0.270097121	-0.005365921
1884	0.0985072	0.211145594	-0.014131194
1885	0.0764724	0.144501913	0.008442887
1886	0.052669	0.096064328	0.009273672
1887	0.0615824	0.097166031	0.025998769
1888	0.0781872	0.143419099	0.012955301
1889	0.0918232	0.159806288	0.023840112
1890	0.1131154	0.178869977	0.047360823
1891	0.1145034	0.179899959	0.049106841
1892	0.086228	0.133074367	0.039381633
1893	0.0667684	0.117137822	0.016398978
1894	0.089746	0.178337843	0.001154157
1895	0.1135756	0.236202853	-0.009051653
1896	0.1330334	0.268656224	-0.002589424
1897	0.1375108	0.283264339	-0.008242739
1898	0.1133728	0.221356842	0.005388758
1899	0.0906708	0.133385172	0.047956428
1900	0.08072	0.132057642	0.029382358
1901	0.0855206	0.118607327	0.052433873
1902	0.099393	0.164219205	0.034566795
1903	0.1378398	0.228032802	0.047646798
1904	0.189037	0.308180879	0.069893121
1905	0.1546988	0.269013956	0.040383644
1906	0.1154524	0.252185673	-0.021280873
1907	0.1150526	0.199751368	0.030353832
1908	0.128733	0.190898125	0.066567875
1909	0.1249304	0.196507291	0.053353509
1910	0.1183542	0.194603467	0.042104933
1911	0.1112006	0.204012292	0.018388908
1912	0.069119	0.129982124	0.008255876
1913	0.0446014	0.089036687	0.000166113
1914	0.0434442	0.087885115	-0.000996715
1915	0.045502	0.093512055	-0.002508055
1916	0.0451994	0.083635589	0.006763211
1917	0.0427422	0.069257381	0.016227019
1918	0.043721	0.069464126	0.017977874
1919	0.0456712	0.082572287	0.008770113
1920	0.047316	0.096589877	-0.001957877
1921	0.0512538	0.096214376	0.006293224
1922	0.0526908	0.094106373	0.011275227
1923	0.0419932	0.076154165	0.007832235
1924	0.0329076	0.068152294	-0.002337094
1925	0.0277426	0.058285967	-0.002800767
1926	0.0217666	0.046014866	-0.002481666
1927	0.018517	0.036001665	0.001032335
1928	0.0179068	0.03260006	0.00321354
1929	0.0188992	0.035671001	0.002127399
1930	0.0253224	0.047726106	0.002918694
1931	0.0306668	0.059872178	0.001461422
1932	0.0256676	0.050818803	0.000516397
1933	0.0215538	0.049581981	-0.006474381
1934	0.0258948	0.05057841	0.00121119
1935	0.0299986	0.052007527	0.007989673
1936	0.0320162	0.048642029	0.015390371
1937	0.0344348	0.049733627	0.019135973
1938	0.0358168	0.054297171	0.017336429
1939	0.0344412	0.055240068	0.013642332
1940	0.0334022	0.05444519	0.01235921
1941	0.0337438	0.052584879	0.014902721
1942	0.0336668	0.052813583	0.014520017
1943	0.0302522	0.046575124	0.013929276
1944	0.0272088	0.044600799	0.009816801
1945	0.0265666	0.040900074	0.012233126
1946	0.0263812	0.037135315	0.015627085
1947	0.0261022	0.03642823	0.01577617
1948	0.0254976	0.037980857	0.013014343
1949	0.0248752	0.037506929	0.012243471
1950	0.0244604	0.033508498	0.015412302
1951	0.0242544	0.030383882	0.018124918
1952	0.0243456	0.028597635	0.020093565
1953	0.0244336	0.029235716	0.019631484
1954	0.0283348	0.037946458	0.018723142
1955	0.0321584	0.047045263	0.017271537
1956	0.0321596	0.048314958	0.016004242
1957	0.0311278	0.04773054	0.01452506
1958	0.029209	0.04595318	0.01246482
1959	0.0268128	0.043639649	0.009985951
1960	0.0255938	0.042172443	0.009015157
1961	0.026014	0.041600349	0.010427651
1962	0.026513	0.041683138	0.011342862
1963	0.0279036	0.043317509	0.012489691
1964	0.0290912	0.044723058	0.013459342
1965	0.0300476	0.044464954	0.015630246
1966	0.0308474	0.044611817	0.017082983
1967	0.0314572	0.044558124	0.018356276
1968	0.0319156	0.044319388	0.019511812
1969	0.0320362	0.044361738	0.019710662
1970	0.0319582	0.04478457	0.01913183
1971	0.032058	0.044903778	0.019212222
1972	0.0324176	0.044264373	0.020570827
1973	0.032641	0.043865697	0.021416303
1974	0.0322132	0.043877227	0.020549173
1975	0.031818	0.043915318	0.019720682
1976	0.0317574	0.043490397	0.020024403
1977	0.0317426	0.043183461	0.020301739
1978	0.0322834	0.044091677	0.020475123
1979	0.032992	0.045441243	0.020542757
1980	0.0330596	0.045507085	0.020612115
1981	0.0326156	0.044462768	0.020768432
1982	0.0323768	0.043975449	0.020778151
1983	0.0325458	0.044519894	0.020571706
1984	0.0326462	0.044907491	0.020384909
1985	0.032572	0.044303655	0.020840345
1986	0.0325014	0.043805945	0.021196855
1987	0.0331282	0.045163157	0.021093243
1988	0.0337476	0.046770551	0.020724649
1989	0.034002	0.047313165	0.020690835
1990	0.0340624	0.04725496	0.02086984
1991	0.0342928	0.047646544	0.020939056
1992	0.0348852	0.048692262	0.021078138
1993	0.0351976	0.049213212	0.021181988
1994	0.0348276	0.048590185	0.021065015
1995	0.0346272	0.048152757	0.021101643
1996	0.0348452	0.04669359	0.02299681
1997	0.0350778	0.045170966	0.024984634
1998	0.0348404	0.04482795	0.02485285
1999	0.0345318	0.044740768	0.024322832
2000	0.0340786	0.04489327	0.02326393
2001	0.0337804	0.046060629	0.021500171
2002	0.0339266	0.047386713	0.020466487
2003	0.0345516	0.048036457	0.021066743
2004	0.0354942	0.0479417	0.0230467
2005	0.0367202	0.047148139	0.026292261
2006	0.037926	0.046773612	0.029078388
2007	0.037742	0.047120086	0.028363914
2008	0.037614	0.048072713	0.027155287
2009	0.0383442	0.05094072	0.02574768
2010	0.0391184	0.053717806	0.024518994
2011	0.039348	0.054136584	0.024559416
2012	0.039519	0.054495173	0.024542827
2013	0.0402064	0.055095948	0.025316852
2014	0.0410884	0.056008606	0.026168194
2015	0.0410868	0.055332648	0.026840952
2016	0.0403016	0.053205592	0.027397608
2017	0.0399286	0.052074581	0.027782619
2018	0.0404004	0.052183044	0.028617756
2019	0.0408212	0.052565551	0.029076849
2020	0.0409402	0.054058381	0.027822019
2021	0.0410294	0.055434674	0.026624126
2022	0.041404	0.057011424	0.025796576
2023	0.0417764	0.058503389	0.025049411
2024	0.0416376	0.059009852	0.024265348
2025	0.0414288	0.059236952	0.023620648
2026	0.0415146	0.059165263	0.023863937
2027	0.04175	0.059027215	0.024472785
2028	0.0418964	0.058925763	0.024867037
2029	0.0420178	0.058724937	0.025310663
2030	0.0422532	0.058678054	0.025828346
2031	0.0424888	0.059020089	0.025957511
2032	0.04268	0.059359996	0.026000004
2033	0.0427972	0.059558709	0.026035691
2034	0.0429332	0.059799373	0.026067027
2035	0.0429938	0.05973908	0.02624852
2036	0.0430812	0.059577868	0.026584532
2037	0.0432872	0.059880023	0.026694377
2038	0.0434188	0.060193968	0.026643632
2039	0.0435496	0.060238713	0.026860487
2040	0.0440628	0.060452278	0.027673322
2041	0.0445516	0.0607584	0.0283448
2042	0.0443562	0.060910463	0.027801937
2043	0.0442042	0.061239819	0.027168581
2044	0.0444684	0.061683829	0.027252971
2045	0.0447538	0.062097562	0.027410038
2046	0.0450538	0.062459918	0.027647682
2047	0.0454208	0.062994412	0.027847188
2048	0.0447998	0.061817924	0.027781676
2049	0.0439124	0.060271871	0.027552929
2050	0.0437714	0.059716016	0.027826784
2051	0.043915	0.059476115	0.028353885
2052	0.044096	0.059540768	0.028651232
2053	0.044068	0.059730339	0.028405661
2054	0.044036	0.060077511	0.027994489
2055	0.0442328	0.060254081	0.028211519
2056	0.044182	0.060166743	0.028197257
2057	0.0435714	0.059606916	0.027535884
2058	0.0430956	0.059171461	0.027019739
2059	0.0435138	0.059582211	0.027445389
2060	0.043953	0.060267916	0.027638084
2061	0.0438538	0.060328924	0.027378676
2062	0.0438146	0.060437442	0.027191758
2063	0.0437892	0.061034923	0.026543477
2064	0.0439266	0.061546764	0.026306436
2065	0.0442476	0.062126072	0.026369128
2066	0.044398	0.062656494	0.026139506
2067	0.0446624	0.063079843	0.026244957
2068	0.0446874	0.062236464	0.027138336
2069	0.0446748	0.061458809	0.027890791
2070	0.0451286	0.062309234	0.027947966
2071	0.045653	0.06329164	0.02801436
2072	0.0460094	0.063645127	0.028373673
2073	0.0462976	0.064011554	0.028583646
2074	0.0462762	0.064531639	0.028020761
2075	0.0462424	0.064891656	0.027593144
2076	0.0461818	0.06503573	0.02732787
2077	0.0461414	0.06491406	0.02736874
2078	0.0461578	0.064817977	0.027497623
2079	0.0462844	0.064952021	0.027616779
2080	0.0466848	0.06542563	0.02794397
2081	0.047092	0.065935177	0.028248823
2082	0.0474402	0.066529993	0.028350407
2083	0.0475352	0.066783315	0.028287085
2084	0.0475372	0.066844317	0.028230083
2085	0.0476296	0.066908435	0.028350765
2086	0.047865	0.067199192	0.028530808
2087	0.048081	0.067776713	0.028385287
2088	0.048226	0.068472847	0.027979153
2089	0.048178	0.06810899	0.02824701
2090	0.0477372	0.066885217	0.028589183
2091	0.0475888	0.066333327	0.028844273
2092	0.0479026	0.066682258	0.029122942
2093	0.0480358	0.066862744	0.029208856
2094	0.0484444	0.067150499	0.029738301
2095	0.0489528	0.067430436	0.030475164
2096	0.0492094	0.067650227	0.030768573
2097	0.0493416	0.067896845	0.030786355
2098	0.0494738	0.068489336	0.030458264
2099	0.0497206	0.069196879	0.030244321
2100	0.0500848	0.069688485	0.030481115
2101	0.0503408	0.070024457	0.030657143
2102	0.0502052	0.070055857	0.030354543
2103	0.0499546	0.069632007	0.030277193
2104	0.050059	0.069416939	0.030701061
2105	0.0503506	0.069692957	0.031008243
2106	0.0503346	0.069544149	0.031125051
2107	0.0500136	0.068908006	0.031119194
2108	0.0498246	0.068543235	0.031105965
2109	0.0500896	0.068814116	0.031365084
2110	0.0503156	0.068988923	0.031642277
2111	0.0505246	0.069254305	0.031794895
2112	0.0507756	0.069809223	0.031741977
2113	0.0509448	0.070687416	0.031202184
2114	0.0510344	0.071394159	0.030674641
2115	0.0510558	0.071775735	0.030335865
2116	0.05104	0.072189068	0.029890932
2117	0.0512404	0.072440114	0.030040686
2118	0.051697	0.072792881	0.030601119
2119	0.0519188	0.072787311	0.031050289
2120	0.0520614	0.072559187	0.031563613
2121	0.0523296	0.072612789	0.032046411
2122	0.0524938	0.073059049	0.031928551
2123	0.0526068	0.073444119	0.031769481
2124	0.0528882	0.073330202	0.032446198
2125	0.0533614	0.073424822	0.033297978
2126	0.054105	0.07425077	0.03395923
2127	0.0547632	0.075085264	0.034441136
2128	0.0549352	0.075576784	0.034293616
2129	0.054957	0.075984436	0.033929564
2130	0.0547904	0.075914542	0.033666258
2131	0.054677	0.07574849	0.03360551
2132	0.0544648	0.075497115	0.033432485
2133	0.0540338	0.07508692	0.03298068
2134	0.054111	0.075267937	0.032954063
2135	0.0546078	0.075700633	0.033514967
2136	0.0548878	0.075697346	0.034078254
2137	0.055296	0.075970194	0.034621806
2138	0.0556546	0.076330773	0.034978427
2139	0.0557952	0.07680978	0.03478062
2140	0.056052	0.077355501	0.034748499
2141	0.0565416	0.077636903	0.035446297
2142	0.0570242	0.077906263	0.036142137
2143	0.0571056	0.077875375	0.036335825
2144	0.0570272	0.077719062	0.036335338
2145	0.0569012	0.077590951	0.036211449
2146	0.0568056	0.077445717	0.036165483
2147	0.0564816	0.077209693	0.035753507
2148	0.0560622	0.077144003	0.034980397
2149	0.0559682	0.077486949	0.034449451
2150	0.056155	0.078383921	0.033926079
2151	0.0562684	0.079103446	0.033433354
2152	0.056521	0.079610145	0.033431855
2153	0.056698	0.079873019	0.033522981
2154	0.056921	0.079902368	0.033939632
2155	0.0573362	0.08011218	0.03456022
2156	0.0577528	0.080210699	0.035294901
2157	0.0582024	0.080411698	0.035993102
2158	0.0588062	0.081059907	0.036552493
2159	0.0594046	0.081775985	0.037033215
2160	0.0596194	0.082133096	0.037105704
2161	0.0596318	0.082267536	0.036996064
2162	0.0593706	0.082003499	0.036737701
2163	0.0591422	0.081766301	0.036518099
2164	0.0591916	0.081946186	0.036437014
2165	0.0594006	0.082318155	0.036483045
2166	0.0593824	0.082785492	0.035979308
2167	0.0590758	0.083092762	0.035058838
2168	0.0590182	0.083326011	0.034710389
2169	0.0594432	0.083898547	0.034987853
2170	0.059891	0.084507168	0.035274832
2171	0.0603492	0.085161876	0.035536524
2172	0.0606258	0.085486613	0.035764987
2173	0.0604364	0.084570119	0.036302681
2174	0.060372	0.083781634	0.036962366
2175	0.0604372	0.083544935	0.037329465
2176	0.0604264	0.08331056	0.03754224
2177	0.0606084	0.083354661	0.037862139
2178	0.0609526	0.08365207	0.03825313
2179	0.0612148	0.083667917	0.038761683
2180	0.0614024	0.083350342	0.039454458
2181	0.061535	0.083517631	0.039552369
2182	0.0619008	0.084311469	0.039490131
2183	0.0626492	0.085403427	0.039894973
2184	0.063245	0.086596369	0.039893631
2185	0.0634872	0.087368308	0.039606092
2186	0.0634312	0.08761553	0.03924687
2187	0.0634942	0.087924884	0.039063516
2188	0.0637418	0.088523846	0.038959754
2189	0.063799	0.089043044	0.038554956
2190	0.0638572	0.088991182	0.038723218
2191	0.0642044	0.089034657	0.039374143
2192	0.0646446	0.089011236	0.040277964
2193	0.064865	0.088924266	0.040805734
2194	0.0648352	0.089332079	0.040338321
2195	0.064853	0.089984097	0.039721903
2196	0.0648554	0.090221611	0.039489189
2197	0.0648442	0.090174657	0.039513743
2198	0.0646992	0.089766169	0.039632231
2199	0.0645644	0.089355832	0.039772968
2200	0.064404	0.088427099	0.040380901
2201	0.0643046	0.087887288	0.040721912
2202	0.064446	0.088113421	0.040778579
2203	0.0645406	0.088484733	0.040596467
2204	0.0647288	0.089077895	0.040379705
2205	0.0648456	0.089649432	0.040041768
2206	0.0647342	0.08986614	0.03960226
2207	0.0645508	0.089831363	0.039270237
2208	0.0643344	0.089832503	0.038836297
2209	0.0639574	0.089852204	0.038062596
2210	0.0638002	0.090196769	0.037403631
2211	0.0643632	0.091435566	0.037290834
2212	0.0649938	0.092654085	0.037333515
2213	0.065529	0.092889747	0.038168253
2214	0.0659978	0.092772776	0.039222824
2215	0.0660102	0.092272566	0.039747834
2216	0.0658602	0.091739325	0.039981075
2217	0.0655178	0.091185611	0.039849989
2218	0.0651308	0.090702283	0.039559317
2219	0.0650348	0.090662778	0.039406822
2220	0.0651702	0.090686385	0.039654015
2221	0.0652958	0.090484594	0.040107006
2222	0.0652456	0.090037121	0.040454079
2223	0.065072	0.089565602	0.040578398
2224	0.0649574	0.089617969	0.040296831
2225	0.0649612	0.089875323	0.040047077
2226	0.0648402	0.090042434	0.039637966
2227	0.0644858	0.090108201	0.038863399
2228	0.0639164	0.089549582	0.038283218
2229	0.0634452	0.08884246	0.03804794
2230	0.0632026	0.088333783	0.038071417
2231	0.0631492	0.08812203	0.03817637
2232	0.0634766	0.088518486	0.038434714
2233	0.0636904	0.088856575	0.038524225
2234	0.0635888	0.08858296	0.03859464
2235	0.063511	0.088109944	0.038912056
2236	0.0630588	0.08711468	0.03900292
2237	0.0625298	0.086303394	0.038756206
2238	0.0622772	0.086553313	0.038001087
2239	0.0620068	0.086581474	0.037432126
2240	0.0620014	0.086124704	0.037878096
2241	0.062188	0.085945462	0.038430538
2242	0.0624326	0.085801564	0.039063636
2243	0.0620592	0.084801708	0.039316692
2244	0.0615796	0.083981485	0.039177715
2245	0.0614754	0.083638398	0.039312402
2246	0.061092	0.082929192	0.039254808
2247	0.0607394	0.082333508	0.039145292
2248	0.0605438	0.081999945	0.039087655
2249	0.0601968	0.081855173	0.038538427
2250	0.0598546	0.081688036	0.038021164
2251	0.0596712	0.081370383	0.037972017
2252	0.0594728	0.081128644	0.037816956
2253	0.0592026	0.081591373	0.036813827
2254	0.058947	0.082181875	0.035712125
2255	0.058898	0.08219789	0.03559811
2256	0.0588736	0.081896468	0.035850732
2257	0.0582256	0.080552687	0.035898513
2258	0.0573414	0.078981925	0.035700875
2259	0.0566938	0.077952756	0.035434844
2260	0.0560832	0.076699392	0.035467008
2261	0.0556902	0.075874014	0.035506386
2262	0.0554404	0.075485943	0.035394857
2263	0.0551208	0.075105278	0.035136322
2264	0.0549014	0.075279485	0.034523315
2265	0.0545926	0.074877079	0.034308121
2266	0.0540742	0.074039848	0.034108552
2267	0.0536954	0.073877027	0.033513773
2268	0.0536272	0.074097733	0.033156667
2269	0.0537132	0.074122644	0.033303756
2270	0.0532884	0.073264343	0.033312457
2271	0.0525986	0.072351879	0.032845321
2272	0.0525188	0.072102059	0.032935541
2273	0.052374	0.071716192	0.033031808
2274	0.0518616	0.07155821	0.03216499
2275	0.051534	0.071719576	0.031348424
2276	0.0515054	0.071551429	0.031459371
2277	0.0514026	0.071175234	0.031629966
2278	0.0511838	0.070621625	0.031745975
2279	0.0509984	0.069942725	0.032054075
2280	0.0511542	0.069436639	0.032871761
2281	0.0514228	0.069225183	0.033620417
2282	0.051412	0.06884852	0.03397548
2283	0.0511498	0.068323454	0.033976146
2284	0.050546	0.067633741	0.033458259
2285	0.0497912	0.067200616	0.032381784
2286	0.0492974	0.067358153	0.031236647
2287	0.0490896	0.067700561	0.030478639
2288	0.0490134	0.067912032	0.030114768
2289	0.0494828	0.068368965	0.030596635
2290	0.0499948	0.069347793	0.030641807
2291	0.0498028	0.069110331	0.030495269
2292	0.0496852	0.068202907	0.031167493
2293	0.0496546	0.067540773	0.031768427
2294	0.0493606	0.066596553	0.032124647
2295	0.0489818	0.065703561	0.032260039
2296	0.0488506	0.065337231	0.032363969
2297	0.0485572	0.065603081	0.031511319
2298	0.0478638	0.065652581	0.030075019
2299	0.0474482	0.064924596	0.029971804
2300	0.0471562	0.064157386	0.030155014
2301	0.0466622	0.063316856	0.030007544
2302	0.0461926	0.062703937	0.029681263
2303	0.0460204	0.062742464	0.029298336
2304	0.0459794	0.06302638	0.02893242
2305	0.0464964	0.063214144	0.029778656
2306	0.0470328	0.063297291	0.030768309
2307	0.046606	0.06321738	0.02999462
2308	0.045895	0.063034096	0.028755904
2309	0.0457292	0.062730906	0.028727494
2310	0.0457836	0.06233756	0.02922964
2311	0.0461258	0.062505815	0.029745785
2312	0.0462514	0.062869729	0.029633071
2313	0.0458094	0.062235925	0.029382875
2314	0.0452404	0.06147083	0.02900997
2315	0.0443754	0.060568709	0.028182091
2316	0.0435496	0.059715135	0.027384065
2317	0.0434092	0.059491642	0.027326758
2318	0.0438662	0.059427617	0.028304783
2319	0.044607	0.059918795	0.029295205
2320	0.0456538	0.061047924	0.030259676
2321	0.0461252	0.06169361	0.03055679
2322	0.045578	0.061262311	0.029893689
2323	0.0451994	0.060778597	0.029620203
2324	0.0450368	0.060201373	0.029872227
2325	0.0448492	0.060013684	0.029684716
2326	0.0449028	0.060685783	0.029119817
2327	0.0447468	0.060860018	0.028633582
2328	0.043933	0.060323381	0.027542619
2329	0.043337	0.060053331	0.026620669
2330	0.043093	0.059283425	0.026902575
2331	0.0425878	0.058365636	0.026809964
2332	0.041578	0.057996477	0.025159523
2333	0.0406238	0.057662705	0.023584895
2334	0.0403228	0.057034091	0.023611509
2335	0.0403152	0.056751761	0.023878639
2336	0.0409358	0.057863319	0.024008281
2337	0.0417342	0.059156571	0.024311829
2338	0.0429702	0.060088829	0.025851571
2339	0.0442924	0.061105663	0.027479137
2340	0.044765	0.062021479	0.027508521
2341	0.0444636	0.061810454	0.027116746
2342	0.0440622	0.060274265	0.027850135
2343	0.043974	0.059241322	0.028706678
2344	0.0438604	0.058612317	0.029108483
2345	0.0438008	0.058641739	0.028959861
2346	0.043433	0.058935597	0.027930403
2347	0.0432404	0.059432141	0.027048659
2348	0.0429732	0.060656364	0.025290036
2349	0.0422658	0.061223442	0.023308158
2350	0.0411886	0.060622863	0.021754337
2351	0.0395152	0.059222556	0.019807844
2352	0.0387706	0.058034595	0.019506605
2353	0.039874	0.058665848	0.021082152
2354	0.0416706	0.060166683	0.023174517
2355	0.0434638	0.061123064	0.025804536
2356	0.0442372	0.061035343	0.027439057
2357	0.0431608	0.058567339	0.027754261
2358	0.0419566	0.05614265	0.02777055
2359	0.0411068	0.054751554	0.027462046
2360	0.0404806	0.054216663	0.026744537
2361	0.041765	0.056766979	0.026763021
2362	0.0431044	0.059136768	0.027072032
2363	0.0420834	0.058382933	0.025783867
2364	0.0409446	0.057221166	0.024668034
2365	0.0408824	0.056596849	0.025167951
2366	0.0406612	0.056207897	0.025114503
2367	0.0399062	0.055610575	0.024201825
2368	0.0392534	0.055242374	0.023264426
2369	0.0384706	0.055378392	0.021562808
2370	0.0377354	0.055643049	0.019827751
2371	0.0391858	0.057776735	0.020594865
2372	0.0412084	0.060503895	0.021912905
2373	0.042026	0.061152982	0.022899018
2374	0.0424284	0.061363017	0.023493783
2375	0.0414354	0.06003173	0.02283907
2376	0.0398302	0.05817473	0.02148567
2377	0.0387702	0.056867593	0.020672807
2378	0.0379376	0.056207449	0.019667751
2379	0.0385178	0.056842477	0.020193123
2380	0.039558	0.057829624	0.021286376
2381	0.0392228	0.057235734	0.021209866
2382	0.0387808	0.057241107	0.020320493
2383	0.0393468	0.05813316	0.02056044
2384	0.0399434	0.057838175	0.022048625
2385	0.0396966	0.056447553	0.022945647
2386	0.0393328	0.055181156	0.023484444
2387	0.0392862	0.054919771	0.023652629
2388	0.0392228	0.055152421	0.023293179
2389	0.038771	0.054512746	0.023029254
2390	0.03768	0.053201298	0.022158702
2391	0.0362914	0.051947207	0.020635593
2392	0.0350624	0.051680324	0.018444476
2393	0.033903	0.051074157	0.016731843
2394	0.0324484	0.049137469	0.015759331
2395	0.0317702	0.048390798	0.015149602
2396	0.0317016	0.048987515	0.014415685
2397	0.0316372	0.048859782	0.014414618
2398	0.0325346	0.048232973	0.016836227
2399	0.0331704	0.048098001	0.018242799
2400	0.0343788	0.049237851	0.019519749
2401	0.0358298	0.050499969	0.021159631
2402	0.0349904	0.049311481	0.020669319
2403	0.0338152	0.047923263	0.019707137
2404	0.0322674	0.045821345	0.018713455
2405	0.0303552	0.043093311	0.017617089
2406	0.0306784	0.041802325	0.019554475
2407	0.0317974	0.041728234	0.021866566
2408	0.0330278	0.04287241	0.02318319
2409	0.033609	0.044410567	0.022807433
2410	0.0319716	0.044798202	0.019144998
2411	0.0307066	0.045216113	0.016197087
2412	0.0320686	0.046748386	0.017388814
2413	0.034022	0.050075053	0.017968947
2414	0.0362902	0.051387729	0.021192671
2415	0.0374728	0.050838817	0.024106783
2416	0.035935	0.048644537	0.023225463
2417	0.0349186	0.048209555	0.021627645
2418	0.0337776	0.046332006	0.021223194
2419	0.0318442	0.043780913	0.019907487
2420	0.0297906	0.041578707	0.018002493
2421	0.02846	0.039823769	0.017096231
2422	0.0284458	0.03945203	0.01743957
2423	0.0288358	0.040223697	0.017447903
2424	0.031199	0.043024895	0.019373105
2425	0.033173	0.046261027	0.020084973
2426	0.0332482	0.047639802	0.018856598
2427	0.0330838	0.048639085	0.017528515
2428	0.0327464	0.047899907	0.017592893
2429	0.0324262	0.046603534	0.018248866
2430	0.0304216	0.043176013	0.017667187
2431	0.0284578	0.041765832	0.015149768
2432	0.0276946	0.040869813	0.014519387
2433	0.0263	0.037583615	0.015016385
2434	0.0262006	0.036438515	0.015962685
2435	0.0278464	0.037772633	0.017920167
2436	0.0276618	0.03813874	0.01718486
2437	0.0262112	0.03699459	0.01542781
2438	0.0261732	0.037821111	0.014525289
2439	0.0279632	0.043034022	0.012892378
2440	0.0300512	0.047444462	0.012657938
2441	0.0297666	0.045586514	0.013946686
2442	0.0282974	0.041753394	0.014841406
2443	0.0268346	0.038657234	0.015011966
2444	0.0259494	0.03684573	0.01505307
2445	0.0260666	0.038741069	0.013392131
2446	0.0265254	0.039270224	0.013780576
2447	0.0277498	0.03922829	0.01627131
2448	0.0283294	0.038583507	0.018075293
2449	0.0273858	0.036807803	0.017963797
2450	0.0280676	0.03952967	0.01660553
2451	0.0292758	0.040785304	0.017766296
2452	0.0279202	0.04084074	0.01499966
2453	0.0273414	0.038074301	0.016608499
2454	0.0260954	0.034816952	0.017373848
2455	0.0245722	0.03290424	0.01624016
2456	0.0247992	0.03522608	0.01437232
2457	0.026575	0.038141396	0.015008604
2458	0.0289642	0.041789695	0.016138705
2459	0.028155	0.04311117	0.01319883
2460	0.0274322	0.043930147	0.010934253
2461	0.026279	0.041216143	0.011341857
2462	0.023863	0.039150628	0.008575372
2463	0.0228858	0.036589357	0.009182243
2464	0.021792	0.032271445	0.011312555
2465	0.0208242	0.030402653	0.011245747
2466	0.0197426	0.031924643	0.007560557
2467	0.0175074	0.026679609	0.008335191
2468	0.016913	0.025321879	0.008504121
2469	0.0175692	0.025692344	0.009446056
2470	0.0160526	0.02542377	0.00668143
2471	0.012713	0.018715274	0.006710726
2472	0.009871	0.016755243	0.002986757
2473	0.0115026	0.020080928	0.002924272
2474	0.0147814	0.029564325	-1.53E-06
2475	0.014479	0.032012247	-0.003054247
2476	0.013946	0.030507586	-0.002615586
2477	0.0179584	0.032039116	0.003877684
2478	0.0226676	0.034703204	0.010631996
2479	0.023462	0.031579166	0.015344834
2480	0.0220056	0.030537584	0.013473616
2481	0.0240562	0.031718193	0.016394207
2482	0.0273766	0.036716707	0.018036493
2483	0.0333594	0.048773222	0.017945578
2484	0.0454488	0.079285424	0.011612176
2485	0.0568922	0.10360378	0.01018062
2486	0.0643586	0.122591131	0.006126069
2487	0.0621816	0.103500498	0.020862702
2488	0.060597	0.087738913	0.033455087
2489	0.0630326	0.091642419	0.034422781
2490	0.064057	0.110581504	0.017532496
2491	0.053995	0.08602139	0.02196861
2492	0.0400792	0.063362953	0.016795447
2493	0.0385658	0.068397997	0.008733603
2494	0.0434254	0.087706796	-0.000855996
2495	0.037841	0.070552842	0.005129158
2496	0.0344776	0.053850539	0.015104661
2497	0.045987	0.069801837	0.022172163
2498	0.0488606	0.079679107	0.018042093
2499	0.0373828	0.061683003	0.013082597
2500	0.035429	0.061410737	0.009447263
