Wavelength	Mean	Std+	Std-
350	0.0153872	0.020310537	0.010463863
351	0.0153276	0.020295708	0.010359492
352	0.0158158	0.020846825	0.010784775
353	0.0157458	0.020650999	0.010840601
354	0.0156624	0.020526174	0.010798626
355	0.0156064	0.020524599	0.010688201
356	0.0154608	0.020436884	0.010484716
357	0.0155548	0.020579995	0.010529605
358	0.0157338	0.020792237	0.010675363
359	0.0157102	0.020764935	0.010655465
360	0.015663	0.020690408	0.010635592
361	0.0156288	0.020673976	0.010583624
362	0.0156332	0.020788743	0.010477657
363	0.0158028	0.02089508	0.01071052
364	0.015778	0.020898464	0.010657536
365	0.0155432	0.020811157	0.010275243
366	0.015753	0.020956033	0.010549967
367	0.0156186	0.020749101	0.010488099
368	0.0154326	0.020504392	0.010360808
369	0.0159756	0.02107883	0.01087237
370	0.0159306	0.02113324	0.01072796
371	0.0157346	0.020964249	0.010504951
372	0.015637	0.020695669	0.010578331
373	0.0155698	0.020710521	0.010429079
374	0.0156266	0.020790684	0.010462516
375	0.0158244	0.02090746	0.01074134
376	0.0157644	0.021047838	0.010480962
377	0.0158476	0.021169751	0.010525449
378	0.0159606	0.021238103	0.010683097
379	0.0156946	0.021078413	0.010310787
380	0.0155144	0.020909387	0.010119413
381	0.0155144	0.020886814	0.010141986
382	0.0158574	0.021209776	0.010505024
383	0.0158764	0.021189322	0.010563478
384	0.0159536	0.021240939	0.010666261
385	0.0161618	0.021439884	0.010883716
386	0.016193	0.021580287	0.010805713
387	0.0159262	0.0213733	0.0104791
388	0.0155526	0.021038879	0.010066321
389	0.0157986	0.02142623	0.01017097
390	0.0159384	0.021502033	0.010374767
391	0.0159446	0.021400361	0.010488839
392	0.0157296	0.021167652	0.010291548
393	0.0160774	0.021538235	0.010616565
394	0.0161322	0.021633371	0.010631029
395	0.0157076	0.021262895	0.010152305
396	0.015885	0.021480959	0.010289041
397	0.0159326	0.021560994	0.010304206
398	0.0159096	0.021553367	0.010265833
399	0.0159882	0.021581484	0.010394916
400	0.016087	0.02169714	0.01047686
401	0.0161662	0.02180539	0.01052701
402	0.0161846	0.021819254	0.010549946
403	0.016282	0.0219167	0.0106473
404	0.0163298	0.021978273	0.010681327
405	0.0162924	0.021973765	0.010611035
406	0.0165698	0.022242908	0.010896692
407	0.0166952	0.022349822	0.011040578
408	0.016705	0.022348244	0.011061756
409	0.0168098	0.022554059	0.011065541
410	0.0169518	0.022746199	0.011157401
411	0.0170734	0.02288492	0.01126188
412	0.0170936	0.022894922	0.011292278
413	0.0171874	0.023096458	0.011278342
414	0.0173576	0.02333898	0.01137622
415	0.0176248	0.023587963	0.011661637
416	0.0178834	0.023904045	0.011862755
417	0.0180826	0.024176021	0.011989179
418	0.018253	0.024429454	0.012076546
419	0.018642	0.024907748	0.012376252
420	0.018927	0.025297453	0.012556547
421	0.0191968	0.0256699	0.0127237
422	0.019587	0.026129726	0.013044274
423	0.0199966	0.026637039	0.013356161
424	0.02036	0.027105414	0.013614586
425	0.020642	0.027494936	0.013789064
426	0.0210038	0.02795234	0.01405526
427	0.021367	0.028429798	0.014304202
428	0.0217288	0.028929145	0.014528455
429	0.0221026	0.029473385	0.014731815
430	0.022528	0.030046982	0.015009018
431	0.022964	0.030620693	0.015307307
432	0.02335	0.031154696	0.015545304
433	0.023687	0.031621738	0.015752262
434	0.0240256	0.032084536	0.015966664
435	0.0243958	0.032580325	0.016211275
436	0.0247332	0.033039944	0.016426456
437	0.0250564	0.033486027	0.016626773
438	0.0253766	0.033931462	0.016821738
439	0.0257946	0.034486661	0.017102539
440	0.026143	0.034942076	0.017343924
441	0.026453	0.035348869	0.017557131
442	0.0267794	0.035808047	0.017750753
443	0.0270606	0.036234609	0.017886591
444	0.0273298	0.036635759	0.018023841
445	0.0276038	0.037006588	0.018201012
446	0.0279802	0.037477022	0.018483378
447	0.0282902	0.037903185	0.018677215
448	0.028518	0.038270105	0.018765895
449	0.0287952	0.038630651	0.018959749
450	0.029076	0.038990058	0.019161942
451	0.0293488	0.039342237	0.019355363
452	0.0295728	0.039660605	0.019484995
453	0.0297354	0.039900717	0.019570083
454	0.0299084	0.040149985	0.019666815
455	0.0301528	0.040481389	0.019824211
456	0.0303542	0.040760457	0.019947943
457	0.0305358	0.041021569	0.020050031
458	0.0306986	0.04126632	0.02013088
459	0.0308274	0.041433675	0.020221125
460	0.03097	0.041629047	0.020310953
461	0.031097	0.041817943	0.020376057
462	0.031091	0.041867721	0.020314279
463	0.0312794	0.042101454	0.020457346
464	0.0314668	0.042325907	0.020607693
465	0.0314808	0.042367334	0.020594266
466	0.0315762	0.042504453	0.020647947
467	0.0316688	0.042645431	0.020692169
468	0.0317396	0.04277077	0.02070843
469	0.0318296	0.042905534	0.020753666
470	0.0319002	0.043021126	0.020779274
471	0.0319682	0.043135198	0.020801202
472	0.0321092	0.043324832	0.020893568
473	0.0321738	0.043443528	0.020904072
474	0.0322214	0.043546547	0.020896253
475	0.0323066	0.043682715	0.020930485
476	0.0324188	0.043850347	0.020987253
477	0.0325206	0.044004966	0.021036234
478	0.0326012	0.044133523	0.021068877
479	0.032668	0.044240907	0.021095093
480	0.032733	0.044350348	0.021115652
481	0.032793	0.044455012	0.021130988
482	0.0328216	0.04450737	0.02113583
483	0.0328976	0.044603483	0.021191717
484	0.0329962	0.044724968	0.021267432
485	0.0330974	0.044860745	0.021334055
486	0.0331274	0.044953879	0.021300921
487	0.0331858	0.045079027	0.021292573
488	0.0333078	0.045265273	0.021350327
489	0.0334596	0.0454995	0.0214197
490	0.0335822	0.045678676	0.021485724
491	0.0336936	0.045828795	0.021558405
492	0.0339488	0.046158917	0.021738683
493	0.0341406	0.046419815	0.021861385
494	0.0343254	0.046674891	0.021975909
495	0.0345836	0.047016473	0.022150727
496	0.0348172	0.047322707	0.022311693
497	0.035076	0.047647234	0.022504766
498	0.0353876	0.048018499	0.022756701
499	0.035814	0.04854971	0.02307829
500	0.036249	0.049102464	0.023395536
501	0.0366864	0.049668162	0.023704638
502	0.0371318	0.050249267	0.024014333
503	0.0377356	0.051005234	0.024465966
504	0.0384084	0.051837438	0.024979362
505	0.0390582	0.052644189	0.025472211
506	0.0397626	0.053506032	0.026019168
507	0.0405088	0.0544202	0.0265974
508	0.0413084	0.055408363	0.027208437
509	0.0422998	0.056612032	0.027987568
510	0.0432866	0.057815989	0.028757211
511	0.0442744	0.05902594	0.02952286
512	0.0454736	0.060460959	0.030486241
513	0.0467134	0.061954677	0.031472123
514	0.0480172	0.063528973	0.032505427
515	0.0494504	0.06524849	0.03365231
516	0.0510278	0.067168358	0.034887242
517	0.0526986	0.069206028	0.036191172
518	0.05445	0.071334283	0.037565717
519	0.0563492	0.07365294	0.03904546
520	0.058249	0.075962262	0.040535738
521	0.060114	0.078216842	0.042011158
522	0.0619372	0.080415871	0.043458529
523	0.063739	0.082587589	0.044890411
524	0.0655618	0.084782661	0.046340939
525	0.0674786	0.087084028	0.047873172
526	0.0693378	0.089321328	0.049354272
527	0.0711392	0.091501844	0.050776556
528	0.0728818	0.09363068	0.05213292
529	0.0745798	0.095670484	0.053489116
530	0.0761538	0.097566283	0.054741317
531	0.0775894	0.099305942	0.055872858
532	0.0789854	0.100983413	0.056987387
533	0.0803016	0.102575117	0.058028083
534	0.081558	0.104101713	0.059014287
535	0.0827582	0.105560077	0.059956323
536	0.0837768	0.106806434	0.060747166
537	0.08471	0.107951706	0.061468294
538	0.0856014	0.109046294	0.062156506
539	0.0864422	0.110085403	0.062798997
540	0.0872688	0.111110456	0.063427144
541	0.0880792	0.112119461	0.064038939
542	0.0888208	0.113045485	0.064596115
543	0.0895442	0.113957384	0.065131016
544	0.0902548	0.114854259	0.065655341
545	0.0909852	0.115753249	0.066217151
546	0.0916718	0.116601833	0.066741767
547	0.0923324	0.117424386	0.067240414
548	0.0929748	0.118233718	0.067715882
549	0.0935428	0.118946842	0.068138758
550	0.0940806	0.119619519	0.068541681
551	0.094594	0.120257872	0.068930128
552	0.0949396	0.120716345	0.069162855
553	0.0951586	0.121024611	0.069292589
554	0.0952614	0.121191623	0.069331177
555	0.095231	0.121181303	0.069280697
556	0.095108	0.121051699	0.069164301
557	0.094891	0.120814204	0.068967796
558	0.094525	0.120420604	0.068629396
559	0.094114	0.119957025	0.068270975
560	0.0936356	0.119409233	0.067861967
561	0.0930746	0.118760214	0.067388986
562	0.092399	0.117994536	0.066803464
563	0.091707	0.117191707	0.066222293
564	0.090974	0.116329014	0.065618986
565	0.0900388	0.115260595	0.064817005
566	0.089053	0.114123468	0.063982532
567	0.0880156	0.112916213	0.063114987
568	0.0869054	0.111607146	0.062203654
569	0.0857846	0.110280671	0.061288529
570	0.0846132	0.108897719	0.060328681
571	0.08337	0.107435863	0.059304137
572	0.0822614	0.106144779	0.058378021
573	0.0811556	0.104849987	0.057461213
574	0.080061	0.10355991	0.05656209
575	0.0790966	0.102408749	0.055784451
576	0.0781788	0.101322938	0.055034662
577	0.0772964	0.100282323	0.054310477
578	0.0764678	0.099297788	0.053637812
579	0.0757438	0.098470511	0.053017089
580	0.0750808	0.097702054	0.052459546
581	0.0744798	0.096972887	0.051986713
582	0.0738744	0.096263999	0.051484801
583	0.0732936	0.095593149	0.050994051
584	0.0727418	0.094961454	0.050522146
585	0.0722962	0.094421295	0.050171105
586	0.0718476	0.093884868	0.049810332
587	0.0714128	0.093370662	0.049454938
588	0.0710528	0.092951843	0.049153757
589	0.0707468	0.092603997	0.048889603
590	0.070472	0.092306091	0.048637909
591	0.0702318	0.092069385	0.048394215
592	0.070036	0.091834969	0.048237031
593	0.0698482	0.0916186	0.0480778
594	0.0696664	0.091424692	0.047908108
595	0.069535	0.091312101	0.047757899
596	0.069399	0.091164512	0.047633488
597	0.0692708	0.091017183	0.047524417
598	0.0691848	0.090954347	0.047415253
599	0.0690462	0.090819458	0.047272942
600	0.0688588	0.090635672	0.047081928
601	0.0686084	0.090400013	0.046816787
602	0.0684036	0.090162879	0.046644321
603	0.0681436	0.089872436	0.046414764
604	0.067813	0.089516555	0.046109445
605	0.0673944	0.089020848	0.045767952
606	0.0668856	0.088444125	0.045327075
607	0.0663284	0.087824138	0.044832662
608	0.0658292	0.087264099	0.044394301
609	0.0652936	0.086631494	0.043955706
610	0.0647352	0.085957313	0.043513087
611	0.0641636	0.085255357	0.043071843
612	0.0636542	0.084627515	0.042680885
613	0.0631354	0.083986081	0.042284719
614	0.0625978	0.083319493	0.041876107
615	0.0621526	0.082807715	0.041497485
616	0.0616892	0.082281672	0.041096728
617	0.0612362	0.081762699	0.040709701
618	0.0608962	0.081329882	0.040462518
619	0.0605854	0.080934162	0.040236638
620	0.0602866	0.080566543	0.040006657
621	0.059991	0.080232311	0.039749689
622	0.0597932	0.07998671	0.03959969
623	0.0596522	0.079809884	0.039494516
624	0.0595684	0.079708406	0.039428394
625	0.0595324	0.079667755	0.039397045
626	0.0595134	0.079627507	0.039399293
627	0.059518	0.079607793	0.039428207
628	0.0595858	0.079700727	0.039470873
629	0.0595032	0.079627074	0.039379326
630	0.0594016	0.079532866	0.039270334
631	0.059392	0.079538121	0.039245879
632	0.0593346	0.079472906	0.039196294
633	0.0592574	0.079366416	0.039148384
634	0.0591644	0.079222396	0.039106404
635	0.0588304	0.078791349	0.038869451
636	0.0584782	0.078369616	0.038586784
637	0.0580988	0.07793459	0.03826301
638	0.0576158	0.077352679	0.037878921
639	0.0571574	0.076789699	0.037525101
640	0.0566476	0.076176988	0.037118212
641	0.055973	0.075409891	0.036536109
642	0.055341	0.074639516	0.036042484
643	0.0547226	0.073883545	0.035561655
644	0.0541072	0.073141458	0.035072942
645	0.0535388	0.072448889	0.034628711
646	0.0529378	0.071754195	0.034121405
647	0.0523248	0.07107133	0.03357827
648	0.0518402	0.070507772	0.033172628
649	0.051371	0.069987337	0.032754663
650	0.0509364	0.069513696	0.032359104
651	0.0505738	0.069110006	0.032037594
652	0.050244	0.068719765	0.031768235
653	0.0499374	0.0683401	0.0315347
654	0.0496492	0.067963589	0.031334811
655	0.0493112	0.067584562	0.031037838
656	0.0487932	0.067033684	0.030552716
657	0.0481476	0.066350164	0.029945036
658	0.0475934	0.065642371	0.029544429
659	0.0469862	0.064875386	0.029097014
660	0.0463514	0.06408374	0.02861906
661	0.0456998	0.06329196	0.02810764
662	0.0451408	0.062593764	0.027687836
663	0.0445972	0.061910398	0.027284002
664	0.0440434	0.061214835	0.026871965
665	0.0435142	0.060558841	0.026469559
666	0.0430736	0.060014472	0.026132728
667	0.0427186	0.059580189	0.025857011
668	0.042402	0.059201949	0.025602051
669	0.0421866	0.058927664	0.025445536
670	0.0420368	0.058723842	0.025349758
671	0.0419254	0.058568457	0.025282343
672	0.0418178	0.058441576	0.025194024
673	0.0417172	0.058333239	0.025101161
674	0.0416266	0.058244203	0.025008997
675	0.0416782	0.058318731	0.025037669
676	0.041775	0.058438272	0.025111728
677	0.0419098	0.058596166	0.025223434
678	0.0421174	0.058864134	0.025370666
679	0.0423706	0.059208304	0.025532896
680	0.0427074	0.059661279	0.025753521
681	0.043273	0.060371302	0.026174698
682	0.0440548	0.061370073	0.026739527
683	0.0449688	0.062535812	0.027401788
684	0.0460366	0.063888206	0.028184994
685	0.0477678	0.06594942	0.02958618
686	0.0499428	0.068662959	0.031222641
687	0.0525328	0.07202823	0.03303737
688	0.0554132	0.075631339	0.035195061
689	0.0586504	0.079606335	0.037694465
690	0.0621616	0.083867056	0.040456144
691	0.0662496	0.088777147	0.043722053
692	0.071069	0.094529486	0.047608514
693	0.0763218	0.100790678	0.051852922
694	0.0819846	0.107533883	0.056435317
695	0.0881978	0.114863975	0.061531625
696	0.0946148	0.122445114	0.066784486
697	0.1012914	0.130352868	0.072229932
698	0.1084166	0.138741752	0.078091448
699	0.1157518	0.147398646	0.084104954
700	0.1232856	0.156300922	0.090270278
701	0.131044	0.165434536	0.096653464
702	0.1388942	0.174640751	0.103147649
703	0.146741	0.183840656	0.109641344
704	0.1546516	0.193126586	0.116176614
705	0.1626886	0.202551937	0.122825263
706	0.1708114	0.212069535	0.129553265
707	0.1790198	0.221675775	0.136363825
708	0.1874894	0.231563141	0.143415659
709	0.1959944	0.24150976	0.15047904
710	0.2045714	0.251544905	0.157597895
711	0.2134136	0.261831645	0.164995555
712	0.2222136	0.272083776	0.172343424
713	0.2310096	0.282338523	0.179680677
714	0.239915	0.292713969	0.187116031
715	0.2485942	0.302873957	0.194314443
716	0.2577122	0.313539342	0.201885058
717	0.2674928	0.324948523	0.210037077
718	0.2773396	0.336390366	0.218288834
719	0.2872856	0.347881833	0.226689367
720	0.2965538	0.358546521	0.234561079
721	0.305178	0.368509001	0.241846999
722	0.3138524	0.378531477	0.249173323
723	0.322883	0.388971161	0.256794839
724	0.3317734	0.399251736	0.264295064
725	0.3401378	0.408889756	0.271385844
726	0.3482378	0.41819033	0.27828527
727	0.3562006	0.427290472	0.285110728
728	0.363835	0.436042315	0.291627685
729	0.3711974	0.444459973	0.297934827
730	0.378205	0.452447862	0.303962138
731	0.3848646	0.459999209	0.309729991
732	0.3910236	0.466960043	0.315087157
733	0.3967998	0.473485	0.3201146
734	0.4023002	0.479718319	0.324882081
735	0.4075292	0.485643429	0.329414971
736	0.412466	0.49123293	0.33369907
737	0.4170382	0.496401909	0.337674491
738	0.4212764	0.501173379	0.341379421
739	0.425265	0.505652032	0.344877968
740	0.4289988	0.509834698	0.348162902
741	0.4324656	0.513738111	0.351193089
742	0.4356258	0.517289498	0.353962102
743	0.4385632	0.520592971	0.356533429
744	0.441312	0.523702988	0.358921012
745	0.4437658	0.526438382	0.361093218
746	0.446037	0.528961614	0.363112386
747	0.4481346	0.531296268	0.364972932
748	0.4499764	0.533396012	0.366556788
749	0.451717	0.535360076	0.368073924
750	0.4533478	0.537177162	0.369518438
751	0.4547582	0.538748568	0.370767832
752	0.4560868	0.540240608	0.371932992
753	0.4573396	0.541646106	0.373033094
754	0.4584902	0.542906776	0.374073624
755	0.4594968	0.544053264	0.374940336
756	0.4601234	0.544742763	0.375504037
757	0.4600986	0.544609996	0.375587204
758	0.458609	0.542969792	0.374248208
759	0.4579756	0.542458462	0.373492738
760	0.4602538	0.545466581	0.375041019
761	0.4621448	0.547698938	0.376590662
762	0.4635818	0.549372456	0.377791144
763	0.464873	0.550797788	0.378948212
764	0.4660964	0.551952543	0.380240257
765	0.466896	0.552683583	0.381108417
766	0.467498	0.553221771	0.381774229
767	0.4680366	0.553694149	0.382379051
768	0.4685442	0.554195414	0.382892986
769	0.4690228	0.55468974	0.38335586
770	0.4694846	0.555186573	0.383782627
771	0.4700256	0.555796531	0.384254669
772	0.470513	0.556325634	0.384700366
773	0.4709794	0.556823935	0.385134865
774	0.4714956	0.557404672	0.385586528
775	0.4719378	0.557899977	0.385975623
776	0.4723438	0.558356613	0.386330987
777	0.4727276	0.558793683	0.386661517
778	0.473216	0.559348158	0.387083842
779	0.473725	0.559912279	0.387537721
780	0.4742382	0.560466189	0.388010211
781	0.4747112	0.561024596	0.388397804
782	0.475163	0.561540118	0.388785882
783	0.4756046	0.562035097	0.389174103
784	0.476058	0.562567632	0.389548368
785	0.4764538	0.56302785	0.38987975
786	0.4768438	0.563487122	0.390200478
787	0.477267	0.564000949	0.390533051
788	0.4777526	0.564576037	0.390929163
789	0.478242	0.5651313	0.3913527
790	0.4787218	0.565645046	0.391798554
791	0.479067	0.566020478	0.392113522
792	0.4795002	0.566501096	0.392499304
793	0.4800032	0.567069841	0.392936559
794	0.4805274	0.56769284	0.39336196
795	0.4809884	0.568253465	0.393723335
796	0.4814228	0.568766673	0.394078927
797	0.4818544	0.569222708	0.394486092
798	0.482285	0.569690128	0.394879872
799	0.4827538	0.570211337	0.395296263
800	0.4832686	0.570797019	0.395740181
801	0.4836668	0.571281488	0.396052112
802	0.4840662	0.571737382	0.396395018
803	0.484481	0.572185288	0.396776712
804	0.4849906	0.572741372	0.397239828
805	0.4854438	0.573268706	0.397618894
806	0.485852	0.573741635	0.397962365
807	0.4862044	0.574096302	0.398312498
808	0.4865582	0.574522053	0.398594347
809	0.486934	0.575000491	0.398867509
810	0.4873392	0.575533028	0.399145372
811	0.4876034	0.575911442	0.399295358
812	0.4878258	0.576226256	0.399425344
813	0.4880312	0.576510244	0.399552156
814	0.4883558	0.576949535	0.399762065
815	0.4887416	0.577433711	0.400049489
816	0.4891732	0.577945205	0.400401195
817	0.4896436	0.578459595	0.400827605
818	0.4901062	0.578957733	0.401254667
819	0.49065	0.57953045	0.40176955
820	0.4913376	0.580241076	0.402434124
821	0.4909746	0.57985291	0.40209629
822	0.4912258	0.580178015	0.402273585
823	0.4920734	0.581174603	0.402972197
824	0.4925798	0.581668373	0.403491227
825	0.4928298	0.581908855	0.403750745
826	0.4929792	0.582068901	0.403889499
827	0.493189	0.582355129	0.404022871
828	0.4935938	0.582820332	0.404367268
829	0.4939534	0.583208463	0.404698337
830	0.4941442	0.583378819	0.404909581
831	0.4943408	0.583625554	0.405056046
832	0.4946	0.583922942	0.405277058
833	0.49492	0.584266047	0.405573953
834	0.4952538	0.584654363	0.405853237
835	0.4955624	0.584967173	0.406157627
836	0.4958528	0.585241759	0.406463841
837	0.4961222	0.585523833	0.406720567
838	0.4964074	0.585828206	0.406986594
839	0.4967036	0.586161065	0.407246135
840	0.4970122	0.586534976	0.407489424
841	0.4973028	0.586879246	0.407726354
842	0.4975362	0.587145607	0.407926793
843	0.4977228	0.587344322	0.408101278
844	0.4981618	0.587805625	0.408517975
845	0.4984802	0.588168192	0.408792208
846	0.4987324	0.588473674	0.408991126
847	0.4990224	0.588800634	0.409244166
848	0.499117	0.588910744	0.409323256
849	0.4992872	0.589107055	0.409467345
850	0.4997458	0.589628246	0.409863354
851	0.5001734	0.59009048	0.41025632
852	0.5002154	0.590113209	0.410317591
853	0.4998298	0.589656408	0.410003192
854	0.5002744	0.59022368	0.41032512
855	0.5008996	0.59096733	0.41083187
856	0.5015214	0.591685093	0.411357707
857	0.5016956	0.591877791	0.411513409
858	0.501817	0.591995234	0.411638766
859	0.5019866	0.592173079	0.411800121
860	0.5023034	0.592542975	0.412063825
861	0.5025372	0.592834119	0.412240281
862	0.5028564	0.593203796	0.412509004
863	0.5032928	0.593680534	0.412905066
864	0.503276	0.593648095	0.412903905
865	0.5032184	0.593596706	0.412840094
866	0.5032532	0.593665837	0.412840563
867	0.503937	0.594447759	0.413426241
868	0.504372	0.594952114	0.413791886
869	0.504674	0.595312614	0.414035386
870	0.5048874	0.595587474	0.414187326
871	0.5051306	0.595828161	0.414433039
872	0.5053284	0.59605426	0.41460254
873	0.505457	0.596268474	0.414645526
874	0.5056482	0.596418351	0.414878049
875	0.5058472	0.596651406	0.415042994
876	0.5060368	0.596926323	0.415147277
877	0.506135	0.597065516	0.415204484
878	0.5062988	0.59723574	0.41536186
879	0.5064498	0.59736586	0.41553374
880	0.5064926	0.597357194	0.415628006
881	0.5064966	0.597370193	0.415623007
882	0.506495	0.597388382	0.415601618
883	0.5064952	0.597407703	0.415582697
884	0.5064862	0.597387317	0.415585083
885	0.5064566	0.5973602	0.415553
886	0.506414	0.597334119	0.415493881
887	0.5064096	0.5973532	0.415466
888	0.5064276	0.597377646	0.415477554
889	0.506465	0.597401983	0.415528017
890	0.5065286	0.597418119	0.415639081
891	0.5064188	0.597382804	0.415454796
892	0.5063816	0.597446779	0.415316421
893	0.506519	0.59768605	0.41535195
894	0.5065784	0.597706549	0.415450251
895	0.5065422	0.597678065	0.415406335
896	0.5064238	0.597612715	0.415234885
897	0.506403	0.597591697	0.415214303
898	0.506335	0.597602985	0.415067015
899	0.50626	0.597628686	0.414891314
900	0.5062504	0.597645291	0.414855509
901	0.5062972	0.597693981	0.414900419
902	0.5064778	0.597892265	0.415063335
903	0.50685	0.598316461	0.415383539
904	0.5071976	0.598631782	0.415763418
905	0.5072464	0.598666982	0.415825818
906	0.5070108	0.598445641	0.415575959
907	0.506734	0.5982447	0.4152233
908	0.5065824	0.598041423	0.415123377
909	0.506585	0.597985392	0.415184608
910	0.5068902	0.598480503	0.415299897
911	0.5069514	0.598502665	0.415400135
912	0.5069892	0.598501412	0.415476988
913	0.5071072	0.598694857	0.415519543
914	0.507036	0.598624044	0.415447956
915	0.5070204	0.598658346	0.415382454
916	0.507079	0.598813311	0.415344689
917	0.5071618	0.598850953	0.415472647
918	0.5071674	0.598788376	0.415546424
919	0.5071602	0.598688634	0.415631766
920	0.5072692	0.598662959	0.415875441
921	0.5073166	0.598706513	0.415926687
922	0.507241	0.598641527	0.415840473
923	0.5069564	0.598319555	0.415593245
924	0.5068942	0.59828161	0.41550679
925	0.5068486	0.598274803	0.415422397
926	0.5067972	0.5982709	0.4153235
927	0.5067836	0.598283923	0.415283277
928	0.5066916	0.598157087	0.415226113
929	0.5064622	0.597885006	0.415039394
930	0.5058498	0.59740761	0.41429199
931	0.5051464	0.596790825	0.413501975
932	0.5043008	0.596034108	0.412567492
933	0.503286	0.595144676	0.411427324
934	0.502536	0.594262331	0.410809669
935	0.501959	0.593654499	0.410263501
936	0.5016282	0.59347848	0.40977792
937	0.5016072	0.593508836	0.409705564
938	0.5017736	0.593461811	0.410085389
939	0.5019354	0.593333176	0.410537624
940	0.501537	0.593048592	0.410025408
941	0.5013692	0.592723322	0.410015078
942	0.5011866	0.592384591	0.409988609
943	0.5007926	0.592046733	0.409538467
944	0.4989596	0.590066412	0.407852788
945	0.4974024	0.588350887	0.406453913
946	0.4964776	0.587287107	0.405668093
947	0.4958614	0.586709796	0.405013004
948	0.4953086	0.585960274	0.404656926
949	0.494699	0.585017067	0.404380933
950	0.4934738	0.583660965	0.403286635
951	0.4922628	0.582146884	0.402378716
952	0.4909604	0.580544515	0.401376285
953	0.4894282	0.578884832	0.399971568
954	0.4882706	0.577411227	0.399129973
955	0.4871856	0.576147067	0.398224133
956	0.4861164	0.575121973	0.397110827
957	0.484482	0.573051429	0.395912571
958	0.4830772	0.571384488	0.394769912
959	0.4819548	0.570142023	0.393767577
960	0.4815396	0.569676885	0.393402315
961	0.4804238	0.568319842	0.392527758
962	0.4791264	0.566772659	0.391480141
963	0.4781284	0.565714294	0.390542506
964	0.4774888	0.564731745	0.390245855
965	0.4767106	0.563710081	0.389711119
966	0.4756454	0.562613138	0.388677662
967	0.4754052	0.56225596	0.38855444
968	0.4750482	0.561795514	0.388300886
969	0.4746114	0.561281596	0.387941204
970	0.4743802	0.561083364	0.387677036
971	0.474176	0.560911662	0.387440338
972	0.473908	0.560590546	0.387225454
973	0.4734116	0.55977931	0.38704389
974	0.4728544	0.559167214	0.386541586
975	0.4724746	0.558736365	0.386212835
976	0.472408	0.558530268	0.386285732
977	0.4724382	0.558378747	0.386497653
978	0.4719694	0.557913593	0.386025207
979	0.4711614	0.557259115	0.385063685
980	0.4714998	0.557533367	0.385466233
981	0.471553	0.557451098	0.385654902
982	0.4714674	0.557290803	0.385643997
983	0.4713954	0.557452113	0.385338687
984	0.4714294	0.557543137	0.385315663
985	0.471414	0.557531282	0.385296718
986	0.4712744	0.557376482	0.385172318
987	0.471892	0.557744189	0.386039811
988	0.4719182	0.557661811	0.386174589
989	0.4714086	0.55719333	0.38562387
990	0.4720312	0.557818189	0.386244211
991	0.4722664	0.558070027	0.386462773
992	0.472347	0.558175966	0.386518034
993	0.472649	0.558501785	0.386796215
994	0.473187	0.558999039	0.387374961
995	0.4734888	0.559336626	0.387640974
996	0.4732274	0.559283849	0.387170951
997	0.4740524	0.559882263	0.388222537
998	0.4747462	0.560555768	0.388936632
999	0.4752082	0.56124305	0.38917335
1000	0.4755964	0.561719467	0.389473333
1001	0.479372	0.561689306	0.397054694
1002	0.4800882	0.562749721	0.397426679
1003	0.4808696	0.563752765	0.397986435
1004	0.481266	0.564184641	0.398347359
1005	0.4813958	0.56418663	0.39860497
1006	0.4819232	0.564574226	0.399272174
1007	0.4830658	0.565702413	0.400429187
1008	0.4841272	0.566892627	0.401361773
1009	0.4847044	0.567687569	0.401721231
1010	0.4851944	0.568350358	0.402038442
1011	0.4859756	0.569225587	0.402725613
1012	0.486879	0.570248138	0.403509862
1013	0.4877646	0.571330956	0.404198244
1014	0.4886502	0.572369978	0.404930422
1015	0.489192	0.572969671	0.405414329
1016	0.4894796	0.573287734	0.405671466
1017	0.490355	0.574416626	0.406293374
1018	0.4916112	0.576032898	0.407189502
1019	0.492627	0.577246236	0.408007764
1020	0.4932582	0.57794134	0.40857506
1021	0.4937792	0.578496984	0.409061416
1022	0.4944624	0.579250484	0.409674316
1023	0.4951638	0.579989623	0.410337977
1024	0.495809	0.58066299	0.41095501
1025	0.4966252	0.58161897	0.41163143
1026	0.49761	0.58281248	0.41240752
1027	0.4984284	0.583770878	0.413085922
1028	0.4990586	0.584522172	0.413595028
1029	0.4997962	0.585383644	0.414208756
1030	0.5006974	0.586296276	0.415098524
1031	0.5015902	0.587254206	0.415926194
1032	0.502198	0.588169015	0.416226985
1033	0.502632	0.588866894	0.416397106
1034	0.5032954	0.589519374	0.417071426
1035	0.5041708	0.590328168	0.418013432
1036	0.5050678	0.591260081	0.418875519
1037	0.5058356	0.592128715	0.419542485
1038	0.5063536	0.592757201	0.419949999
1039	0.5068036	0.593306662	0.420300538
1040	0.5074234	0.594041223	0.420805577
1041	0.5081632	0.594910163	0.421416237
1042	0.50884	0.595714574	0.421965426
1043	0.5094504	0.596471006	0.422429794
1044	0.5100148	0.597197599	0.422832001
1045	0.5106278	0.597961323	0.423294277
1046	0.5113754	0.598779045	0.423971755
1047	0.5119724	0.599338174	0.424606626
1048	0.512322	0.59971738	0.42492662
1049	0.5127604	0.600379465	0.425141335
1050	0.5133756	0.601248388	0.425502812
1051	0.5139456	0.601871224	0.426019976
1052	0.5144568	0.602289766	0.426623834
1053	0.514903	0.602679658	0.427126342
1054	0.5152976	0.603069464	0.427525736
1055	0.5156394	0.603345145	0.427933655
1056	0.5160068	0.603670295	0.428343305
1057	0.516439	0.604278093	0.428599907
1058	0.5168768	0.604881368	0.428872232
1059	0.517245	0.605286347	0.429203653
1060	0.5175814	0.605705914	0.429456886
1061	0.517882	0.606138447	0.429625553
1062	0.518154	0.606547091	0.429760909
1063	0.5184182	0.606879899	0.429956501
1064	0.5187286	0.607128725	0.430328475
1065	0.519016	0.607345212	0.430686788
1066	0.5191784	0.607532545	0.430824255
1067	0.519428	0.607879096	0.430976904
1068	0.5198658	0.608512861	0.431218739
1069	0.5201928	0.608976165	0.431409435
1070	0.520293	0.609061498	0.431524502
1071	0.5204166	0.609169496	0.431663704
1072	0.5205304	0.609292199	0.431768601
1073	0.5205918	0.609346183	0.431837417
1074	0.5208852	0.609651205	0.432119195
1075	0.5212724	0.610104958	0.432439842
1076	0.5212442	0.610095061	0.432393339
1077	0.5210134	0.609744543	0.432282257
1078	0.5208778	0.609562381	0.432193219
1079	0.5208984	0.609754989	0.432041811
1080	0.5210172	0.610041179	0.431993221
1081	0.520965	0.609988075	0.431941925
1082	0.5208102	0.609832053	0.431788347
1083	0.5208064	0.60976492	0.43184788
1084	0.5208114	0.60966177	0.43196103
1085	0.520726	0.609546832	0.431905168
1086	0.5206284	0.609495266	0.431761534
1087	0.5205096	0.609480034	0.431539166
1088	0.5203712	0.60938788	0.43135452
1089	0.5202844	0.609209837	0.431358963
1090	0.520269	0.609131099	0.431406901
1091	0.520233	0.609128599	0.431337401
1092	0.5200394	0.608967783	0.431111017
1093	0.5198894	0.608797034	0.430981766
1094	0.5197688	0.608639858	0.430897742
1095	0.5194602	0.608284827	0.430635573
1096	0.5191986	0.60796792	0.43042928
1097	0.5190356	0.607760993	0.430310207
1098	0.5187942	0.607453611	0.430134789
1099	0.5185034	0.607126897	0.429879903
1100	0.5182464	0.607107256	0.429385544
1101	0.5180512	0.607121164	0.428981236
1102	0.5179812	0.607057199	0.428905201
1103	0.5178796	0.606970275	0.428788925
1104	0.517838	0.60702572	0.42865028
1105	0.517862	0.607126437	0.428597563
1106	0.5178396	0.607016622	0.428662578
1107	0.5177328	0.606824159	0.428641441
1108	0.5173832	0.606400627	0.428365773
1109	0.5169096	0.605849177	0.427970023
1110	0.5165418	0.605479303	0.427604297
1111	0.5162664	0.60531538	0.42721742
1112	0.5160186	0.605244194	0.426793006
1113	0.5158536	0.605242698	0.426464502
1114	0.5157768	0.605228506	0.426325094
1115	0.5155874	0.604921087	0.426253713
1116	0.5151284	0.604368101	0.425888699
1117	0.514678	0.60387283	0.42548317
1118	0.514324	0.603540121	0.425107879
1119	0.5139888	0.603690814	0.424286786
1120	0.5135698	0.603762458	0.423377142
1121	0.5129518	0.603030584	0.422873016
1122	0.5123026	0.602228883	0.422376317
1123	0.5113754	0.601228933	0.421521867
1124	0.510452	0.600175448	0.420728552
1125	0.50939	0.598914492	0.419865508
1126	0.5082122	0.597604094	0.418820306
1127	0.506524	0.595884236	0.417163764
1128	0.5045044	0.593754943	0.415253857
1129	0.5022658	0.591310242	0.413221358
1130	0.5000052	0.588933507	0.411076893
1131	0.4978072	0.586464176	0.409150224
1132	0.4955894	0.583671544	0.407507256
1133	0.4933312	0.580857497	0.405804903
1134	0.4904894	0.577360374	0.403618426
1135	0.4877896	0.574052999	0.401526201
1136	0.485207	0.571016362	0.399397638
1137	0.4827768	0.568172851	0.397380749
1138	0.4801738	0.565137089	0.395210511
1139	0.477664	0.562199883	0.393128117
1140	0.4746222	0.558727916	0.390516484
1141	0.4715786	0.55527711	0.38788009
1142	0.468515	0.551847935	0.385182065
1143	0.4654608	0.548456449	0.382465151
1144	0.4620914	0.544567894	0.379614906
1145	0.4585942	0.540439285	0.376749115
1146	0.4549626	0.536205585	0.373719615
1147	0.4512734	0.53196991	0.37057689
1148	0.4475972	0.527781171	0.367413229
1149	0.4439302	0.523652746	0.364207654
1150	0.4404664	0.51972655	0.36120625
1151	0.4372212	0.515969043	0.358473357
1152	0.4341876	0.512435236	0.355939964
1153	0.4314406	0.509134104	0.353747096
1154	0.4289376	0.506134548	0.351740652
1155	0.4267696	0.503670854	0.349868346
1156	0.4247834	0.50141424	0.34815256
1157	0.4229444	0.499192214	0.346696586
1158	0.421245	0.497128005	0.345361995
1159	0.4193592	0.494955597	0.343762803
1160	0.4175354	0.4928821	0.3421887
1161	0.4158974	0.491051284	0.340743516
1162	0.4143854	0.489364994	0.339405806
1163	0.4130122	0.487763008	0.338261392
1164	0.4117384	0.48623739	0.33723941
1165	0.4105318	0.484829144	0.336234456
1166	0.4093768	0.483516411	0.335237189
1167	0.408264	0.48223956	0.33428844
1168	0.4071886	0.480984793	0.333392407
1169	0.406174	0.479813989	0.332534011
1170	0.4052636	0.478798456	0.331728744
1171	0.4043558	0.477777946	0.330933654
1172	0.4033976	0.476661824	0.330133376
1173	0.4024476	0.475556911	0.329338289
1174	0.4014934	0.474477809	0.328508991
1175	0.4005432	0.473402834	0.327683566
1176	0.399847	0.472602731	0.327091269
1177	0.3991676	0.47182063	0.32651457
1178	0.3983862	0.470934599	0.325837801
1179	0.3975838	0.470027605	0.325139995
1180	0.3966998	0.469079585	0.324320015
1181	0.3957842	0.468112928	0.323455472
1182	0.394864	0.467090024	0.322637976
1183	0.3939454	0.466039671	0.321851129
1184	0.3931228	0.465112587	0.321133013
1185	0.392397	0.464307137	0.320486863
1186	0.3916506	0.463455196	0.319846004
1187	0.3908678	0.462518074	0.319217526
1188	0.3901366	0.461652419	0.318620781
1189	0.3895304	0.460973021	0.318087779
1190	0.3889456	0.460313241	0.317577959
1191	0.3884012	0.459678384	0.317124016
1192	0.3878524	0.459041025	0.316663775
1193	0.3872668	0.458356477	0.316177123
1194	0.3866866	0.457678718	0.315694482
1195	0.3864024	0.457378272	0.315426528
1196	0.3861254	0.457088175	0.315162625
1197	0.3858234	0.456706908	0.314939892
1198	0.3855176	0.456318971	0.314716229
1199	0.3853056	0.45610908	0.31450212
1200	0.3851272	0.455952448	0.314301952
1201	0.3850638	0.455927019	0.314200581
1202	0.3850526	0.45596304	0.31414216
1203	0.3850708	0.455991325	0.314150275
1204	0.3851284	0.456041241	0.314215559
1205	0.3852542	0.456155451	0.314352949
1206	0.3854394	0.456312605	0.314566195
1207	0.3856406	0.456550588	0.314730612
1208	0.3858788	0.456941905	0.314815695
1209	0.3861284	0.457319841	0.314936959
1210	0.3864676	0.457737556	0.315197644
1211	0.3868186	0.458162734	0.315474466
1212	0.3871836	0.458533614	0.315833586
1213	0.3875504	0.458907422	0.316193378
1214	0.3880746	0.459441165	0.316708035
1215	0.388598	0.459973795	0.317222205
1216	0.3892028	0.460637647	0.317767953
1217	0.3898018	0.461302868	0.318300732
1218	0.3903922	0.462011696	0.318772704
1219	0.3909918	0.462738346	0.319245254
1220	0.3917284	0.46357512	0.31988168
1221	0.3924968	0.464437987	0.320555613
1222	0.3932924	0.465366741	0.321218059
1223	0.3940856	0.466303549	0.321867651
1224	0.394876	0.467161425	0.322590575
1225	0.3956826	0.467977879	0.323387321
1226	0.396493	0.468858834	0.324127166
1227	0.397297	0.469799098	0.324794902
1228	0.3980434	0.47066753	0.32541927
1229	0.3987104	0.471444542	0.325976258
1230	0.3993772	0.472199382	0.326555018
1231	0.4000224	0.47291253	0.32713227
1232	0.4006836	0.473684084	0.327683116
1233	0.4014176	0.474554045	0.328281155
1234	0.4021328	0.475376137	0.328889463
1235	0.4027422	0.476051066	0.329433334
1236	0.4033518	0.47673537	0.32996823
1237	0.4039982	0.477486605	0.330509795
1238	0.4046448	0.478236727	0.331052873
1239	0.4052602	0.478965706	0.331554694
1240	0.4058836	0.479696223	0.332070977
1241	0.4065486	0.480470711	0.332626489
1242	0.407215	0.481250338	0.333179662
1243	0.4077242	0.481774736	0.333673664
1244	0.4081616	0.48217421	0.33414899
1245	0.4086358	0.48269907	0.33457253
1246	0.4091332	0.483323817	0.334942583
1247	0.409652	0.483942264	0.335361736
1248	0.410197	0.484552505	0.335841495
1249	0.410713	0.485134044	0.336291956
1250	0.4111932	0.48565794	0.33672846
1251	0.4116656	0.4861515	0.3371797
1252	0.4121006	0.48662053	0.33758067
1253	0.4125392	0.487148814	0.337929586
1254	0.4129592	0.48776332	0.33815508
1255	0.413394	0.4883637	0.3384243
1256	0.4139276	0.488930605	0.338924595
1257	0.41445	0.489496264	0.339403736
1258	0.4147996	0.490020659	0.339578541
1259	0.4151514	0.490561062	0.339741738
1260	0.4154842	0.490979593	0.339988807
1261	0.4158116	0.491370641	0.340252559
1262	0.4161972	0.491744006	0.340650394
1263	0.4166102	0.492145924	0.341074476
1264	0.4170346	0.492636786	0.341432414
1265	0.4174554	0.493146933	0.341763867
1266	0.4177548	0.493495249	0.342014351
1267	0.4179924	0.493744831	0.342239969
1268	0.4181812	0.493970444	0.342391956
1269	0.418343	0.494178302	0.342507698
1270	0.4184406	0.494283905	0.342597295
1271	0.4184824	0.494330458	0.342634342
1272	0.4184708	0.49433012	0.34261148
1273	0.4183642	0.494244638	0.342483762
1274	0.418273	0.494146394	0.342399606
1275	0.4182368	0.494033836	0.342439764
1276	0.4181624	0.493884063	0.342440737
1277	0.41794	0.493554733	0.342325267
1278	0.4177314	0.493257952	0.342204848
1279	0.417577	0.493155601	0.341998399
1280	0.4174126	0.493031305	0.341793895
1281	0.4172038	0.492730309	0.341677291
1282	0.4169884	0.492420668	0.341556132
1283	0.4166672	0.492086514	0.341247886
1284	0.4163316	0.491744907	0.340918293
1285	0.4159818	0.491340882	0.340622718
1286	0.4156448	0.490948965	0.340340635
1287	0.4152816	0.490543645	0.340019555
1288	0.4148758	0.490090612	0.339660988
1289	0.4144094	0.489591832	0.339226968
1290	0.4139364	0.489081766	0.338791034
1291	0.413411	0.488492169	0.338329831
1292	0.4128374	0.487847187	0.337827613
1293	0.4122206	0.487107742	0.337333458
1294	0.4116124	0.486366193	0.336858607
1295	0.4109208	0.485592327	0.336249273
1296	0.4101234	0.484727274	0.335519526
1297	0.4093152	0.483815392	0.334815008
1298	0.4084878	0.482878362	0.334097238
1299	0.4076106	0.481849654	0.333371546
1300	0.4065662	0.480527515	0.332604885
1301	0.4054596	0.479189409	0.331729791
1302	0.404324	0.478026273	0.330621727
1303	0.4031688	0.47683474	0.32950286
1304	0.4021136	0.475549852	0.328677348
1305	0.4010306	0.474242265	0.327818935
1306	0.3998124	0.472967008	0.326657792
1307	0.3985132	0.471619718	0.325406682
1308	0.397062	0.470060808	0.324063192
1309	0.3955726	0.468444244	0.322700956
1310	0.394006	0.466616787	0.321395213
1311	0.3923668	0.464692687	0.320040913
1312	0.3907656	0.462920539	0.318610661
1313	0.389119	0.461114497	0.317123503
1314	0.3873604	0.459072374	0.315648426
1315	0.3855568	0.456971182	0.314142418
1316	0.3837288	0.454832275	0.312625325
1317	0.381849	0.452605648	0.311092352
1318	0.3799558	0.450508111	0.309403489
1319	0.3780194	0.448471229	0.307567571
1320	0.3760514	0.446392653	0.305710147
1321	0.3740994	0.444310181	0.303888619
1322	0.3721082	0.442056354	0.302160046
1323	0.3700672	0.439595844	0.300538556
1324	0.367983	0.437130643	0.298835357
1325	0.3657988	0.434645798	0.296951802
1326	0.3634658	0.432021154	0.294910446
1327	0.3608944	0.429241892	0.292546908
1328	0.3582992	0.42644372	0.29015468
1329	0.3560082	0.423801005	0.288215395
1330	0.3536136	0.421051705	0.286175495
1331	0.3510836	0.418289304	0.283877896
1332	0.348508	0.415419978	0.281596022
1333	0.3461656	0.412648309	0.279682891
1334	0.3437864	0.409842943	0.277729857
1335	0.3413	0.406924918	0.275675082
1336	0.3387744	0.403977089	0.273571711
1337	0.3365272	0.401477449	0.271576951
1338	0.334292	0.39900045	0.26958355
1339	0.3324962	0.397043621	0.267948779
1340	0.3307748	0.395182042	0.266367558
1341	0.3291946	0.393438197	0.264951003
1342	0.3274532	0.391570023	0.263336377
1343	0.3259972	0.389885909	0.262108491
1344	0.3244586	0.387975302	0.260941898
1345	0.322972	0.38634464	0.25959936
1346	0.3212772	0.384633739	0.257920661
1347	0.3199968	0.383363361	0.256630239
1348	0.3189148	0.382336433	0.255493167
1349	0.3178348	0.381080685	0.254588915
1350	0.3169018	0.37957014	0.25423346
1351	0.3160418	0.378353865	0.253729735
1352	0.314893	0.377632651	0.252153349
1353	0.3141078	0.377779175	0.250436425
1354	0.314263	0.378665592	0.249860408
1355	0.3140818	0.378979047	0.249184553
1356	0.3132544	0.378773315	0.247735485
1357	0.3115478	0.378599433	0.244496167
1358	0.3111664	0.380941964	0.241390836
1359	0.3121182	0.385311256	0.238925144
1360	0.310346	0.380752188	0.239939812
1361	0.3056178	0.373202371	0.238033229
1362	0.3155058	0.381894103	0.249117497
1363	0.3320876	0.392885879	0.271289321
1364	0.306535	0.364662136	0.248407864
1365	0.2665556	0.340143635	0.192967565
1366	0.2637152	0.352419385	0.175011015
1367	0.2674732	0.378949168	0.155997232
1368	0.2670774	0.371117011	0.163037789
1369	0.2616494	0.358754096	0.164544704
1370	0.2432766	0.338744379	0.147808821
1371	0.2316274	0.332841237	0.130413563
1372	0.242149	0.324503343	0.159794657
1373	0.2517736	0.312079591	0.191467609
1374	0.2593122	0.315272671	0.203351729
1375	0.2645776	0.323308217	0.205846983
1376	0.2617446	0.32328384	0.20020536
1377	0.2600028	0.328351415	0.191654185
1378	0.2549416	0.325994096	0.183889104
1379	0.2459794	0.317800956	0.174157844
1380	0.2448608	0.317494822	0.172226778
1381	0.251321	0.327928759	0.174713241
1382	0.245065	0.315446743	0.174683257
1383	0.2224816	0.280122901	0.164840299
1384	0.2068112	0.261286318	0.152336082
1385	0.2015294	0.257539437	0.145519363
1386	0.2001322	0.255120305	0.145144095
1387	0.2018596	0.260605327	0.143113873
1388	0.1954904	0.254351867	0.136628933
1389	0.1800476	0.233825951	0.126269249
1390	0.1733862	0.221536606	0.125235794
1391	0.1781408	0.214627579	0.141654021
1392	0.1780402	0.211033462	0.145046938
1393	0.1693524	0.20983299	0.12887181
1394	0.162305	0.206246157	0.118363843
1395	0.1580372	0.196945441	0.119128959
1396	0.1539688	0.190486899	0.117450701
1397	0.1486812	0.189183265	0.108179135
1398	0.143311	0.186810357	0.099811643
1399	0.1358154	0.177905604	0.093725196
1400	0.1301386	0.171025821	0.089251379
1401	0.1278052	0.166893233	0.088717167
1402	0.1253574	0.163486512	0.087228288
1403	0.1230432	0.160937955	0.085148445
1404	0.1212412	0.158802861	0.083679539
1405	0.1178236	0.153011133	0.082636067
1406	0.114359	0.147760527	0.080957473
1407	0.1096838	0.14234548	0.07702212
1408	0.1058678	0.137785194	0.073950406
1409	0.103383	0.135565092	0.071200908
1410	0.1014356	0.134415479	0.068455721
1411	0.0989456	0.131145501	0.066745699
1412	0.0967974	0.127848427	0.065746373
1413	0.0947706	0.12557369	0.06396751
1414	0.0927262	0.123925753	0.061526647
1415	0.090837	0.121973013	0.059700987
1416	0.0894212	0.119915931	0.058926469
1417	0.0882294	0.117908969	0.058549831
1418	0.0871458	0.116043651	0.058247949
1419	0.0861494	0.11474467	0.05755413
1420	0.085126	0.113861702	0.056390298
1421	0.084028	0.112713996	0.055342004
1422	0.0830718	0.111557004	0.054586596
1423	0.082336	0.110358389	0.054313611
1424	0.0816124	0.108814895	0.054409905
1425	0.0804756	0.107173424	0.053777776
1426	0.0790912	0.105807496	0.052374904
1427	0.078102	0.104755153	0.051448847
1428	0.0775028	0.103941088	0.051064512
1429	0.0769676	0.103301603	0.050633597
1430	0.0764858	0.102874753	0.050096847
1431	0.0759518	0.102363871	0.049539729
1432	0.0753006	0.101568108	0.049033092
1433	0.0746454	0.100761714	0.048529086
1434	0.074057	0.100062354	0.048051646
1435	0.0734726	0.099486747	0.047458453
1436	0.072839	0.099157085	0.046520915
1437	0.0722956	0.098830162	0.045761038
1438	0.07182	0.098130936	0.045509064
1439	0.0713708	0.097461151	0.045280449
1440	0.0708894	0.096765324	0.045013476
1441	0.0703742	0.096040507	0.044707893
1442	0.0699652	0.095420989	0.044509411
1443	0.0696214	0.094855352	0.044387448
1444	0.0694336	0.094482883	0.044384317
1445	0.0692882	0.09420008	0.04437632
1446	0.0690966	0.094023023	0.044170177
1447	0.0688582	0.09384228	0.04387412
1448	0.068362	0.093404157	0.043319843
1449	0.0679312	0.09294509	0.04291731
1450	0.067945	0.092835648	0.043054352
1451	0.0679922	0.092862727	0.043121673
1452	0.0679924	0.092855419	0.043129381
1453	0.0679758	0.092759144	0.043192456
1454	0.0678626	0.092594308	0.043130892
1455	0.0677828	0.092467194	0.043098406
1456	0.067627	0.092230931	0.043023069
1457	0.0674534	0.092001133	0.042905667
1458	0.067282	0.091916323	0.042647677
1459	0.0670916	0.091842803	0.042340397
1460	0.0669934	0.091746578	0.042240222
1461	0.0669474	0.091684756	0.042210044
1462	0.0670434	0.091720761	0.042366039
1463	0.0672118	0.091786302	0.042637298
1464	0.0674126	0.091968022	0.042857178
1465	0.0675826	0.092200217	0.042964983
1466	0.0676304	0.092272043	0.042988757
1467	0.0676794	0.092275784	0.043083016
1468	0.0679192	0.09251948	0.04331892
1469	0.0682538	0.09298179	0.04352581
1470	0.0685712	0.09340404	0.04373836
1471	0.068872	0.093660335	0.044083665
1472	0.0690738	0.093797309	0.044350291
1473	0.0691662	0.09387367	0.04445873
1474	0.0694858	0.094346202	0.044625398
1475	0.0700064	0.095121156	0.044891644
1476	0.0703952	0.095571616	0.045218784
1477	0.0706766	0.09574055	0.04561265
1478	0.0709726	0.095880772	0.046064428
1479	0.071303	0.096063592	0.046542408
1480	0.0717196	0.096447487	0.046991713
1481	0.0722684	0.097056483	0.047480317
1482	0.0727534	0.097699435	0.047807365
1483	0.0731024	0.098415402	0.047789398
1484	0.0735256	0.099059783	0.047991417
1485	0.074147	0.099638887	0.048655113
1486	0.0747	0.100208636	0.049191364
1487	0.0751018	0.100675446	0.049528154
1488	0.0754782	0.101098335	0.049858065
1489	0.0758876	0.101590465	0.050184735
1490	0.0762988	0.102079956	0.050517644
1491	0.0767294	0.102600194	0.050858606
1492	0.0771764	0.10313588	0.05121692
1493	0.0777994	0.103791412	0.051807388
1494	0.0783746	0.104415759	0.052333441
1495	0.0788374	0.105006749	0.052668051
1496	0.0793032	0.105583036	0.053023364
1497	0.0798234	0.106202023	0.053444777
1498	0.0803238	0.106789753	0.053857847
1499	0.080876	0.107385504	0.054366496
1500	0.0814174	0.107982077	0.054852723
1501	0.082052	0.108720269	0.055383731
1502	0.0827028	0.10947118	0.05593442
1503	0.0833308	0.110194294	0.056467306
1504	0.0839448	0.110907052	0.056982548
1505	0.0845916	0.111680021	0.057503179
1506	0.0852152	0.112424555	0.058005845
1507	0.0857912	0.113024542	0.058557858
1508	0.0863712	0.113631388	0.059111012
1509	0.0870444	0.11442793	0.05966087
1510	0.087711	0.115213153	0.060208847
1511	0.088379	0.115997892	0.060760108
1512	0.0890276	0.116774908	0.061280292
1513	0.0896642	0.117609376	0.061719024
1514	0.0903002	0.118436523	0.062163877
1515	0.0909324	0.119139425	0.062725375
1516	0.0915454	0.119810207	0.063280593
1517	0.0922406	0.120537886	0.063943314
1518	0.092962	0.121291996	0.064632004
1519	0.093646	0.122026493	0.065265507
1520	0.094298	0.122733655	0.065862345
1521	0.0949778	0.12355803	0.06639757
1522	0.0956584	0.124388294	0.066928506
1523	0.0962572	0.125074391	0.067440009
1524	0.096854	0.12574537	0.06796263
1525	0.0975356	0.126568806	0.068502394
1526	0.0982286	0.127421906	0.069035294
1527	0.0988772	0.128188783	0.069565617
1528	0.099509	0.128923807	0.070094193
1529	0.1001606	0.129666361	0.070654839
1530	0.1008102	0.130412311	0.071208089
1531	0.1014946	0.131222334	0.071766866
1532	0.1021768	0.132034215	0.072319385
1533	0.102826	0.132731594	0.072920406
1534	0.1034902	0.133425869	0.073554531
1535	0.1040964	0.134084784	0.074108016
1536	0.104685	0.134732938	0.074637062
1537	0.1053864	0.135550698	0.075222102
1538	0.1061166	0.136413689	0.075819511
1539	0.1067496	0.137180961	0.076318239
1540	0.1073522	0.137912783	0.076791617
1541	0.1080338	0.138621525	0.077446075
1542	0.108747	0.139330549	0.078163451
1543	0.109481	0.140168384	0.078793616
1544	0.1102098	0.141042771	0.079376829
1545	0.1108862	0.141868751	0.079903649
1546	0.1115498	0.142685332	0.080414268
1547	0.112128	0.143421788	0.080834212
1548	0.1126782	0.144125041	0.081231359
1549	0.1133246	0.144861022	0.081788178
1550	0.1140048	0.145609826	0.082399774
1551	0.1146748	0.146326022	0.083023578
1552	0.115345	0.147020052	0.083669948
1553	0.1160052	0.147749402	0.084260998
1554	0.1166668	0.148525672	0.084807928
1555	0.1173392	0.149290776	0.085387624
1556	0.1180222	0.150043432	0.086000968
1557	0.1186968	0.150735692	0.086657908
1558	0.1193554	0.151390581	0.087320219
1559	0.1200304	0.152167616	0.087893184
1560	0.1207298	0.153020484	0.088439116
1561	0.1213808	0.153809565	0.088952035
1562	0.1220062	0.154562009	0.089450391
1563	0.12258	0.155280995	0.089879005
1564	0.1231202	0.155986709	0.090253691
1565	0.1236602	0.156616768	0.090703632
1566	0.1242036	0.157195727	0.091211473
1567	0.124872	0.157942558	0.091801442
1568	0.1256254	0.158802686	0.092448114
1569	0.1262842	0.159545876	0.093022524
1570	0.1268966	0.160234456	0.093558744
1571	0.127526	0.160933803	0.094118197
1572	0.1281628	0.161639903	0.094685697
1573	0.1287556	0.162330155	0.095181045
1574	0.1293204	0.16299927	0.09564153
1575	0.1299852	0.163760314	0.096210086
1576	0.1307266	0.164602174	0.096851026
1577	0.1313464	0.165363227	0.097329573
1578	0.1318788	0.166066944	0.097690656
1579	0.1325384	0.1667957	0.0982811
1580	0.1332818	0.167535367	0.099028233
1581	0.1339384	0.168286178	0.099590622
1582	0.1345326	0.169033825	0.100031375
1583	0.1351392	0.169743471	0.100534929
1584	0.1357478	0.170425432	0.101070168
1585	0.1363754	0.171078251	0.101672549
1586	0.1370168	0.171711919	0.102321681
1587	0.1375772	0.172332565	0.102821835
1588	0.138086	0.172945006	0.103226994
1589	0.1386584	0.173666244	0.103650556
1590	0.1392842	0.174478241	0.104090159
1591	0.1398954	0.17522226	0.10456854
1592	0.1404882	0.17590169	0.10507471
1593	0.1411068	0.176623649	0.105589951
1594	0.1417486	0.177395542	0.106101658
1595	0.142401	0.178117338	0.106684662
1596	0.1430662	0.178809885	0.107322515
1597	0.1436972	0.17958645	0.10780795
1598	0.1443032	0.180408303	0.108198097
1599	0.1448942	0.181137022	0.108651378
1600	0.145479	0.181811278	0.109146722
1601	0.1461066	0.182558713	0.109654487
1602	0.1467724	0.183369698	0.110175102
1603	0.1474712	0.184165388	0.110777012
1604	0.148189	0.1849458	0.1114322
1605	0.1488314	0.185660503	0.112002297
1606	0.1494292	0.186340216	0.112518184
1607	0.1500202	0.187038408	0.113001992
1608	0.1506046	0.187741954	0.113467246
1609	0.1512814	0.188554649	0.114008151
1610	0.1520128	0.189429289	0.114596311
1611	0.152643	0.190195471	0.115090529
1612	0.153214	0.190899058	0.115528942
1613	0.1538164	0.191591265	0.116041535
1614	0.1544312	0.192272517	0.116589883
1615	0.1550486	0.192927315	0.117169885
1616	0.1556692	0.193574058	0.117764342
1617	0.1561896	0.194244691	0.118134509
1618	0.1566606	0.19492347	0.11839773
1619	0.1572298	0.195590168	0.118869432
1620	0.1578432	0.196250483	0.119435917
1621	0.1584856	0.196945494	0.120025706
1622	0.159141	0.197655373	0.120626627
1623	0.1596512	0.198243818	0.121058582
1624	0.1601	0.198781107	0.121418893
1625	0.160592	0.199352737	0.121831263
1626	0.1611016	0.199938132	0.122265068
1627	0.1615472	0.200488948	0.122605452
1628	0.1619702	0.20102842	0.12291198
1629	0.1624248	0.201660552	0.123189048
1630	0.1628926	0.202326851	0.123458349
1631	0.163303	0.202816691	0.123789309
1632	0.1636988	0.203255931	0.124141669
1633	0.1641116	0.203738552	0.124484648
1634	0.1645334	0.204238248	0.124828552
1635	0.1649638	0.204621699	0.125305901
1636	0.1654008	0.204977581	0.125824019
1637	0.1658316	0.205541434	0.126121766
1638	0.1662672	0.206164725	0.126369675
1639	0.1666656	0.206676633	0.126654567
1640	0.1670556	0.207165036	0.126946164
1641	0.1674842	0.207590729	0.127377671
1642	0.167925	0.208007827	0.127842173
1643	0.1683546	0.208520014	0.128189186
1644	0.1687826	0.209048241	0.128516959
1645	0.1690656	0.209498548	0.128632652
1646	0.16933	0.209942844	0.128717156
1647	0.1696428	0.210232954	0.129052646
1648	0.1699616	0.210506782	0.129416418
1649	0.1701284	0.210733861	0.129522939
1650	0.1702802	0.210954886	0.129605514
1651	0.1704218	0.211106066	0.129737534
1652	0.1705624	0.211252738	0.129872062
1653	0.1706418	0.211425606	0.129857994
1654	0.1707212	0.211602424	0.129839976
1655	0.1707958	0.211629102	0.129962498
1656	0.1708688	0.211646209	0.130091391
1657	0.171005	0.21185195	0.13015805
1658	0.1711416	0.212057166	0.130226034
1659	0.1712084	0.212001011	0.130415789
1660	0.1712686	0.211954245	0.130582955
1661	0.1712462	0.212106145	0.130386255
1662	0.1712386	0.212252645	0.130224555
1663	0.1714056	0.212344091	0.130467109
1664	0.171567	0.212435202	0.130698798
1665	0.1716078	0.212475524	0.130740076
1666	0.1716426	0.212523259	0.130761941
1667	0.1716874	0.212651312	0.130723488
1668	0.1717344	0.212769684	0.130699116
1669	0.1717664	0.212794758	0.130738042
1670	0.1718042	0.212834469	0.130773931
1671	0.171891	0.212969789	0.130812211
1672	0.1719644	0.213037813	0.130890987
1673	0.171967	0.212795145	0.131138855
1674	0.1719376	0.212601081	0.131274119
1675	0.1718268	0.212621538	0.131032062
1676	0.1717302	0.212613937	0.130846463
1677	0.1716652	0.21247477	0.13085563
1678	0.1715992	0.212366657	0.130831743
1679	0.1715192	0.212381123	0.130657277
1680	0.1714268	0.212298075	0.130555525
1681	0.171317	0.211976775	0.130657225
1682	0.1711454	0.211678168	0.130612632
1683	0.1708802	0.211447866	0.130312534
1684	0.1706092	0.211186786	0.130031614
1685	0.1702996	0.210848723	0.129750477
1686	0.17004	0.210618254	0.129461746
1687	0.1698444	0.210518538	0.129170262
1688	0.169545	0.210224191	0.128865809
1689	0.1691294	0.209722108	0.128536692
1690	0.1686962	0.20918043	0.12821197
1691	0.1682564	0.208583963	0.127928837
1692	0.1678262	0.208041748	0.127610652
1693	0.1674064	0.207574649	0.127238151
1694	0.1669958	0.207046155	0.126945445
1695	0.1665678	0.206439236	0.126696364
1696	0.1660732	0.205833672	0.126312728
1697	0.1655336	0.205225969	0.125841231
1698	0.1651218	0.204804096	0.125439504
1699	0.1647982	0.204488765	0.125107635
1700	0.1643046	0.203920902	0.124688298
1701	0.1637012	0.203224519	0.124177881
1702	0.1631198	0.202562085	0.123677515
1703	0.1625522	0.201919316	0.123185084
1704	0.1621208	0.20142652	0.12281508
1705	0.1617434	0.200987196	0.122499604
1706	0.1612228	0.20035081	0.12209479
1707	0.160654	0.1996429	0.1216651
1708	0.1602082	0.199077569	0.121338831
1709	0.1597864	0.198543065	0.121029735
1710	0.1592166	0.197880757	0.120552443
1711	0.1586254	0.197216504	0.120034296
1712	0.1581254	0.196629615	0.119621185
1713	0.1576072	0.195989574	0.119224826
1714	0.1572182	0.195484569	0.118951831
1715	0.156838	0.195018777	0.118657223
1716	0.156524	0.19477838	0.11826962
1717	0.1561994	0.194520267	0.117878533
1718	0.1557234	0.193909203	0.117537597
1719	0.1552666	0.19330312	0.11723008
1720	0.1549148	0.192759648	0.117069952
1721	0.1545328	0.192216003	0.116849597
1722	0.1540884	0.191752632	0.116424168
1723	0.1536902	0.191322251	0.116058149
1724	0.1535006	0.191205383	0.115795817
1725	0.1532562	0.191030498	0.115481902
1726	0.1527736	0.190429243	0.115117957
1727	0.1523264	0.189884133	0.114768667
1728	0.1520334	0.189593727	0.114473073
1729	0.1517312	0.189197177	0.114265223
1730	0.1514078	0.188590833	0.114224767
1731	0.1510988	0.188063402	0.114134198
1732	0.1508832	0.187733701	0.114032699
1733	0.1506884	0.187507851	0.113868949
1734	0.1503942	0.1873067	0.1134817
1735	0.1501198	0.187095934	0.113143666
1736	0.1500012	0.187032449	0.112969951
1737	0.1498418	0.186920282	0.112763318
1738	0.149605	0.186718545	0.112491455
1739	0.149276	0.186381454	0.112170546
1740	0.1488856	0.18588502	0.11188618
1741	0.1485928	0.185485988	0.111699612
1742	0.1483004	0.185171172	0.111429628
1743	0.1478894	0.184715833	0.111062967
1744	0.1474546	0.184177034	0.110732166
1745	0.1469754	0.183691489	0.110259311
1746	0.146455	0.183218335	0.109691665
1747	0.1461078	0.182702591	0.109513009
1748	0.145847	0.182195782	0.109498218
1749	0.1453704	0.181700178	0.109040622
1750	0.1448212	0.181209011	0.108433389
1751	0.14445	0.180813131	0.108086869
1752	0.144075	0.180389419	0.107760581
1753	0.1436812	0.179942079	0.107420321
1754	0.1433078	0.179529142	0.107086458
1755	0.1428172	0.178947843	0.106686557
1756	0.142341	0.178341145	0.106340855
1757	0.1421306	0.178123981	0.106137219
1758	0.1418952	0.177915769	0.105874631
1759	0.141457	0.17730232	0.10561168
1760	0.14101	0.176654065	0.105365935
1761	0.1405116	0.176077959	0.104945241
1762	0.1400348	0.175572267	0.104497333
1763	0.1397106	0.175370553	0.104050647
1764	0.1394172	0.175109695	0.103724705
1765	0.1392854	0.174856535	0.103714265
1766	0.139147	0.17467194	0.10362206
1767	0.138925	0.174504985	0.103345015
1768	0.1387092	0.174285584	0.103132816
1769	0.1384456	0.173864639	0.103026561
1770	0.1381954	0.173466046	0.102924754
1771	0.1380292	0.173145765	0.102912635
1772	0.1379164	0.172916559	0.102916241
1773	0.1379484	0.172950266	0.102946534
1774	0.1378842	0.172928742	0.102839658
1775	0.1376748	0.172808869	0.102540731
1776	0.1375376	0.172799129	0.102276071
1777	0.137475	0.172859637	0.102090363
1778	0.137373	0.172710495	0.102035505
1779	0.1372248	0.172445773	0.102003827
1780	0.137057	0.172242092	0.101871908
1781	0.1368892	0.172048625	0.101729775
1782	0.137017	0.172119797	0.101914203
1783	0.137181	0.172231024	0.102130976
1784	0.1372138	0.172460141	0.101967459
1785	0.1372822	0.172722589	0.101841811
1786	0.1372572	0.172752861	0.101761539
1787	0.137167	0.172756155	0.101577845
1788	0.1371358	0.172812399	0.101459201
1789	0.137127	0.172904703	0.101349297
1790	0.1371576	0.172899116	0.101416084
1791	0.1372524	0.172909285	0.101595515
1792	0.1376644	0.173316185	0.102012615
1793	0.1379764	0.173674529	0.102278271
1794	0.1376856	0.17339489	0.10197631
1795	0.1375196	0.173168885	0.101870315
1796	0.1377822	0.17324284	0.10232156
1797	0.1380252	0.173353368	0.102697032
1798	0.1384308	0.17360007	0.10326153
1799	0.1389214	0.174137569	0.103705231
1800	0.1390558	0.174905981	0.103205619
1801	0.130991	0.167200219	0.094781781
1802	0.1336536	0.166455645	0.100851555
1803	0.1317778	0.166394645	0.097160955
1804	0.1287472	0.16769635	0.08979805
1805	0.1268394	0.16858718	0.08509162
1806	0.1262092	0.169476039	0.082942361
1807	0.1277044	0.173466845	0.081941955
1808	0.1297296	0.182027066	0.077432134
1809	0.133966	0.190155075	0.077776925
1810	0.1382328	0.201478119	0.074987481
1811	0.1373222	0.212174174	0.062470226
1812	0.1285372	0.205253696	0.051820704
1813	0.11867	0.190289215	0.047050785
1814	0.1176932	0.18660921	0.04877719
1815	0.127347	0.203486215	0.051207785
1816	0.136951	0.217647495	0.056254505
1817	0.1399998	0.219200457	0.060799143
1818	0.1414368	0.205850864	0.077022736
1819	0.1365072	0.182018067	0.090996333
1820	0.1269614	0.171786787	0.082136013
1821	0.1154896	0.181477895	0.049501305
1822	0.1114138	0.208949979	0.013877621
1823	0.124951	0.241120098	0.008781902
1824	0.1393528	0.247754378	0.030951222
1825	0.125597	0.223759523	0.027434477
1826	0.1039314	0.210641181	-0.002778381
1827	0.1049776	0.244921099	-0.034965899
1828	0.1390904	0.32224697	-0.04406617
1829	0.196535	0.399319806	-0.006249806
1830	0.2568836	0.470991299	0.042775901
1831	0.353215	0.640658668	0.065771332
1832	0.6843238	1.306738346	0.061909254
1833	1.9550194	3.942128727	-0.032089927
1834	1.4379762	2.896659367	-0.020706967
1835	0.1267916	0.335293878	-0.081710678
1836	0.131171	0.296049157	-0.033707157
1837	0.2293048	0.59759747	-0.13898787
1838	0.5843394	1.363449219	-0.194770419
1839	2.1390482	4.784523046	-0.506426646
1840	1.4078064	3.168444899	-0.352832099
1841	0.6609962	1.404921672	-0.082929272
1842	0.7958504	1.805009555	-0.213308755
1843	0.9651608	1.371681289	0.558640311
1844	0.7527056	1.129236384	0.376174816
1845	0.8813146	1.320661644	0.441967556
1846	1.3627352	2.583845517	0.141624883
1847	1.7907826	4.008333567	-0.426768367
1848	1.9867232	4.254361556	-0.280915156
1849	1.2935624	2.694782768	-0.107657968
1850	0.3811558	0.694899948	0.067411652
1851	0.1629826	0.337884804	-0.011919604
1852	0.2639882	0.56968808	-0.04171168
1853	0.3203806	0.711153597	-0.070392397
1854	0.247881	0.499705271	-0.003943271
1855	0.21305	0.421585954	0.004514046
1856	0.2788544	0.552885934	0.004822866
1857	0.696689	1.591417415	-0.198039415
1858	0.5010256	1.39190851	-0.38985731
1859	0.1656924	0.419097278	-0.087712478
1860	0.1161786	0.276064321	-0.043707121
1861	0.3233422	0.635162548	0.011521852
1862	1.3013464	3.068203947	-0.465511147
1863	0.3786718	0.874039647	-0.116696047
1864	0.1980146	0.482488506	-0.086459306
1865	0.2228264	0.582980997	-0.137328197
1866	0.3228942	0.832835385	-0.187046985
1867	0.7308984	1.678098719	-0.216301919
1868	6.9403586	15.99365623	-2.112939028
1869	1.7943152	4.158497117	-0.569866717
1870	0.6863658	1.443986619	-0.071255019
1871	0.1851184	0.353850088	0.016386712
1872	0.1465956	0.35943044	-0.06623924
1873	0.188914	0.539974127	-0.162146127
1874	0.1765092	0.44263704	-0.08961864
1875	0.1210764	0.262881368	-0.020728568
1876	0.1740982	0.35890544	-0.01070904
1877	0.8147758	1.967248785	-0.337697185
1878	0.6713386	1.715399349	-0.372722149
1879	0.3157126	0.703822742	-0.072397542
1880	0.2406822	0.559984942	-0.078620542
1881	0.2690696	0.594574878	-0.056435678
1882	0.2824926	0.610150206	-0.045165006
1883	0.1992514	0.386044399	0.012458401
1884	0.1165324	0.208231827	0.024832973
1885	0.0720552	0.132632253	0.011478147
1886	0.0482904	0.108713691	-0.012132891
1887	0.0607776	0.129053812	-0.007498612
1888	0.0761124	0.165925091	-0.013700291
1889	0.0694388	0.18758822	-0.04871062
1890	0.056846	0.164178445	-0.050486445
1891	0.0426194	0.12638483	-0.04114603
1892	0.0521164	0.112901622	-0.008668822
1893	0.0680928	0.144476546	-0.008290946
1894	0.0709508	0.129572851	0.012328749
1895	0.0616752	0.100171468	0.023178932
1896	0.0634956	0.113967345	0.013023855
1897	0.0924572	0.270014405	-0.085100005
1898	0.17771	0.465910803	-0.110490803
1899	0.2804728	0.652396816	-0.091451216
1900	0.3121738	0.735245847	-0.110898247
1901	0.341005	0.708349938	-0.026339938
1902	0.3951972	0.857020286	-0.066625886
1903	0.2890058	0.559071742	0.018939858
1904	0.2126138	0.376928361	0.048299239
1905	0.2114666	0.388129416	0.034803784
1906	0.204521	0.419824183	-0.010782183
1907	0.2048854	0.442529638	-0.032758838
1908	0.2376366	0.492922658	-0.017649458
1909	0.2731168	0.555668783	-0.009435183
1910	0.3136172	0.615130562	0.012103838
1911	0.2972818	0.589293896	0.005269704
1912	0.1483056	0.292014946	0.004596254
1913	0.0807286	0.203666978	-0.042209778
1914	0.055728	0.129912953	-0.018456953
1915	0.0361408	0.083928891	-0.011647291
1916	0.0369764	0.071593824	0.002358976
1917	0.0483404	0.091353415	0.005327385
1918	0.0519106	0.095844447	0.007976753
1919	0.0505704	0.091607232	0.009533568
1920	0.0498526	0.095662864	0.004042336
1921	0.0396374	0.082104336	-0.002829536
1922	0.031266	0.08200143	-0.01946943
1923	0.0250166	0.067111132	-0.017077932
1924	0.01915	0.051052757	-0.012752757
1925	0.015063	0.040921329	-0.010795329
1926	0.0135782	0.037386367	-0.010229967
1927	0.0155502	0.038275683	-0.007175283
1928	0.0223522	0.05071922	-0.00601482
1929	0.0250954	0.056917985	-0.006727185
1930	0.0175382	0.04205002	-0.00697362
1931	0.0124582	0.032203441	-0.007287041
1932	0.0172774	0.032567853	0.001986947
1933	0.0213336	0.035939747	0.006727453
1934	0.0220442	0.04231788	0.00177052
1935	0.0230006	0.052335779	-0.006334579
1936	0.0189868	0.04751239	-0.00953879
1937	0.0125514	0.035686889	-0.010584089
1938	0.0085476	0.025416797	-0.008321597
1939	0.006707	0.016045127	-0.002631127
1940	0.0059196	0.011097154	0.000742046
1941	0.007919	0.013719242	0.002118758
1942	0.0096414	0.016217796	0.003065004
1943	0.0140104	0.026018696	0.002002104
1944	0.0180858	0.036859116	-0.000687516
1945	0.017306	0.037311965	-0.002699965
1946	0.0155204	0.035438431	-0.004397631
1947	0.0156736	0.035802648	-0.004455448
1948	0.016916	0.037412674	-0.003580674
1949	0.0179684	0.037681087	-0.001744287
1950	0.0188822	0.035781795	0.001982605
1951	0.019169	0.033021657	0.005316343
1952	0.016982	0.028037882	0.005926118
1953	0.0148636	0.025587532	0.004139668
1954	0.0148576	0.025925412	0.003789788
1955	0.0148764	0.026885776	0.002867024
1956	0.0168856	0.028441829	0.005329371
1957	0.0192886	0.032763641	0.005813559
1958	0.0191622	0.03284343	0.00548097
1959	0.017342	0.030694532	0.003989468
1960	0.016102	0.03095237	0.00125163
1961	0.015682	0.032421358	-0.001057358
1962	0.0152148	0.033223153	-0.002793553
1963	0.0144786	0.031150101	-0.002192901
1964	0.0138468	0.030305711	-0.002612111
1965	0.0170838	0.032567632	0.001599968
1966	0.0200724	0.034747934	0.005396866
1967	0.0216814	0.035592185	0.007770615
1968	0.022691	0.03594742	0.00943458
1969	0.0233316	0.037554197	0.009109003
1970	0.0237258	0.040134736	0.007316864
1971	0.0239758	0.041590806	0.006360794
1972	0.0238806	0.04120699	0.00655421
1973	0.0239334	0.041165829	0.006700971
1974	0.0252316	0.041885671	0.008577529
1975	0.0264268	0.042623827	0.010229773
1976	0.027145	0.042550892	0.011739108
1977	0.0277658	0.042448274	0.013083326
1978	0.0276698	0.043180435	0.012159165
1979	0.0273432	0.044313502	0.010372898
1980	0.0265902	0.043970954	0.009209446
1981	0.0254984	0.042331041	0.008665759
1982	0.0251786	0.041402403	0.008954797
1983	0.026241	0.041963424	0.010518576
1984	0.0271632	0.04269935	0.01162705
1985	0.0278978	0.044814894	0.010980706
1986	0.028623	0.046942525	0.010303475
1987	0.0297524	0.048349479	0.011155321
1988	0.0308824	0.049614916	0.012149884
1989	0.0306442	0.048847717	0.012440683
1990	0.0298926	0.047532287	0.012252913
1991	0.0294804	0.046693545	0.012267255
1992	0.0293304	0.046453572	0.012207228
1993	0.0292514	0.046396484	0.012106316
1994	0.0295614	0.046329155	0.012793645
1995	0.0298072	0.046104493	0.013509907
1996	0.0294488	0.045434848	0.013462752
1997	0.0290814	0.044849841	0.013312959
1998	0.0298036	0.046031691	0.013575509
1999	0.0307098	0.04784478	0.01357482
2000	0.0301472	0.047767495	0.012526905
2001	0.02887	0.047230623	0.010509377
2002	0.0286238	0.048674899	0.008572701
2003	0.0290914	0.052054593	0.006128207
2004	0.028669	0.054331573	0.003006427
2005	0.0275462	0.054040254	0.001052146
2006	0.0269566	0.053953598	-4.04E-05
2007	0.0287014	0.052960178	0.004442622
2008	0.030414	0.052602954	0.008225046
2009	0.031057	0.050602848	0.011511152
2010	0.0315578	0.049151721	0.013963879
2011	0.032508	0.049246042	0.015769958
2012	0.0334474	0.049850442	0.017044358
2013	0.034473	0.050718662	0.018227338
2014	0.0351506	0.051129412	0.019171788
2015	0.0356828	0.053036575	0.018329025
2016	0.0371984	0.058026088	0.016370712
2017	0.0379204	0.061120881	0.014719919
2018	0.0359448	0.058619602	0.013269998
2019	0.0347318	0.056943762	0.012519838
2020	0.0360452	0.057762525	0.014327875
2021	0.0371956	0.058583677	0.015807523
2022	0.0377114	0.058796722	0.016626078
2023	0.0382596	0.059136043	0.017383157
2024	0.037363	0.057873654	0.016852346
2025	0.0361276	0.05662351	0.01563169
2026	0.0360782	0.056764847	0.015391553
2027	0.0363886	0.057224457	0.015552743
2028	0.0370136	0.057869032	0.016158168
2029	0.0382488	0.058806749	0.017690851
2030	0.0389142	0.05957805	0.01825035
2031	0.03854	0.059300448	0.017779552
2032	0.0382744	0.059038045	0.017510755
2033	0.0385884	0.059072258	0.018104542
2034	0.0389214	0.059235313	0.018607487
2035	0.0392796	0.059458522	0.019100678
2036	0.0396978	0.059846954	0.019548646
2037	0.0399742	0.06026004	0.01968836
2038	0.0400548	0.06062247	0.01948713
2039	0.0401238	0.06081526	0.01943234
2040	0.0401432	0.060508329	0.019778071
2041	0.0403436	0.060147483	0.020539717
2042	0.0408866	0.060208122	0.021565078
2043	0.0413122	0.060361868	0.022262532
2044	0.0414848	0.061257804	0.021711796
2045	0.0416012	0.062254321	0.020948079
2046	0.0407554	0.062161674	0.019349126
2047	0.0396638	0.061687116	0.017640484
2048	0.0396304	0.060820723	0.018440077
2049	0.040039	0.060268038	0.019809962
2050	0.0409794	0.060559483	0.021399317
2051	0.0426112	0.061748499	0.023473901
2052	0.0437988	0.063477724	0.024119876
2053	0.0436426	0.064400872	0.022884328
2054	0.043144	0.064762135	0.021525865
2055	0.0417024	0.063104551	0.020300249
2056	0.0403058	0.06122865	0.01938295
2057	0.0396336	0.059476487	0.019790713
2058	0.0391492	0.058153451	0.020144949
2059	0.0391092	0.058522367	0.019696033
2060	0.0389924	0.058861002	0.019123798
2061	0.0402312	0.059525292	0.020937108
2062	0.0422586	0.061531606	0.022985594
2063	0.0433926	0.062953244	0.023831956
2064	0.0438894	0.063744164	0.024034636
2065	0.0442316	0.064543762	0.023919438
2066	0.0437826	0.064277764	0.023287436
2067	0.0434146	0.063915977	0.022913223
2068	0.04377	0.063432963	0.024107037
2069	0.0440718	0.063109935	0.025033665
2070	0.0439288	0.062910746	0.024946854
2071	0.0436844	0.062463196	0.024905604
2072	0.0430918	0.06119744	0.02498616
2073	0.0424766	0.060306676	0.024646524
2074	0.042939	0.061389185	0.024488815
2075	0.0440238	0.062752302	0.025295298
2076	0.0444468	0.063483484	0.025410116
2077	0.0441378	0.063665816	0.024609784
2078	0.0440294	0.063798017	0.024260783
2079	0.04406	0.064018454	0.024101546
2080	0.0439766	0.064030909	0.023922291
2081	0.0437424	0.063577429	0.023907371
2082	0.0436448	0.063290736	0.023998864
2083	0.0436126	0.062792622	0.024432578
2084	0.0435254	0.062253241	0.024797559
2085	0.043804	0.062362071	0.025245929
2086	0.0442762	0.062727373	0.025825027
2087	0.0445116	0.063089095	0.025934105
2088	0.0445596	0.063475445	0.025643755
2089	0.0444968	0.063446403	0.025547197
2090	0.044533	0.063248325	0.025817675
2091	0.0451352	0.063693546	0.026576854
2092	0.0460572	0.064250203	0.027864197
2093	0.0465438	0.064271296	0.028816304
2094	0.0465704	0.064032704	0.029108096
2095	0.046605	0.064065197	0.029144803
2096	0.0464148	0.064386423	0.028443177
2097	0.0462296	0.064706111	0.027753089
2098	0.046195	0.065166215	0.027223785
2099	0.0462204	0.065677264	0.026763536
2100	0.0466618	0.066381191	0.026942409
2101	0.047249	0.067223682	0.027274318
2102	0.0481738	0.068573745	0.027773855
2103	0.0491682	0.070371403	0.027964997
2104	0.049639	0.07076912	0.02850888
2105	0.0493678	0.06961612	0.02911948
2106	0.0487714	0.068696132	0.028846668
2107	0.048341	0.068593662	0.028088338
2108	0.0481924	0.068529058	0.027855742
2109	0.047795	0.067215035	0.028374965
2110	0.047448	0.066117776	0.028778224
2111	0.047976	0.066009587	0.029942413
2112	0.0486762	0.066014881	0.031337519
2113	0.0494162	0.066451913	0.032380487
2114	0.0500618	0.067076339	0.033047261
2115	0.0499874	0.067804338	0.032170462
2116	0.0497818	0.068705351	0.030858249
2117	0.0502898	0.070492702	0.030086898
2118	0.0509668	0.071986341	0.029947259
2119	0.0512386	0.072701402	0.029775798
2120	0.0512966	0.073427609	0.029165591
2121	0.0513708	0.073642552	0.029099048
2122	0.051477	0.073178512	0.029775488
2123	0.051729	0.073010634	0.030447366
2124	0.052064	0.072418728	0.031709272
2125	0.0523132	0.071577228	0.033049172
2126	0.052192	0.070783343	0.033600657
2127	0.0520762	0.070271541	0.033880859
2128	0.0525528	0.070932015	0.034173585
2129	0.0531718	0.071958789	0.034384811
2130	0.0533864	0.072750242	0.034022558
2131	0.0535932	0.073306332	0.033880068
2132	0.0539382	0.073121224	0.034755176
2133	0.0542524	0.07292714	0.03557766
2134	0.0547676	0.073055089	0.036480111
2135	0.0551384	0.073376902	0.036899898
2136	0.055308	0.074010876	0.036605124
2137	0.0554648	0.074603669	0.036325931
2138	0.0555808	0.075025914	0.036135686
2139	0.0555436	0.075890779	0.035196421
2140	0.0556416	0.077024596	0.034258604
2141	0.0557556	0.077556191	0.033955009
2142	0.0557872	0.077767162	0.033807238
2143	0.0555488	0.077216705	0.033880895
2144	0.055225	0.076467575	0.033982425
2145	0.0550898	0.075592763	0.034586837
2146	0.0551924	0.075017637	0.035367163
2147	0.0553228	0.073899957	0.036745643
2148	0.0554152	0.072567539	0.038262861
2149	0.0560394	0.073445846	0.038632954
2150	0.0567718	0.075283882	0.038259718
2151	0.0574528	0.076960641	0.037944959
2152	0.058069	0.077921304	0.038216696
2153	0.058392	0.078412262	0.038371738
2154	0.0587818	0.079150738	0.038412862
2155	0.0591808	0.079446205	0.038915395
2156	0.0589788	0.07909961	0.03885799
2157	0.0586432	0.078798629	0.038487771
2158	0.0583616	0.07830189	0.03842131
2159	0.0581902	0.077881063	0.038499337
2160	0.0583372	0.077963669	0.038710731
2161	0.0585626	0.0781132	0.039012
2162	0.059026	0.07880856	0.03924344
2163	0.0596608	0.079981867	0.039339733
2164	0.0604386	0.081116062	0.039761138
2165	0.0612054	0.08234025	0.04007055
2166	0.0612586	0.082548667	0.039968533
2167	0.0607726	0.081876524	0.039668676
2168	0.0609602	0.082113561	0.039806839
2169	0.0617184	0.082702626	0.040734174
2170	0.0625094	0.083386433	0.041632367
2171	0.0636476	0.084387314	0.042907886
2172	0.0644724	0.085002592	0.043942208
2173	0.0642254	0.085139951	0.043310849
2174	0.0638582	0.08526951	0.04244689
2175	0.0632626	0.085344848	0.041180352
2176	0.0626454	0.085347059	0.039943741
2177	0.0628662	0.085190863	0.040541537
2178	0.0635636	0.08526291	0.04186429
2179	0.0644568	0.08633559	0.04257801
2180	0.0651002	0.087307431	0.042892969
2181	0.0646846	0.086664306	0.042704894
2182	0.0640146	0.085790944	0.042238256
2183	0.0639018	0.085843955	0.041959645
2184	0.0642558	0.086395862	0.042115738
2185	0.0648256	0.086952172	0.042699028
2186	0.0657926	0.087456075	0.044129125
2187	0.0667752	0.088182776	0.045367624
2188	0.066881	0.08891447	0.04484753
2189	0.066762	0.088948219	0.044575781
2190	0.0663044	0.087829328	0.044779472
2191	0.0659242	0.086879521	0.044968879
2192	0.0657826	0.086168563	0.045396637
2193	0.065639	0.085637791	0.045640209
2194	0.065638	0.086002058	0.045273942
2195	0.0657332	0.086622842	0.044843558
2196	0.0659806	0.087768427	0.044192773
2197	0.0663564	0.089087594	0.043625206
2198	0.06676	0.089433174	0.044086826
2199	0.066971	0.089432215	0.044509785
2200	0.066386	0.088807375	0.043964625
2201	0.0656134	0.088186138	0.043040662
2202	0.0655372	0.088912788	0.042161612
2203	0.0660872	0.090730941	0.041443459
2204	0.0667516	0.092092275	0.041410925
2205	0.067769	0.092785424	0.042752576
2206	0.0688478	0.093690901	0.044004699
2207	0.0695052	0.094345028	0.044665372
2208	0.0699186	0.09468307	0.04515413
2209	0.0693286	0.094000273	0.044656927
2210	0.0685624	0.093040282	0.044084518
2211	0.068155	0.092046286	0.044263714
2212	0.0677404	0.09118352	0.04429728
2213	0.0669512	0.090242122	0.043660278
2214	0.066385	0.089465137	0.043304863
2215	0.0667986	0.089846644	0.043750556
2216	0.0671234	0.090503551	0.043743249
2217	0.067076	0.090542513	0.043609487
2218	0.0669096	0.090395291	0.043423909
2219	0.0666992	0.090568549	0.042829851
2220	0.0667716	0.090805375	0.042737825
2221	0.067234	0.091006568	0.043461432
2222	0.0676006	0.091002135	0.044199065
2223	0.067954	0.090799663	0.045108337
2224	0.0685706	0.090816165	0.046325035
2225	0.068577	0.090703796	0.046450204
2226	0.0678934	0.090371156	0.045415644
2227	0.0673416	0.090181288	0.044501912
2228	0.0667008	0.089390981	0.044010619
2229	0.0660724	0.08851299	0.04363181
2230	0.0656934	0.088192965	0.043193835
2231	0.0656202	0.088102558	0.043137842
2232	0.0658734	0.087769248	0.043977552
2233	0.0659588	0.087306388	0.044611212
2234	0.0658106	0.087359169	0.044262031
2235	0.0656946	0.0876987	0.0436905
2236	0.0657684	0.088176947	0.043359853
2237	0.0660608	0.088771597	0.043350003
2238	0.0655344	0.087708939	0.043359861
2239	0.0646296	0.086254078	0.043005122
2240	0.0641406	0.086209059	0.042072141
2241	0.0640512	0.086847083	0.041255317
2242	0.0641616	0.08684261	0.04148059
2243	0.064328	0.086534573	0.042121427
2244	0.0643756	0.086329637	0.042421563
2245	0.0639046	0.085505939	0.042303261
2246	0.0631684	0.084942643	0.041394157
2247	0.0619962	0.083858274	0.040134126
2248	0.0609996	0.082786624	0.039212576
2249	0.0607744	0.082855787	0.038693013
2250	0.0604696	0.082443425	0.038495775
2251	0.0599942	0.081461527	0.038526873
2252	0.059725	0.080968826	0.038481174
2253	0.0596658	0.080803431	0.038528169
2254	0.059444	0.080403195	0.038484805
2255	0.0587494	0.079708026	0.037790774
2256	0.0579012	0.078813873	0.036988527
2257	0.0570064	0.077438142	0.036574658
2258	0.0563164	0.076499176	0.036133624
2259	0.0558872	0.076533932	0.035240468
2260	0.0556866	0.076681226	0.034691974
2261	0.0550546	0.076079412	0.034029788
2262	0.053759	0.074685202	0.032832798
2263	0.0531622	0.073110403	0.033213997
2264	0.0531554	0.072059437	0.034251363
2265	0.052334	0.07052969	0.03413831
2266	0.0512038	0.069081366	0.033326234
2267	0.0509344	0.069177685	0.032691115
2268	0.0508706	0.069492786	0.032248414
2269	0.0509312	0.069819856	0.032042544
2270	0.0514066	0.070767969	0.032045231
2271	0.0515474	0.071309964	0.031784836
2272	0.0512582	0.070754019	0.031762381
2273	0.050943	0.070013664	0.031872336
2274	0.0506388	0.069350841	0.031926759
2275	0.0502268	0.06894846	0.03150514
2276	0.0499756	0.069304155	0.030647045
2277	0.049885	0.069815039	0.029954961
2278	0.0492596	0.069379415	0.029139785
2279	0.0483398	0.068507325	0.028172275
2280	0.0478848	0.06774152	0.02802808
2281	0.0477096	0.067238232	0.028180968
2282	0.0482844	0.067395631	0.029173169
2283	0.0493524	0.068288321	0.030416479
2284	0.0494372	0.068361129	0.030513271
2285	0.0484034	0.067060946	0.029745854
2286	0.0471806	0.066271009	0.028090191
2287	0.0465994	0.066163023	0.027035777
2288	0.0465396	0.065452375	0.027626825
2289	0.0464568	0.064658552	0.028255048
2290	0.046404	0.063978882	0.028829118
2291	0.0460724	0.062067053	0.030077747
2292	0.0460618	0.061168415	0.030955185
2293	0.0467102	0.062779903	0.030640497
2294	0.0471152	0.063876147	0.030354253
2295	0.046802	0.063934669	0.029669331
2296	0.0462012	0.063784884	0.028617516
2297	0.0454738	0.062904458	0.028043142
2298	0.0446418	0.062081763	0.027201837
2299	0.0434966	0.060691323	0.026301877
2300	0.0426068	0.059160071	0.026053529
2301	0.042542	0.058981521	0.026102479
2302	0.042472	0.059456232	0.025487768
2303	0.0425322	0.060807394	0.024257006
2304	0.0427182	0.062197636	0.023238764
2305	0.0424984	0.062383246	0.022613554
2306	0.042098	0.061890672	0.022305328
2307	0.0420724	0.060617761	0.023527039
2308	0.0421286	0.059668852	0.024588348
2309	0.0419462	0.059481678	0.024410722
2310	0.0417608	0.059462175	0.024059425
2311	0.0416712	0.059755407	0.023586993
2312	0.0418428	0.06007432	0.02361128
2313	0.0424924	0.060679725	0.024305075
2314	0.0423286	0.060580079	0.024077121
2315	0.0418588	0.059483071	0.024234529
2316	0.0420236	0.058477036	0.025570164
2317	0.0421054	0.058161482	0.026049318
2318	0.0420862	0.058547069	0.025625331
2319	0.0415338	0.05830054	0.02476706
2320	0.0405768	0.05729375	0.02385985
2321	0.0405892	0.057280177	0.023898223
2322	0.041499	0.058918232	0.024079768
2323	0.0422358	0.060572546	0.023899054
2324	0.042962	0.061396685	0.024527315
2325	0.0429422	0.061343291	0.024541109
2326	0.0413646	0.059316198	0.023413002
2327	0.0401028	0.057541679	0.022663921
2328	0.0393368	0.056436417	0.022237183
2329	0.0384928	0.055264868	0.021720732
2330	0.038592	0.055399243	0.021784757
2331	0.0390216	0.05587107	0.02217213
2332	0.0391816	0.056153357	0.022209843
2333	0.0391484	0.056714882	0.021581918
2334	0.0385832	0.057089342	0.020077058
2335	0.0379116	0.057151268	0.018671932
2336	0.0376604	0.05623619	0.01908461
2337	0.0373678	0.054646529	0.020089071
2338	0.0378122	0.053872371	0.021752029
2339	0.0386124	0.053692896	0.023531904
2340	0.0378354	0.052236775	0.023434025
2341	0.0368958	0.050972676	0.022818924
2342	0.0368442	0.050221757	0.023466643
2343	0.0370728	0.050426876	0.023718724
2344	0.036966	0.050382825	0.023549175
2345	0.0361108	0.049371706	0.022849894
2346	0.0366542	0.050356734	0.022951666
2347	0.03807	0.051993194	0.024146806
2348	0.0391748	0.053658758	0.024690842
2349	0.040649	0.056566496	0.024731504
2350	0.0411026	0.057723657	0.024481543
2351	0.0398528	0.057005201	0.022700399
2352	0.037646	0.055251761	0.020040239
2353	0.0344128	0.051905704	0.016919896
2354	0.0322582	0.050063478	0.014452922
2355	0.0334754	0.049952772	0.016998028
2356	0.0345158	0.049361632	0.019669968
2357	0.0353864	0.04911796	0.02165484
2358	0.0368368	0.04956765	0.02410595
2359	0.0373186	0.050419179	0.024218021
2360	0.037112	0.050872564	0.023351436
2361	0.0358406	0.050275931	0.021405269
2362	0.0352912	0.050537077	0.020045323
2363	0.0368808	0.053445564	0.020316036
2364	0.038217	0.056588579	0.019845421
2365	0.0385482	0.057549638	0.019546762
2366	0.0385498	0.057799307	0.019300293
2367	0.0365794	0.055247052	0.017911748
2368	0.0343104	0.052741939	0.015878861
2369	0.0322936	0.0509006	0.0136866
2370	0.0302228	0.048964695	0.011480905
2371	0.0310538	0.050008095	0.012099505
2372	0.0329828	0.052605907	0.013359693
2373	0.0338282	0.053197101	0.014459299
2374	0.0342012	0.052719233	0.015683167
2375	0.0342	0.05180244	0.01659756
2376	0.0343384	0.050765682	0.017911118
2377	0.0337806	0.049850505	0.017710695
2378	0.0326766	0.049034668	0.016318532
2379	0.031841	0.048575776	0.015106224
2380	0.0311026	0.049467555	0.012737645
2381	0.0309756	0.049706096	0.012245104
2382	0.0311392	0.047744197	0.014534203
2383	0.0315208	0.046018748	0.017022852
2384	0.0322356	0.045442299	0.019028901
2385	0.0334234	0.047774558	0.019072242
2386	0.0341804	0.050541981	0.017818819
2387	0.0338852	0.050910444	0.016859956
2388	0.0320146	0.051273457	0.012755743
2389	0.030307	0.050592888	0.010021112
2390	0.031276	0.050733593	0.011818407
2391	0.0317734	0.051390834	0.012155966
2392	0.0314136	0.050898482	0.011928718
2393	0.0316892	0.051228401	0.012149999
2394	0.0313676	0.049996234	0.012738966
2395	0.030492	0.048570285	0.012413715
2396	0.0294512	0.047821515	0.011080885
2397	0.0288764	0.048018668	0.009734132
2398	0.0275956	0.046312314	0.008878886
2399	0.0269026	0.045246693	0.008558507
2400	0.028324	0.045664269	0.010983731
2401	0.0292392	0.044958196	0.013520204
2402	0.0297202	0.043474273	0.015966127
2403	0.0302284	0.043548057	0.016908743
2404	0.0299564	0.044314544	0.015598256
2405	0.0294208	0.044337041	0.014504559
2406	0.0296762	0.045688119	0.013664281
2407	0.030102	0.049153941	0.011050059
2408	0.0294336	0.048463362	0.010403838
2409	0.028923	0.047687679	0.010158321
2410	0.0297016	0.051006451	0.008396749
2411	0.0300734	0.054089027	0.006057773
2412	0.0289056	0.05066217	0.00714903
2413	0.0277196	0.046045076	0.009394124
2414	0.0252658	0.03980075	0.01073085
2415	0.022246	0.034260435	0.010231565
2416	0.0201678	0.032794362	0.007541238
2417	0.018423	0.031807884	0.005038116
2418	0.0214912	0.0336033	0.0093791
2419	0.0262064	0.038295101	0.014117699
2420	0.0273724	0.038835787	0.015909013
2421	0.0272748	0.037592627	0.016956973
2422	0.0263986	0.038830726	0.013966474
2423	0.0259238	0.043235605	0.008611995
2424	0.0271828	0.04513627	0.00922933
2425	0.0278668	0.044644888	0.011088712
2426	0.0258486	0.043653102	0.008044098
2427	0.0235254	0.04566219	0.00138861
2428	0.021537	0.044557796	-0.001483796
2429	0.0200016	0.042956093	-0.002952893
2430	0.0218368	0.043010572	0.000663028
2431	0.0238716	0.04236328	0.00537992
2432	0.0230752	0.040131149	0.006019251
2433	0.0213346	0.038057516	0.004611684
2434	0.0164418	0.031643428	0.001240172
2435	0.0111524	0.024502514	-0.002197714
2436	0.0115206	0.026737641	-0.003696441
2437	0.01361	0.032207327	-0.004987327
2438	0.0160438	0.034883464	-0.002795864
2439	0.019751	0.038523198	0.000978802
2440	0.0219256	0.041427308	0.002423892
2441	0.0227554	0.042663344	0.002847456
2442	0.023516	0.043661825	0.003370175
2443	0.0237758	0.041795062	0.005756538
2444	0.024712	0.041121642	0.008302358
2445	0.0268704	0.042786555	0.010954245
2446	0.0268812	0.041620571	0.012141829
2447	0.025343	0.04019204	0.01049396
2448	0.0265528	0.044040894	0.009064706
2449	0.0291078	0.050209436	0.008006164
2450	0.0266782	0.04772022	0.00563618
2451	0.0212484	0.034340749	0.008156051
2452	0.018319	0.031448187	0.005189813
2453	0.013287	0.023513341	0.003060659
2454	0.009518	0.019280932	-0.000244932
2455	0.009355	0.019709531	-0.000999531
2456	0.0085544	0.018800498	-0.001691698
2457	0.0090946	0.01832881	-0.00013961
2458	0.0103632	0.01928659	0.00143981
2459	0.0122722	0.022314983	0.002229417
2460	0.015394	0.026591082	0.004196918
2461	0.0153736	0.022214518	0.008532682
2462	0.0155006	0.023551222	0.007449978
2463	0.01836	0.034968621	0.001751379
2464	0.017088	0.036557967	-0.002381967
2465	0.0117264	0.026677218	-0.003224418
2466	0.0091174	0.021616732	-0.003381932
2467	0.0126392	0.026412239	-0.001133839
2468	0.016046	0.030062116	0.002029884
2469	0.0167668	0.030517192	0.003016408
2470	0.0183888	0.038108864	-0.001331264
2471	0.0218764	0.048307573	-0.004554773
2472	0.0242906	0.057815081	-0.009233881
2473	0.0234948	0.058301345	-0.011311745
2474	0.0244598	0.061760437	-0.012840837
2475	0.028493	0.071092976	-0.014106976
2476	0.0331048	0.079146192	-0.012936592
2477	0.0417946	0.089156471	-0.005567271
2478	0.0479624	0.091530927	0.004393873
2479	0.0392352	0.06092882	0.01754158
2480	0.0288802	0.044666727	0.013093673
2481	0.0234062	0.041769821	0.005042579
2482	0.0196128	0.038944724	0.000280876
2483	0.0274386	0.046245919	0.008631281
2484	0.038723	0.066740272	0.010705728
2485	0.0450082	0.075179607	0.014836793
2486	0.0557418	0.103132185	0.008351415
2487	0.0622894	0.104151744	0.020427056
2488	0.0544722	0.086830236	0.022114164
2489	0.037294	0.069441378	0.005146622
2490	0.030703	0.08155517	-0.02014917
2491	0.0322716	0.06986048	-0.00531728
2492	0.0326064	0.063145215	0.002067585
2493	0.0397384	0.083550594	-0.004073794
2494	0.0489378	0.099105016	-0.001229416
2495	0.0666902	0.113053153	0.020327247
2496	0.0814618	0.152368287	0.010555313
2497	0.0724686	0.146493066	-0.001555866
2498	0.058437	0.142135343	-0.025261343
2499	0.0536758	0.138787756	-0.031436156
2500	0.0531004	0.138390171	-0.032189371
