Wavelength	Mean	Std+	Std-
350	0.02227255	0.026456759	0.018088341
351	0.02224835	0.026428922	0.018067778
352	0.0223204	0.026468575	0.018172225
353	0.0222399	0.026368188	0.018111612
354	0.0221549	0.026291806	0.018017994
355	0.0220935	0.0262587	0.0179283
356	0.02227475	0.026386543	0.018162957
357	0.02228565	0.026361519	0.018209781
358	0.022158	0.026219074	0.018096926
359	0.02186565	0.025956286	0.017775014
360	0.02195765	0.026019061	0.017896239
361	0.02198735	0.026041108	0.017933592
362	0.02167505	0.025796042	0.017554058
363	0.02170935	0.025808399	0.017610301
364	0.0217731	0.025846738	0.017699462
365	0.02181995	0.025875689	0.017764211
366	0.0217066	0.025755011	0.017658189
367	0.0216451	0.025696229	0.017593971
368	0.0215868	0.025638687	0.017534913
369	0.0213985	0.025410103	0.017386897
370	0.0212976	0.025296313	0.017298887
371	0.02125055	0.025255545	0.017245555
372	0.0212562	0.025288422	0.017223978
373	0.02128225	0.025294097	0.017270403
374	0.02138365	0.025376922	0.017390378
375	0.02156275	0.025547008	0.017578492
376	0.0212213	0.025235269	0.017207331
377	0.02109715	0.02513565	0.01705865
378	0.0211039	0.025159675	0.017048125
379	0.02100135	0.025051675	0.016951025
380	0.0210651	0.025104776	0.017025424
381	0.02116505	0.025198122	0.017131978
382	0.0212034	0.025241765	0.017165035
383	0.02106085	0.025089416	0.017032284
384	0.0209995	0.02501964	0.01697936
385	0.0210704	0.025088011	0.017052789
386	0.02090635	0.024936356	0.016876344
387	0.02089985	0.024949426	0.016850274
388	0.02098165	0.02505113	0.01691217
389	0.02091905	0.024983622	0.016854478
390	0.02101325	0.02506275	0.01696375
391	0.02110285	0.025143301	0.017062399
392	0.0210356	0.025090005	0.016981195
393	0.0210173	0.025057315	0.016977285
394	0.020948	0.024985804	0.016910196
395	0.02080805	0.02486378	0.01675232
396	0.0206707	0.024750793	0.016590607
397	0.02065945	0.024752862	0.016566038
398	0.02071715	0.02481797	0.01661633
399	0.02069515	0.024818053	0.016572247
400	0.0207248	0.024836747	0.016612853
401	0.02076795	0.024861131	0.016674769
402	0.02079675	0.024882788	0.016710712
403	0.02078555	0.024846609	0.016724491
404	0.02075805	0.024804924	0.016711176
405	0.0207187	0.024769763	0.016667637
406	0.02073755	0.024788989	0.016686111
407	0.02072795	0.024782896	0.016673004
408	0.02070935	0.024771269	0.016647431
409	0.020807	0.024879365	0.016734635
410	0.0208473	0.024917845	0.016776755
411	0.02083775	0.024906094	0.016769406
412	0.02075855	0.024839395	0.016677705
413	0.0208192	0.024905749	0.016732651
414	0.0208703	0.024966108	0.016774492
415	0.02086295	0.024976167	0.016749733
416	0.0209173	0.025039127	0.016795473
417	0.0210072	0.025137427	0.016876973
418	0.0211196	0.025258677	0.016980523
419	0.02117655	0.025329857	0.017023243
420	0.02124045	0.025413935	0.017066965
421	0.0213263	0.025523187	0.017129413
422	0.0214749	0.025696044	0.017253756
423	0.0215701	0.025812331	0.017327869
424	0.02165855	0.025924995	0.017392105
425	0.02175895	0.026056023	0.017461877
426	0.0218975	0.026224694	0.017570306
427	0.02203515	0.026397839	0.017672461
428	0.02217625	0.026580874	0.017771626
429	0.02241365	0.026875634	0.017951666
430	0.02262375	0.027139173	0.018108327
431	0.02281685	0.02738581	0.01824789
432	0.02300745	0.027638966	0.018375934
433	0.0232055	0.027910365	0.018500635
434	0.0234202	0.028192173	0.018648227
435	0.0236652	0.028489051	0.018841349
436	0.0238397	0.028715649	0.018963751
437	0.0240302	0.028957919	0.019102481
438	0.02424295	0.029223039	0.019262861
439	0.0244445	0.029487518	0.019401482
440	0.02468475	0.029786702	0.019582798
441	0.0249307	0.030090314	0.019771086
442	0.02510825	0.030330334	0.019886166
443	0.0252935	0.030580646	0.020006354
444	0.0254741	0.030822614	0.020125586
445	0.0256417	0.031043382	0.020240018
446	0.0258735	0.031330563	0.020416437
447	0.02605675	0.03156825	0.02054525
448	0.026183	0.031747916	0.020618084
449	0.0263816	0.031999527	0.020763673
450	0.0265641	0.03222896	0.02089924
451	0.02672705	0.032435286	0.021018814
452	0.0268466	0.03259969	0.02109351
453	0.02699855	0.032789738	0.021207362
454	0.0271427	0.032970758	0.021314642
455	0.0272446	0.033112125	0.021377075
456	0.02736815	0.033264394	0.021471906
457	0.0274566	0.033381435	0.021531765
458	0.02749815	0.033452627	0.021543673
459	0.027594	0.033567795	0.021620205
460	0.0276478	0.03364071	0.02165489
461	0.027673	0.033684708	0.021661292
462	0.02769745	0.033727004	0.021667896
463	0.02776915	0.033812986	0.021725314
464	0.02783245	0.033889213	0.021775687
465	0.027834	0.033902579	0.021765421
466	0.0278659	0.033946021	0.021785779
467	0.0279045	0.033995463	0.021813537
468	0.0279461	0.034047146	0.021845054
469	0.0279891	0.034108179	0.021870021
470	0.0280225	0.03415596	0.02188904
471	0.0280396	0.034183873	0.021895327
472	0.0280027	0.034155473	0.021849927
473	0.0280473	0.034210197	0.021884403
474	0.02810645	0.034280616	0.021932284
475	0.02811915	0.034305813	0.021932487
476	0.0281485	0.034348786	0.021948214
477	0.0281775	0.034386674	0.021968326
478	0.0282022	0.034412911	0.021991489
479	0.02820275	0.034424617	0.021980883
480	0.0282025	0.034430567	0.021974433
481	0.0282066	0.034435821	0.021977379
482	0.02824305	0.034469639	0.022016461
483	0.02828335	0.034512256	0.022054444
484	0.0283094	0.034542046	0.022076754
485	0.02828885	0.034522349	0.022055351
486	0.02828855	0.034531833	0.022045267
487	0.0283321	0.034587915	0.022076285
488	0.02843465	0.034703902	0.022165398
489	0.02842325	0.03471417	0.02213233
490	0.0284749	0.034782953	0.022166847
491	0.0285812	0.034901647	0.022260753
492	0.02869225	0.035020895	0.022363605
493	0.0287641	0.035112681	0.022415519
494	0.0288424	0.035215533	0.022469267
495	0.0290007	0.035396148	0.022605252
496	0.0291293	0.03555456	0.02270404
497	0.02926955	0.035726746	0.022812354
498	0.02944075	0.035930339	0.022951161
499	0.0296564	0.036191594	0.023121206
500	0.02986945	0.036451171	0.023287729
501	0.0300852	0.036715039	0.023455361
502	0.03037315	0.037062927	0.023683373
503	0.0307096	0.037464953	0.023954247
504	0.0310675	0.037892937	0.024242063
505	0.0314235	0.038325304	0.024521696
506	0.0318297	0.038814751	0.024844649
507	0.03228145	0.039353751	0.025209149
508	0.03279285	0.039956681	0.025629019
509	0.03334635	0.040614953	0.026077747
510	0.0339416	0.041324806	0.026558394
511	0.03458135	0.042088775	0.027073925
512	0.03528355	0.042924084	0.027643016
513	0.0360476	0.043830571	0.028264629
514	0.0368711	0.044805912	0.028936288
515	0.03777265	0.045873516	0.029671784
516	0.03882505	0.047114679	0.030535421
517	0.03993215	0.048428422	0.031435878
518	0.0410518	0.049774383	0.032329217
519	0.04237755	0.051348685	0.033406415
520	0.0437227	0.052949924	0.034495476
521	0.0450574	0.054543659	0.035571141
522	0.04644855	0.056188728	0.036708372
523	0.04782215	0.057816516	0.037827784
524	0.0492025	0.059456206	0.038948794
525	0.05062625	0.061154593	0.040097907
526	0.05206435	0.062877548	0.041251152
527	0.05349355	0.064595779	0.042391321
528	0.05491335	0.066308195	0.043518505
529	0.0562285	0.067902904	0.044554096
530	0.0574725	0.06940656	0.04553844
531	0.05864465	0.070816704	0.046472596
532	0.05973825	0.072144048	0.047332452
533	0.0608099	0.073449004	0.048170796
534	0.0618413	0.07471263	0.04896997
535	0.06273395	0.075830543	0.049637357
536	0.0635956	0.076888182	0.050303018
537	0.06439775	0.077872745	0.050922755
538	0.06509885	0.078748887	0.051448813
539	0.0657548	0.079575467	0.051934133
540	0.0664051	0.080394109	0.052416091
541	0.06704995	0.081204149	0.052895751
542	0.06761015	0.081929799	0.053290501
543	0.0681663	0.082642325	0.053690275
544	0.06871315	0.083336208	0.054090092
545	0.06923985	0.083999631	0.054480069
546	0.06974075	0.08462948	0.05485202
547	0.07024305	0.085257183	0.055228917
548	0.0707747	0.085913766	0.055635634
549	0.07118215	0.086437898	0.055926402
550	0.07155125	0.086910727	0.056191773
551	0.07189595	0.087342913	0.056448987
552	0.0721325	0.087651198	0.056613802
553	0.0722967	0.087866586	0.056726814
554	0.07238435	0.08798574	0.05678296
555	0.07233185	0.08793696	0.05672674
556	0.07218715	0.087768842	0.056605458
557	0.07197345	0.087518225	0.056428675
558	0.071676	0.087178575	0.056173425
559	0.07127495	0.086720818	0.055829082
560	0.0708228	0.086200438	0.055445162
561	0.0703279	0.085625137	0.055030663
562	0.0697806	0.084979576	0.054581624
563	0.0691896	0.084278558	0.054100642
564	0.0685535	0.083521522	0.053585478
565	0.0678574	0.082695548	0.053019252
566	0.0670776	0.081779672	0.052375528
567	0.066243	0.08079972	0.05168628
568	0.06536755	0.079760999	0.050974101
569	0.0644655	0.078687672	0.050243328
570	0.06354205	0.077593261	0.049490839
571	0.06259655	0.076480177	0.048712923
572	0.061682	0.075398081	0.047965919
573	0.06081505	0.074364716	0.047265384
574	0.05999285	0.073378201	0.046607499
575	0.05921255	0.072440002	0.045985098
576	0.0584818	0.071566961	0.045396639
577	0.05778965	0.070742571	0.044836729
578	0.057155	0.069984915	0.044325085
579	0.0565668	0.069284141	0.043849459
580	0.0560244	0.068637536	0.043411264
581	0.05554065	0.06805987	0.04302143
582	0.0550695	0.0675005	0.0426385
583	0.05465625	0.067002452	0.042310048
584	0.0542971	0.066561987	0.042032213
585	0.05394595	0.066139646	0.041752254
586	0.0536016	0.065729733	0.041473467
587	0.05328395	0.065349977	0.041217923
588	0.05306075	0.065067971	0.041053529
589	0.05279705	0.06476015	0.04083395
590	0.0525502	0.064479078	0.040621322
591	0.05235735	0.064263214	0.040451486
592	0.0522464	0.064127081	0.040365719
593	0.0521597	0.064020088	0.040299312
594	0.0520909	0.063936236	0.040245564
595	0.05203155	0.063868651	0.040194449
596	0.05197575	0.06380629	0.04014521
597	0.05192695	0.063752037	0.040101863
598	0.05189845	0.06371923	0.04007767
599	0.05181875	0.063628832	0.040008668
600	0.0517141	0.063509839	0.039918361
601	0.0515917	0.063370678	0.039812722
602	0.0514514	0.063203801	0.039698999
603	0.0512751	0.062996951	0.039553249
604	0.05105685	0.062744244	0.039369456
605	0.05075925	0.062396288	0.039122212
606	0.05045925	0.062038335	0.038880165
607	0.05014075	0.061654173	0.038627327
608	0.04975915	0.061195986	0.038322314
609	0.04937665	0.06073746	0.03801584
610	0.04899015	0.060273495	0.037706805
611	0.0486027	0.059805899	0.037399501
612	0.04822585	0.059346893	0.037104807
613	0.0478339	0.058871909	0.036795891
614	0.04742315	0.058377866	0.036468434
615	0.0470546	0.057940488	0.036168712
616	0.04673065	0.057551028	0.035910272
617	0.0464418	0.057200381	0.035683219
618	0.04617295	0.056878175	0.035467725
619	0.04594095	0.056594431	0.035287469
620	0.0457333	0.056336596	0.035130004
621	0.0455521	0.056107155	0.034997045
622	0.04540865	0.055928937	0.034888363
623	0.04528415	0.055775541	0.034792759
624	0.04517785	0.055645708	0.034709992
625	0.04509375	0.05555182	0.03463568
626	0.04499885	0.055446054	0.034551646
627	0.04491735	0.055354651	0.034480049
628	0.0449506	0.055385638	0.034515562
629	0.0449244	0.055355916	0.034492884
630	0.044883	0.055311098	0.034454902
631	0.04485925	0.055284487	0.034434013
632	0.0448253	0.0552434	0.0344072
633	0.04476765	0.055171741	0.034363559
634	0.04468145	0.055063961	0.034298939
635	0.0444673	0.054824509	0.034110091
636	0.0442429	0.054564926	0.033920874
637	0.04400405	0.054282219	0.033725881
638	0.04371535	0.053939358	0.033491342
639	0.04339255	0.053556013	0.033229087
640	0.04304365	0.053141922	0.032945378
641	0.04266335	0.05269265	0.03263405
642	0.0422295	0.052177118	0.032281882
643	0.0417862	0.051647886	0.031924514
644	0.0413401	0.051112703	0.031567497
645	0.04095575	0.050644435	0.031267065
646	0.0405849	0.050190896	0.030978904
647	0.04022395	0.049749266	0.030698634
648	0.0398688	0.049323382	0.030414218
649	0.03953555	0.048922846	0.030148254
650	0.03923365	0.048557073	0.029910227
651	0.03898875	0.048252632	0.029724868
652	0.0387343	0.047937242	0.029531358
653	0.0384886	0.047628256	0.029348944
654	0.03825525	0.047327003	0.029183497
655	0.03797115	0.046969528	0.028972772
656	0.0376193	0.046534802	0.028703798
657	0.03721055	0.046035112	0.028385988
658	0.0367003	0.045403304	0.027997296
659	0.03622275	0.044797554	0.027647946
660	0.03576095	0.044203703	0.027318197
661	0.03530145	0.043609245	0.026993655
662	0.0348212	0.043001759	0.026640641
663	0.0343613	0.042418787	0.026303813
664	0.03394645	0.041884334	0.026008566
665	0.03355105	0.041377158	0.025724942
666	0.03319615	0.040920262	0.025472038
667	0.03288105	0.040512825	0.025249275
668	0.0326005	0.040152404	0.025048596
669	0.0323873	0.039868802	0.024905798
670	0.03221605	0.039636603	0.024795497
671	0.03206605	0.039440927	0.024691173
672	0.03195815	0.039293875	0.024622425
673	0.03187105	0.03917055	0.02457155
674	0.03180135	0.039067091	0.024535609
675	0.03181105	0.039058885	0.024563215
676	0.03183855	0.039078084	0.024599016
677	0.0318821	0.039122606	0.024641594
678	0.0319952	0.039250825	0.024739575
679	0.03219915	0.039482292	0.024916008
680	0.03246955	0.039795632	0.025143468
681	0.03279415	0.040195184	0.025393116
682	0.03329985	0.040806675	0.025793025
683	0.03393455	0.041571386	0.026297714
684	0.0347263	0.042525446	0.026927154
685	0.0357632	0.043782048	0.027744352
686	0.03703705	0.045337835	0.028736265
687	0.0385445	0.04719152	0.02989748
688	0.040208	0.049244376	0.031171624
689	0.04215275	0.051624843	0.032680657
690	0.04434425	0.05429048	0.03439802
691	0.0469791	0.057468264	0.036489936
692	0.05011945	0.06122712	0.03901178
693	0.0536586	0.065447057	0.041870143
694	0.05766845	0.070213672	0.045123228
695	0.06219775	0.075574898	0.048820602
696	0.06696385	0.081205507	0.052722193
697	0.0720085	0.087156996	0.056860004
698	0.0776023	0.093747762	0.061456838
699	0.0834654	0.100649386	0.066281414
700	0.08958485	0.107851022	0.071318678
701	0.09603005	0.115429181	0.076630919
702	0.10262265	0.123164416	0.082080884
703	0.1092551	0.130938152	0.087572048
704	0.1159756	0.138800602	0.093150598
705	0.1228655	0.146843974	0.098887026
706	0.1298334	0.154968151	0.104698649
707	0.13686925	0.163160158	0.110578342
708	0.144073	0.171528061	0.116617939
709	0.1513655	0.179978688	0.122752312
710	0.15874575	0.188512829	0.128978671
711	0.1662786	0.197197951	0.135359249
712	0.17387835	0.205942616	0.141814084
713	0.1814827	0.214679203	0.148286197
714	0.18909035	0.223392254	0.154788446
715	0.19646875	0.231797328	0.161140172
716	0.20419155	0.240615817	0.167767283
717	0.212421	0.250058171	0.174783829
718	0.2210199	0.259968525	0.182071275
719	0.22983075	0.270088031	0.189573469
720	0.23817935	0.279618484	0.196740216
721	0.24593535	0.288262054	0.203608646
722	0.25353645	0.296810493	0.210262407
723	0.26141985	0.305747624	0.217092076
724	0.26938485	0.314866935	0.223902765
725	0.27695585	0.323432794	0.230478906
726	0.28431635	0.33173415	0.23689855
727	0.2915703	0.339904493	0.243236107
728	0.29858405	0.347846775	0.249321325
729	0.3054521	0.355619568	0.255284632
730	0.31209615	0.363129386	0.261062914
731	0.31857595	0.37041618	0.26673572
732	0.3246159	0.377164394	0.272067406
733	0.33027275	0.383467856	0.277077644
734	0.33556885	0.389379103	0.281758597
735	0.34063335	0.395082686	0.286184014
736	0.3454772	0.400530375	0.290424025
737	0.3500541	0.405645266	0.294462934
738	0.3543505	0.410469692	0.298231308
739	0.35840265	0.415014437	0.301790863
740	0.36220575	0.419276346	0.305135154
741	0.36579565	0.423334412	0.308256888
742	0.36905245	0.4269811	0.3111238
743	0.37206415	0.430337218	0.313791082
744	0.374863	0.433466908	0.316259092
745	0.37741215	0.43631669	0.31850761
746	0.37978315	0.438963646	0.320602654
747	0.38197065	0.441399047	0.322542253
748	0.38397705	0.443631172	0.324322928
749	0.3858305	0.445709127	0.325951873
750	0.38752485	0.447623014	0.327426686
751	0.38907	0.449348631	0.328791369
752	0.3905373	0.450981112	0.330093488
753	0.3919049	0.452494615	0.331315185
754	0.39307405	0.453770929	0.332377171
755	0.39416975	0.454972815	0.333366685
756	0.3949389	0.455741736	0.334136064
757	0.39513785	0.455728029	0.334547671
758	0.39255455	0.452281034	0.332828066
759	0.3899024	0.449347574	0.330457226
760	0.38883275	0.449326745	0.328338755
761	0.39093545	0.451717443	0.330153457
762	0.39246935	0.453453194	0.331485506
763	0.39408855	0.455270925	0.332906175
764	0.39661995	0.458091482	0.335148418
765	0.39886745	0.460452783	0.337282117
766	0.4006539	0.462278041	0.339029759
767	0.40197385	0.46359072	0.34035698
768	0.40284775	0.464466319	0.341229181
769	0.40359005	0.465216232	0.341963868
770	0.40424055	0.465880119	0.342600981
771	0.4047416	0.466397686	0.343085514
772	0.4051953	0.466862356	0.343528244
773	0.4056224	0.467300566	0.343944234
774	0.40606055	0.467768304	0.344352796
775	0.40647435	0.46819915	0.34474955
776	0.4068857	0.46862251	0.34514889
777	0.40731155	0.469059062	0.345564038
778	0.4077396	0.469510462	0.345968738
779	0.40815515	0.469952038	0.346358262
780	0.4085541	0.470377696	0.346730504
781	0.4089461	0.470782219	0.347109981
782	0.4093161	0.471171943	0.347460257
783	0.40967545	0.471556125	0.347794775
784	0.41005085	0.471955882	0.348145818
785	0.4103741	0.472303131	0.348445069
786	0.4106666	0.472618362	0.348714838
787	0.41092815	0.47289908	0.34895722
788	0.4112489	0.473246093	0.349251707
789	0.41160695	0.473627261	0.349586639
790	0.4120004	0.474038107	0.349962693
791	0.4123931	0.47442425	0.35036195
792	0.4128309	0.474867247	0.350794553
793	0.41328125	0.475335819	0.351226681
794	0.41359925	0.475694957	0.351503543
795	0.41394525	0.476075741	0.351814759
796	0.4143268	0.476483975	0.352169625
797	0.4147691	0.476938871	0.352599329
798	0.4150847	0.477269909	0.352899491
799	0.41539475	0.47760238	0.35318712
800	0.4157234	0.477962275	0.353484525
801	0.41607705	0.47834047	0.35381363
802	0.41645735	0.478735209	0.354179491
803	0.4168644	0.479148839	0.354579961
804	0.4173022	0.479595	0.3550094
805	0.41773365	0.480048471	0.355418829
806	0.41812185	0.480462241	0.355781459
807	0.41839655	0.480755019	0.356038081
808	0.4185796	0.480966481	0.356192719
809	0.4187604	0.481180952	0.356339848
810	0.4189659	0.481424489	0.356507311
811	0.41901925	0.481520834	0.356517666
812	0.4190199	0.481548276	0.356491524
813	0.4189906	0.481532396	0.356448804
814	0.4190922	0.481658021	0.356526379
815	0.41928205	0.481848668	0.356715432
816	0.4195599	0.482121366	0.356998434
817	0.41997235	0.482547829	0.357396871
818	0.42052955	0.483114884	0.357944216
819	0.4211005	0.483728997	0.358472003
820	0.42165205	0.484379013	0.358925087
821	0.4215915	0.484240223	0.358942777
822	0.42170835	0.484322567	0.359094133
823	0.4220575	0.484698153	0.359416847
824	0.4227667	0.485508463	0.360024937
825	0.4231682	0.485958828	0.360377572
826	0.4233937	0.486198304	0.360589096
827	0.4234931	0.486274885	0.360711315
828	0.42376185	0.486564786	0.360958914
829	0.4240837	0.486915972	0.361251428
830	0.4244224	0.487278779	0.361566021
831	0.4247623	0.487629628	0.361894972
832	0.42512135	0.487988791	0.362253909
833	0.4254952	0.488355847	0.362634553
834	0.42586435	0.488761709	0.362966991
835	0.4262133	0.489134347	0.363292253
836	0.426532	0.489467395	0.363596605
837	0.42677475	0.489714557	0.363834943
838	0.4270798	0.490028975	0.364130625
839	0.4274082	0.490370528	0.364445872
840	0.4277476	0.490726471	0.364768729
841	0.42801215	0.49101184	0.36501246
842	0.42831425	0.491328364	0.365300136
843	0.42865575	0.491677644	0.365633856
844	0.4288648	0.491897147	0.365832453
845	0.4291485	0.492206418	0.366090582
846	0.42944925	0.492542049	0.366356451
847	0.4296204	0.492747079	0.366493721
848	0.4297876	0.492877298	0.366697902
849	0.42998085	0.493031675	0.366930025
850	0.43022435	0.493282607	0.367166093
851	0.4305458	0.493752697	0.367338903
852	0.430746	0.493963128	0.367528872
853	0.43079825	0.493842629	0.367753871
854	0.43096515	0.493911309	0.368018991
855	0.4312409	0.494273	0.3682088
856	0.4315634	0.494764168	0.368362632
857	0.4318357	0.495066813	0.368604587
858	0.43199615	0.495238908	0.368753392
859	0.43213735	0.495383427	0.368891273
860	0.43232065	0.49556689	0.36907441
861	0.43256435	0.495837262	0.369291438
862	0.43283315	0.496162617	0.369503683
863	0.4331228	0.496539792	0.369705808
864	0.4332565	0.496634147	0.369878853
865	0.4332831	0.496537528	0.370028672
866	0.4332711	0.496382368	0.370159832
867	0.43347975	0.496671649	0.370287851
868	0.4337175	0.496996815	0.370438185
869	0.43393565	0.497283897	0.370587403
870	0.4340887	0.497458276	0.370719124
871	0.43423295	0.49762186	0.37084404
872	0.43441075	0.497813188	0.371008312
873	0.43463605	0.498044506	0.371227594
874	0.43478895	0.49820874	0.37136916
875	0.43494075	0.498374468	0.371507032
876	0.4350909	0.498542857	0.371638943
877	0.43523725	0.498724283	0.371750217
878	0.4353877	0.498896849	0.371878551
879	0.43551375	0.499021859	0.372005641
880	0.43556775	0.499027119	0.372108381
881	0.43561305	0.499106576	0.372119524
882	0.43571445	0.499258149	0.372170751
883	0.4359011	0.499496596	0.372305604
884	0.43602945	0.499639116	0.372419784
885	0.4361461	0.499745204	0.372546996
886	0.43625235	0.499825868	0.372678832
887	0.4363442	0.499931559	0.372756841
888	0.43646615	0.500103551	0.372828749
889	0.4365783	0.500269915	0.372886685
890	0.4366213	0.500331812	0.372910788
891	0.43664055	0.500399711	0.372881389
892	0.4366072	0.500420775	0.372793625
893	0.4364977	0.500365085	0.372630315
894	0.43640175	0.500312099	0.372491401
895	0.4362874	0.500220584	0.372354216
896	0.43615325	0.50008592	0.37222058
897	0.4360085	0.499898967	0.372118033
898	0.43589475	0.499714721	0.372074779
899	0.43580265	0.499523973	0.372081327
900	0.43573065	0.499313924	0.372147376
901	0.4358596	0.499373396	0.372345804
902	0.43606565	0.499616122	0.372515178
903	0.43631875	0.500049132	0.372588368
904	0.43669735	0.500666777	0.372727923
905	0.4369205	0.50101405	0.37282695
906	0.43697115	0.501066107	0.372876193
907	0.43675865	0.500716303	0.372800997
908	0.436639	0.50048502	0.37279298
909	0.43657995	0.500362279	0.372797621
910	0.43655075	0.500394366	0.372707134
911	0.43671095	0.500637983	0.372783917
912	0.43685815	0.500839039	0.372877261
913	0.43688615	0.500854984	0.372917316
914	0.43677195	0.500684742	0.372859158
915	0.43670005	0.50055704	0.37284306
916	0.4366856	0.500490961	0.372880239
917	0.43669995	0.50045241	0.37294749
918	0.4368366	0.500593527	0.373079673
919	0.4370397	0.500848008	0.373231392
920	0.43723735	0.501152303	0.373322397
921	0.43730265	0.501279991	0.373325309
922	0.4373182	0.501308493	0.373327907
923	0.4373135	0.501245188	0.373381812
924	0.43713245	0.501096611	0.373168289
925	0.4369791	0.501064827	0.372893373
926	0.4368744	0.50117271	0.37257609
927	0.43671105	0.501142943	0.372279157
928	0.436569	0.501116356	0.372021644
929	0.43639475	0.501025344	0.371764156
930	0.43601465	0.500615071	0.371414229
931	0.43540085	0.499793931	0.371007769
932	0.43468575	0.498744855	0.370626645
933	0.434025	0.497631414	0.370418586
934	0.43319495	0.496385469	0.370004431
935	0.43246735	0.495213746	0.369720954
936	0.43197325	0.494280179	0.369666321
937	0.43161	0.493959667	0.369260333
938	0.4314758	0.494107265	0.368844335
939	0.4314988	0.49455041	0.36844719
940	0.4315693	0.495000063	0.368138537
941	0.43152195	0.495175106	0.367868794
942	0.43122995	0.49490215	0.36755775
943	0.4304761	0.493832516	0.367119684
944	0.42988235	0.492988257	0.366776443
945	0.4293091	0.492205532	0.366412668
946	0.42873345	0.491461465	0.366005435
947	0.42796035	0.490625308	0.365295392
948	0.4272849	0.489940954	0.364628846
949	0.42665005	0.489327016	0.363973084
950	0.42580635	0.488444114	0.363168586
951	0.4251319	0.487726931	0.362536869
952	0.4244264	0.486965716	0.361887084
953	0.42348755	0.485941888	0.361033212
954	0.42255565	0.484891312	0.360219988
955	0.42168705	0.483894974	0.359479126
956	0.4209032	0.482978716	0.358827684
957	0.41999415	0.481964616	0.358023684
958	0.4193298	0.481198378	0.357461222
959	0.4187797	0.480559961	0.356999439
960	0.4177469	0.479510663	0.355983137
961	0.4169268	0.47868134	0.35517226
962	0.4162955	0.478011027	0.354579973
963	0.4159226	0.477510603	0.354334597
964	0.41566495	0.477203922	0.354125978
965	0.4153992	0.476879044	0.353919356
966	0.4150919	0.476478334	0.353705466
967	0.4148657	0.476279183	0.353452217
968	0.4147311	0.476197267	0.353264933
969	0.4147128	0.4762676	0.353158
970	0.41502655	0.476792397	0.353260703
971	0.4151499	0.477039369	0.353260431
972	0.4150554	0.476995364	0.353115436
973	0.4145582	0.476444012	0.352672388
974	0.41449045	0.476279626	0.352701274
975	0.4145604	0.476233281	0.352887519
976	0.4146993	0.476238649	0.353159951
977	0.4142098	0.475699256	0.352720344
978	0.41407645	0.475543686	0.352609214
979	0.41429175	0.475767991	0.352815509
980	0.414467	0.476035417	0.352898583
981	0.41466055	0.476294532	0.353026568
982	0.4148784	0.476554	0.3532028
983	0.4151451	0.476827947	0.353462253
984	0.4152853	0.476970109	0.353600491
985	0.4154896	0.477222756	0.353756444
986	0.41585005	0.477710289	0.353989811
987	0.41595045	0.477797637	0.354103263
988	0.41613735	0.477996959	0.354277741
989	0.41643495	0.47834461	0.35452529
990	0.416829	0.478834409	0.354823591
991	0.4171455	0.47915819	0.35513281
992	0.41752665	0.479504927	0.355548373
993	0.41829265	0.48026274	0.35632256
994	0.41835825	0.480326271	0.356390229
995	0.41848225	0.480487489	0.356477011
996	0.41906695	0.481179254	0.356954646
997	0.4191766	0.481327097	0.357026103
998	0.419453	0.481641139	0.357264861
999	0.41993135	0.482163817	0.357698883
1000	0.42021025	0.482513432	0.357907068
1001	0.4271546	0.497734226	0.356574974
1002	0.4274723	0.498106804	0.356837796
1003	0.4278188	0.498470628	0.357166972
1004	0.42820485	0.49884511	0.35756459
1005	0.4286065	0.499271021	0.357941979
1006	0.4290681	0.499766031	0.358370169
1007	0.4296908	0.50041417	0.35896743
1008	0.43035415	0.501098984	0.359609316
1009	0.43090305	0.501641529	0.360164571
1010	0.43135395	0.502070886	0.360637014
1011	0.4318317	0.502577875	0.361085525
1012	0.43237955	0.503218335	0.361540765
1013	0.43292735	0.50384643	0.36200827
1014	0.43346145	0.504395786	0.362527114
1015	0.43402265	0.504950052	0.363095248
1016	0.4346805	0.505649347	0.363711653
1017	0.43532635	0.506340488	0.364312212
1018	0.43576415	0.506752909	0.364775391
1019	0.43624985	0.507226932	0.365272768
1020	0.43682145	0.507822298	0.365820602
1021	0.43735395	0.508370918	0.366336982
1022	0.437946	0.508983648	0.366908352
1023	0.4386009	0.509667072	0.367534728
1024	0.4391911	0.510285139	0.368097061
1025	0.43967035	0.510783037	0.368557663
1026	0.440082	0.511193443	0.368970557
1027	0.440422	0.511509526	0.369334474
1028	0.44078865	0.511863336	0.369713964
1029	0.4413607	0.51246583	0.37025557
1030	0.4419967	0.513170168	0.370823232
1031	0.44248745	0.513727204	0.371247696
1032	0.443	0.514283137	0.371716863
1033	0.4434326	0.514722461	0.372142739
1034	0.44387115	0.51515362	0.37258868
1035	0.44444895	0.515757358	0.373140542
1036	0.4449431	0.516303021	0.373583179
1037	0.4453775	0.516795857	0.373959143
1038	0.44579895	0.517253531	0.374344369
1039	0.44622575	0.517686091	0.374765409
1040	0.44669295	0.518143351	0.375242549
1041	0.44713935	0.518596712	0.375681988
1042	0.4474505	0.518941199	0.375959801
1043	0.4477724	0.519298743	0.376246057
1044	0.44817755	0.519739452	0.376615648
1045	0.44862135	0.520246356	0.376996344
1046	0.44912155	0.520809822	0.377433278
1047	0.44955245	0.521286146	0.377818754
1048	0.449904	0.521673769	0.378134231
1049	0.45015895	0.521934451	0.378383449
1050	0.45043685	0.5222312	0.3786425
1051	0.4508048	0.522645534	0.378964066
1052	0.45120835	0.523108646	0.379308054
1053	0.4516514	0.523636964	0.379665836
1054	0.45206745	0.52413439	0.38000051
1055	0.4523809	0.524490608	0.380271192
1056	0.45262945	0.524764655	0.380494245
1057	0.45273085	0.524874778	0.380586922
1058	0.45279535	0.524942508	0.380648192
1059	0.4529033	0.52507877	0.38072783
1060	0.4530879	0.525331105	0.380844695
1061	0.45328045	0.525553814	0.381007086
1062	0.45335825	0.525606018	0.381110482
1063	0.4536407	0.525908296	0.381373104
1064	0.4540115	0.526299859	0.381723141
1065	0.4541785	0.526443838	0.381913162
1066	0.45422875	0.52648424	0.38197326
1067	0.4543032	0.526540892	0.382065508
1068	0.45446935	0.526707562	0.382231138
1069	0.4546808	0.526953954	0.382407646
1070	0.4549151	0.527227634	0.382602566
1071	0.4551016	0.527421478	0.382781722
1072	0.4551342	0.527429112	0.382839288
1073	0.4551505	0.527433063	0.382867937
1074	0.45524495	0.527531004	0.382958896
1075	0.45531345	0.527602559	0.383024341
1076	0.45528285	0.52757171	0.38299399
1077	0.45537765	0.527666229	0.383089071
1078	0.45548225	0.527731508	0.383232992
1079	0.4554053	0.527579607	0.383230993
1080	0.4553241	0.527448591	0.383199609
1081	0.45533045	0.527413826	0.383247074
1082	0.4553429	0.527381625	0.383304175
1083	0.4552501	0.527259268	0.383240932
1084	0.4551629	0.527139243	0.383186557
1085	0.455163	0.52710228	0.38322372
1086	0.45515145	0.527049916	0.383252984
1087	0.45498485	0.526797886	0.383171814
1088	0.4547865	0.526505043	0.383067957
1089	0.45458855	0.52626239	0.38291471
1090	0.4544043	0.52605093	0.38275767
1091	0.45431965	0.525913809	0.382725491
1092	0.4542441	0.525788058	0.382700142
1093	0.4541359	0.52563632	0.38263548
1094	0.45399405	0.525443677	0.382544423
1095	0.45375075	0.525134139	0.382367361
1096	0.45344625	0.524739011	0.382153489
1097	0.45317205	0.524385967	0.381958133
1098	0.45289355	0.524044036	0.381743064
1099	0.4526121	0.523699296	0.381524904
1100	0.45236405	0.523397961	0.381330139
1101	0.4521142	0.523101116	0.381127284
1102	0.45189425	0.522877612	0.380910888
1103	0.45165895	0.522643519	0.380674381
1104	0.451324	0.52231485	0.38033315
1105	0.45098935	0.521986593	0.379992107
1106	0.450851	0.521870372	0.379831628
1107	0.4507035	0.52175545	0.37965155
1108	0.45046915	0.521589481	0.379348819
1109	0.45020395	0.521393541	0.379014359
1110	0.4498893	0.521138218	0.378640382
1111	0.44953165	0.520851259	0.378212041
1112	0.44919885	0.520589435	0.377808265
1113	0.44899335	0.520466857	0.377519843
1114	0.4487937	0.520331148	0.377256252
1115	0.44840655	0.519924934	0.376888166
1116	0.44795775	0.519453077	0.376462423
1117	0.4475447	0.519001262	0.376088138
1118	0.4470483	0.518438071	0.375658529
1119	0.4462792	0.517512113	0.375046287
1120	0.4454454	0.516513875	0.374376925
1121	0.44470925	0.515649943	0.373768557
1122	0.443968	0.514779426	0.373156574
1123	0.44312035	0.51381421	0.37242649
1124	0.44220015	0.512761368	0.371638932
1125	0.4412004	0.511568616	0.370832184
1126	0.44021125	0.510367842	0.370054658
1127	0.4388572	0.508758611	0.368955789
1128	0.43733995	0.506975404	0.367704496
1129	0.43586375	0.50525168	0.36647582
1130	0.4343784	0.503551026	0.365205774
1131	0.43277915	0.501764823	0.363793477
1132	0.4310068	0.499814138	0.362199462
1133	0.42929645	0.497922309	0.360670591
1134	0.4275589	0.496011972	0.359105828
1135	0.4259248	0.494237022	0.357612578
1136	0.4242432	0.492518486	0.355967914
1137	0.42264415	0.490880705	0.354407595
1138	0.42069855	0.488786547	0.352610553
1139	0.41881025	0.486749357	0.350871143
1140	0.41683355	0.484646516	0.349020584
1141	0.4148946	0.48259365	0.34719555
1142	0.4129684	0.480522893	0.345413907
1143	0.4110652	0.478468532	0.343661868
1144	0.40899585	0.476201367	0.341790333
1145	0.4068276	0.473807357	0.339847843
1146	0.4046454	0.471353084	0.337937716
1147	0.4024885	0.468884945	0.336092055
1148	0.40039425	0.466512321	0.334276179
1149	0.398426	0.464321848	0.332530152
1150	0.3965664	0.4622294	0.3309034
1151	0.3947975	0.460179545	0.329415455
1152	0.393142	0.45826801	0.32801599
1153	0.39164485	0.456568945	0.326720755
1154	0.3902774	0.455020501	0.325534299
1155	0.38930415	0.453963917	0.324644383
1156	0.38840605	0.452989342	0.323822758
1157	0.38749495	0.45195939	0.32303051
1158	0.38664195	0.45099303	0.32229087
1159	0.3859799	0.450257941	0.321701859
1160	0.3853808	0.449597226	0.321164374
1161	0.3847854	0.448946076	0.320624724
1162	0.38421275	0.448322488	0.320103012
1163	0.3837764	0.447862085	0.319690715
1164	0.38342155	0.44749639	0.31934671
1165	0.3830834	0.447133644	0.319033156
1166	0.3827672	0.446782752	0.318751648
1167	0.3824794	0.446469482	0.318489318
1168	0.3822226	0.44619867	0.31824653
1169	0.3819711	0.445937717	0.318004483
1170	0.38172715	0.445697276	0.317757024
1171	0.38148895	0.445458603	0.317519297
1172	0.38125465	0.445203145	0.317306155
1173	0.38102025	0.44494714	0.31709336
1174	0.38074175	0.444639743	0.316843757
1175	0.38046495	0.444333962	0.316595938
1176	0.38029515	0.444157566	0.316432734
1177	0.3801326	0.443989778	0.316275422
1178	0.3798766	0.443713686	0.316039514
1179	0.3796028	0.443417351	0.315788249
1180	0.37928265	0.443049024	0.315516276
1181	0.37894315	0.442650955	0.315235345
1182	0.37863835	0.442307349	0.314969351
1183	0.3783593	0.442002811	0.314715789
1184	0.3780663	0.441681489	0.314451111
1185	0.37776045	0.441345537	0.314175363
1186	0.3774892	0.44104306	0.31393534
1187	0.3772643	0.440784606	0.313743994
1188	0.37704685	0.440535175	0.313558525
1189	0.3768502	0.440310492	0.313389908
1190	0.37665445	0.440092889	0.313216011
1191	0.37646355	0.439904044	0.313023056
1192	0.37628465	0.439727129	0.312842171
1193	0.3761855	0.439631381	0.312739619
1194	0.376087	0.439536214	0.312637786
1195	0.37599605	0.439441395	0.312550705
1196	0.3759051	0.439346145	0.312464055
1197	0.3758191	0.439256651	0.312381549
1198	0.37574015	0.439174376	0.312305924
1199	0.37576955	0.439209942	0.312329158
1200	0.37582685	0.439275825	0.312377875
1201	0.375934	0.439389854	0.312478146
1202	0.37606815	0.439527871	0.312608429
1203	0.37614255	0.439583961	0.312701139
1204	0.37616795	0.439577529	0.312758371
1205	0.3762948	0.439704364	0.312885236
1206	0.37655135	0.439997685	0.313105015
1207	0.37678065	0.440244639	0.313316661
1208	0.37695725	0.440402953	0.313511547
1209	0.37717225	0.44061678	0.31372772
1210	0.3774816	0.440972572	0.313990628
1211	0.3777887	0.441320073	0.314257327
1212	0.3782029	0.441753846	0.314651954
1213	0.37862335	0.44219231	0.31505439
1214	0.379059	0.442627407	0.315490593
1215	0.37948785	0.443055656	0.315920044
1216	0.37995865	0.443554798	0.316362502
1217	0.38042975	0.44405355	0.31680595
1218	0.3809327	0.444581042	0.317284358
1219	0.38144055	0.4451155	0.3177656
1220	0.3820312	0.445738626	0.318323774
1221	0.38264495	0.446386281	0.318903619
1222	0.38321185	0.446975245	0.319448455
1223	0.3837462	0.447523294	0.319969106
1224	0.38431705	0.448107902	0.320526198
1225	0.38492255	0.448725621	0.321119479
1226	0.38550705	0.449326564	0.321687536
1227	0.3860582	0.449901089	0.322215311
1228	0.38659805	0.450460494	0.322735606
1229	0.3871552	0.451030717	0.323279683
1230	0.38769795	0.451583352	0.323812548
1231	0.3881695	0.452058851	0.324280149
1232	0.3886262	0.452520853	0.324731547
1233	0.3889997	0.452907908	0.325091492
1234	0.38938255	0.453305957	0.325459143
1235	0.38984925	0.453789034	0.325909466
1236	0.3903128	0.45426832	0.32635728
1237	0.39072265	0.454690166	0.326755134
1238	0.391131	0.455110955	0.327151045
1239	0.3915278	0.455525387	0.327530213
1240	0.39192775	0.455945303	0.327910197
1241	0.3923003	0.456326297	0.328274303
1242	0.39266535	0.45669652	0.32863418
1243	0.39303565	0.457083182	0.328988118
1244	0.39339405	0.457459456	0.329328644
1245	0.3937514	0.457828034	0.329674766
1246	0.3941248	0.458214675	0.330034925
1247	0.39447465	0.458584959	0.330364341
1248	0.3947996	0.458935095	0.330664105
1249	0.3951188	0.459272535	0.330965065
1250	0.39540445	0.459558949	0.331249951
1251	0.3956564	0.459815197	0.331497603
1252	0.3958718	0.460055606	0.331687994
1253	0.39609165	0.460295171	0.331888129
1254	0.39625765	0.46044313	0.33207217
1255	0.39641485	0.460580225	0.332249475
1256	0.3965622	0.460718689	0.332405711
1257	0.39671845	0.460869801	0.332567099
1258	0.39691815	0.461088932	0.332747368
1259	0.39711885	0.461309856	0.332927844
1260	0.3972502	0.461444832	0.333055568
1261	0.39737465	0.461570293	0.333179007
1262	0.3974885	0.46166764	0.33330936
1263	0.3976032	0.461764473	0.333441927
1264	0.39767825	0.461804283	0.333552217
1265	0.3977506	0.461835226	0.333665974
1266	0.39782525	0.461871462	0.333779038
1267	0.3978939	0.461905402	0.333882398
1268	0.3979513	0.461918191	0.333984409
1269	0.39800115	0.461914539	0.334087761
1270	0.39802675	0.46189613	0.33415737
1271	0.39803455	0.461867123	0.334201977
1272	0.3980628	0.46186472	0.33426088
1273	0.3980959	0.461880332	0.334311468
1274	0.39809815	0.461866973	0.334329327
1275	0.39806425	0.461822909	0.334305591
1276	0.39803255	0.461788746	0.334276354
1277	0.39800215	0.461767952	0.334236348
1278	0.3979606	0.461728708	0.334192492
1279	0.39787115	0.461622025	0.334120275
1280	0.39777575	0.461510893	0.334040607
1281	0.3975537	0.461265131	0.333842269
1282	0.39732395	0.461010435	0.333637465
1283	0.39719365	0.460869944	0.333517356
1284	0.39707725	0.460745942	0.333408558
1285	0.39681495	0.460472888	0.333157012
1286	0.3965283	0.460175911	0.332880689
1287	0.3962186	0.459870162	0.332567038
1288	0.39590265	0.45955757	0.33224773
1289	0.3955408	0.459191441	0.331890159
1290	0.3951472	0.458786803	0.331507597
1291	0.39476265	0.45839816	0.33112714
1292	0.3944057	0.458051765	0.330759635
1293	0.393949	0.457595315	0.330302685
1294	0.3933852	0.457016692	0.329753708
1295	0.3928535	0.456465782	0.329241218
1296	0.39237075	0.455966586	0.328774914
1297	0.39179945	0.455377606	0.328221294
1298	0.3911227	0.454667478	0.327577922
1299	0.39044755	0.453946679	0.326948421
1300	0.3897468	0.453189649	0.326303951
1301	0.3890268	0.4524245	0.3256291
1302	0.3883126	0.451676239	0.324948961
1303	0.38754605	0.45086081	0.32423129
1304	0.38659	0.449802544	0.323377456
1305	0.38560905	0.448714288	0.322503812
1306	0.3846328	0.447623991	0.321641609
1307	0.3836196	0.446491385	0.320747815
1308	0.3825338	0.44527046	0.31979714
1309	0.3814213	0.444019484	0.318823116
1310	0.3803155	0.442761362	0.317869638
1311	0.3791561	0.441436749	0.316875451
1312	0.37785265	0.439960254	0.315745046
1313	0.37651655	0.438453644	0.314579456
1314	0.3752028	0.436926152	0.313479448
1315	0.37385535	0.435344933	0.312365767
1316	0.37244665	0.433707528	0.311185772
1317	0.37100825	0.43205058	0.30996592
1318	0.3695239	0.430360678	0.308687122
1319	0.36798115	0.42860567	0.30735663
1320	0.3664393	0.426840492	0.306038108
1321	0.36487355	0.425041676	0.304705424
1322	0.36322735	0.423164224	0.303290476
1323	0.3615728	0.421286587	0.301859013
1324	0.3599475	0.419431252	0.300463748
1325	0.3582671	0.417508978	0.299025222
1326	0.35648325	0.415490752	0.297475748
1327	0.35467645	0.413462789	0.295890111
1328	0.3528061	0.411340748	0.294271452
1329	0.350801	0.409032278	0.292569722
1330	0.3487478	0.406676222	0.290819378
1331	0.3468704	0.404548116	0.289192684
1332	0.34493295	0.402347522	0.287518378
1333	0.34299775	0.400110403	0.285885097
1334	0.3410083	0.397814865	0.284201735
1335	0.33901565	0.395565567	0.282465733
1336	0.33704335	0.393351946	0.280734754
1337	0.33547375	0.391682432	0.279265068
1338	0.33390575	0.390030661	0.277780839
1339	0.33241565	0.388386149	0.276445151
1340	0.3308918	0.386683511	0.275100089
1341	0.32970205	0.38545527	0.27394883
1342	0.32849825	0.384244839	0.272751661
1343	0.3273722	0.383125985	0.271618415
1344	0.326137	0.381906822	0.270367178
1345	0.32506675	0.380838341	0.269295159
1346	0.3238731	0.379635341	0.268110859
1347	0.3227069	0.378468008	0.266945792
1348	0.3215567	0.37733418	0.26577922
1349	0.3207299	0.376626248	0.264833552
1350	0.32009925	0.376215305	0.263983195
1351	0.31935795	0.375632366	0.263083534
1352	0.31827785	0.374588008	0.261967692
1353	0.3168455	0.373164736	0.260526264
1354	0.3155937	0.371893288	0.259294112
1355	0.31422855	0.370665356	0.257791744
1356	0.3131944	0.370133876	0.256254924
1357	0.31203585	0.369640664	0.254431036
1358	0.3091059	0.366332684	0.251879116
1359	0.30338995	0.359532631	0.247247269
1360	0.30070385	0.355673394	0.245734306
1361	0.2956852	0.349757666	0.241612734
1362	0.2861896	0.341712592	0.230666608
1363	0.27115045	0.330335605	0.211965295
1364	0.2631192	0.32080351	0.20543489
1365	0.258458	0.315858326	0.201057674
1366	0.2634963	0.317789785	0.209202815
1367	0.26578725	0.319082314	0.212492186
1368	0.2695133	0.322225193	0.216801407
1369	0.27504295	0.329936098	0.220149802
1370	0.2753174	0.327859944	0.222774856
1371	0.27424425	0.326347214	0.222141286
1372	0.27211985	0.325868521	0.218371179
1373	0.2697989	0.32524098	0.21435682
1374	0.2696359	0.323278797	0.215993003
1375	0.2686008	0.320138702	0.217062898
1376	0.26620535	0.318730243	0.213680457
1377	0.2638399	0.317542385	0.210137415
1378	0.26170475	0.315250891	0.208158609
1379	0.2596906	0.313425486	0.205955714
1380	0.25319595	0.30583876	0.20055314
1381	0.2451883	0.296061566	0.194315034
1382	0.2394527	0.289177155	0.189728245
1383	0.2347799	0.284315557	0.185244243
1384	0.2288999	0.277489148	0.180310652
1385	0.2234581	0.270303218	0.176612982
1386	0.21928075	0.264923922	0.173637578
1387	0.21355975	0.258285482	0.168834018
1388	0.20627115	0.250041034	0.162501266
1389	0.200283	0.24284599	0.15772001
1390	0.19589265	0.237190097	0.154595203
1391	0.190876	0.230398483	0.151353517
1392	0.18586325	0.22424025	0.14748625
1393	0.1810796	0.218924185	0.143235015
1394	0.17662255	0.213816699	0.139428401
1395	0.17038675	0.206337737	0.134435763
1396	0.1647066	0.199660176	0.129753024
1397	0.15966175	0.193371426	0.125952074
1398	0.15514995	0.18778178	0.12251812
1399	0.1499198	0.181697719	0.118141881
1400	0.14504175	0.176123116	0.113960384
1401	0.1411827	0.171490469	0.110874931
1402	0.1375065	0.167108305	0.107904695
1403	0.1326053	0.161330732	0.103879868
1404	0.12832855	0.15631548	0.10034162
1405	0.12482785	0.15182887	0.09782683
1406	0.1215683	0.147712167	0.095424433
1407	0.1174507	0.142984625	0.091916775
1408	0.113917	0.138967732	0.088866268
1409	0.11114215	0.13539113	0.08689317
1410	0.10892755	0.132514843	0.085340257
1411	0.1067759	0.129915991	0.083635809
1412	0.1048477	0.127671589	0.082023811
1413	0.103189	0.125665709	0.080712291
1414	0.10182475	0.124018637	0.079630863
1415	0.1002653	0.122142104	0.078388496
1416	0.09880515	0.120316142	0.077294158
1417	0.0975052	0.118705258	0.076305142
1418	0.096265	0.117227134	0.075302866
1419	0.09506685	0.11574779	0.07438591
1420	0.09397075	0.114382907	0.073558593
1421	0.09285065	0.113073328	0.072627972
1422	0.09181315	0.111887103	0.071739197
1423	0.0909189	0.110830885	0.071006915
1424	0.0900679	0.109808147	0.070327653
1425	0.0892987	0.108891111	0.069706289
1426	0.0886605	0.108120832	0.069200168
1427	0.087996	0.107337605	0.068654395
1428	0.087242	0.106459212	0.068024788
1429	0.0866203	0.105711223	0.067529377
1430	0.08621015	0.105224004	0.067196296
1431	0.0857949	0.104721912	0.066867888
1432	0.0853161	0.104093617	0.066538583
1433	0.08484565	0.103534687	0.066156613
1434	0.0843553	0.103063234	0.065647366
1435	0.08389395	0.102571664	0.065216236
1436	0.08350115	0.102069757	0.064932543
1437	0.0831323	0.101612537	0.064652063
1438	0.0828925	0.101300946	0.064484054
1439	0.08266565	0.10101197	0.06431933
1440	0.0823717	0.100676087	0.064067313
1441	0.08209455	0.100358303	0.063830797
1442	0.08188005	0.100094487	0.063665613
1443	0.08167835	0.099843657	0.063513043
1444	0.08147465	0.099591925	0.063357375
1445	0.0812891	0.099367182	0.063211018
1446	0.08118935	0.099257904	0.063120796
1447	0.08111925	0.099184106	0.063054394
1448	0.0810988	0.099161464	0.063036136
1449	0.0810676	0.099125589	0.063009611
1450	0.08104805	0.099101598	0.062994502
1451	0.0810489	0.099100678	0.062997122
1452	0.0810586	0.099126115	0.062991085
1453	0.08106065	0.099146531	0.062974769
1454	0.08109495	0.099158381	0.063031519
1455	0.08113765	0.099177167	0.063098133
1456	0.08118185	0.099246591	0.063117109
1457	0.08123245	0.099323949	0.063140951
1458	0.0812847	0.099398051	0.063171349
1459	0.0813279	0.099473927	0.063181873
1460	0.08143705	0.099647843	0.063226257
1461	0.08157495	0.099852276	0.063297624
1462	0.0817313	0.100063393	0.063399207
1463	0.0818999	0.100285668	0.063514132
1464	0.08213145	0.100562365	0.063700535
1465	0.0823888	0.100861713	0.063915887
1466	0.08272745	0.101276413	0.064178487
1467	0.083138	0.101785048	0.064490952
1468	0.0835997	0.102363365	0.064836035
1469	0.08410545	0.103003886	0.065207014
1470	0.0846828	0.103699521	0.065666079
1471	0.0852847	0.10439902	0.06617038
1472	0.08591445	0.105149082	0.066679818
1473	0.08655695	0.10592148	0.06719242
1474	0.08717585	0.106660964	0.067690736
1475	0.0877784	0.107389069	0.068167731
1476	0.08839605	0.108135471	0.068656629
1477	0.0890289	0.108891055	0.069166745
1478	0.08966015	0.109626861	0.069693439
1479	0.0903138	0.110387835	0.070239765
1480	0.0910095	0.111222709	0.070796291
1481	0.0917702	0.112148358	0.071392042
1482	0.09251475	0.113061798	0.071967702
1483	0.09325455	0.113984939	0.072524161
1484	0.09401165	0.114905688	0.073117612
1485	0.09483025	0.11585278	0.07380772
1486	0.0956571	0.116824507	0.074489693
1487	0.0965326	0.117882917	0.075182283
1488	0.09736935	0.118883117	0.075855583
1489	0.0982036	0.119867299	0.076539901
1490	0.099007	0.120814714	0.077199286
1491	0.0998597	0.12182047	0.07789893
1492	0.10069405	0.122810848	0.078577252
1493	0.10157735	0.123856166	0.079298534
1494	0.10241685	0.124851797	0.079981903
1495	0.1032572	0.125869645	0.080644755
1496	0.1040717	0.126850678	0.081292722
1497	0.1048775	0.127806834	0.081948166
1498	0.10566725	0.128748544	0.082585956
1499	0.10651995	0.129770881	0.083269019
1500	0.10737035	0.130790182	0.083950518
1501	0.1082877	0.13188326	0.08469214
1502	0.109196	0.132962084	0.085429916
1503	0.110124	0.134051602	0.086196398
1504	0.11104665	0.135140283	0.086953017
1505	0.11204085	0.136325972	0.087755728
1506	0.1130156	0.137482553	0.088548647
1507	0.1139501	0.138577221	0.089322979
1508	0.1148691	0.139659343	0.090078857
1509	0.11586335	0.140870352	0.090856348
1510	0.1168492	0.142068719	0.091629681
1511	0.11782345	0.143195404	0.092451496
1512	0.1187789	0.144297563	0.093260237
1513	0.11975375	0.145453047	0.094054453
1514	0.12071585	0.146598368	0.094833332
1515	0.12168215	0.147737551	0.095626749
1516	0.122641	0.148863101	0.096418899
1517	0.1236107	0.149999666	0.097221734
1518	0.12457665	0.151135463	0.098017837
1519	0.1255433	0.1522867	0.0987999
1520	0.1265	0.153425376	0.099574624
1521	0.12747915	0.154592067	0.100366233
1522	0.12845095	0.155752354	0.101149546
1523	0.12937975	0.156851037	0.101908463
1524	0.13030495	0.157942016	0.102667884
1525	0.13127835	0.159079741	0.103476959
1526	0.13225075	0.160215267	0.104286233
1527	0.13319755	0.161332954	0.105062146
1528	0.1341343	0.162445124	0.105823476
1529	0.1350864	0.163573391	0.106599409
1530	0.13604195	0.164699575	0.107384325
1531	0.13695755	0.165754795	0.108160305
1532	0.13786115	0.166794815	0.108927485
1533	0.1388043	0.167914186	0.109694414
1534	0.1397599	0.169056237	0.110463563
1535	0.1406988	0.170152557	0.111245043
1536	0.1416344	0.171235525	0.112033275
1537	0.14256785	0.172327249	0.112808451
1538	0.1434991	0.173418977	0.113579223
1539	0.1444137	0.17448877	0.11433863
1540	0.14532205	0.175552628	0.115091472
1541	0.1462317	0.176611558	0.115851842
1542	0.1471505	0.177681837	0.116619163
1543	0.1480428	0.17872266	0.11736294
1544	0.1489183	0.179739161	0.118097439
1545	0.14985175	0.180812689	0.118890811
1546	0.15080725	0.181911828	0.119702672
1547	0.1516857	0.182941439	0.120429961
1548	0.1525401	0.183949027	0.121131173
1549	0.15341375	0.184966423	0.121861077
1550	0.15429445	0.185985451	0.122603449
1551	0.1551702	0.186997737	0.123342663
1552	0.1560457	0.188010618	0.124080782
1553	0.15689815	0.188988764	0.124807536
1554	0.1577464	0.189960058	0.125532742
1555	0.15859595	0.190945902	0.126245998
1556	0.15944455	0.191935384	0.126953716
1557	0.1602752	0.192906054	0.127644346
1558	0.16110065	0.193872419	0.128328881
1559	0.1619342	0.194848793	0.129019607
1560	0.16277265	0.195828776	0.129716524
1561	0.16359055	0.196775844	0.130405256
1562	0.1644004	0.197711338	0.131089462
1563	0.165156	0.198593264	0.131718736
1564	0.1658886	0.199453317	0.132323883
1565	0.16666305	0.200348485	0.132977615
1566	0.16746835	0.201268886	0.133667814
1567	0.16821655	0.202137089	0.134296011
1568	0.16892945	0.202975966	0.134882934
1569	0.16970285	0.203872609	0.135533091
1570	0.17051905	0.204808844	0.136229256
1571	0.1712752	0.205692301	0.136858099
1572	0.1720006	0.206551296	0.137449904
1573	0.17275535	0.207413228	0.138097472
1574	0.17353205	0.208282627	0.138781473
1575	0.1742827	0.209130092	0.139435308
1576	0.17501485	0.209957778	0.140071922
1577	0.1757727	0.210834927	0.140710473
1578	0.1765507	0.21175148	0.14134992
1579	0.17732105	0.212660131	0.141981969
1580	0.1780783	0.213550234	0.142606366
1581	0.17880745	0.214389458	0.143225442
1582	0.17952395	0.215203741	0.143844159
1583	0.18025245	0.216031126	0.144473774
1584	0.18098455	0.216860713	0.145108387
1585	0.1817012	0.217669918	0.145732482
1586	0.18241215	0.218471348	0.146352952
1587	0.1831018	0.219261171	0.146942429
1588	0.18377595	0.220042651	0.147509249
1589	0.1844403	0.220804673	0.148075927
1590	0.18510105	0.221557723	0.148644377
1591	0.1857862	0.222348519	0.149223881
1592	0.18648365	0.223158627	0.149808673
1593	0.18715795	0.2239277	0.1503882
1594	0.1878199	0.22467314	0.15096666
1595	0.18848195	0.225425122	0.151538778
1596	0.1891465	0.22618455	0.15210845
1597	0.1897969	0.226940206	0.152653594
1598	0.1904422	0.227696905	0.153187495
1599	0.19110155	0.228455372	0.153747728
1600	0.19177285	0.229219837	0.154325863
1601	0.19240345	0.229934258	0.154872642
1602	0.1930083	0.230614826	0.155401774
1603	0.19365015	0.231339965	0.155960335
1604	0.19431925	0.232099247	0.156539253
1605	0.1949578	0.232827259	0.157088341
1606	0.1955779	0.233535951	0.157619849
1607	0.19620915	0.23425904	0.15815926
1608	0.1968445	0.234987479	0.158701521
1609	0.19741495	0.235632766	0.159197134
1610	0.1979511	0.236235169	0.159667031
1611	0.19853105	0.2368776	0.1601845
1612	0.1991341	0.237540194	0.160728006
1613	0.19968905	0.238149508	0.161228592
1614	0.2002163	0.238727997	0.161704603
1615	0.20075355	0.239348677	0.162158423
1616	0.20129885	0.23999395	0.16260375
1617	0.2018373	0.240584821	0.163089779
1618	0.20236975	0.241145861	0.163593639
1619	0.20286585	0.24169501	0.16403669
1620	0.2033454	0.242238961	0.164451839
1621	0.203849	0.242799325	0.164898675
1622	0.2043632	0.243366861	0.165359539
1623	0.20487115	0.243946751	0.165795549
1624	0.20537575	0.244530866	0.166220634
1625	0.2058327	0.245038857	0.166626543
1626	0.20627125	0.245517277	0.167025223
1627	0.2067421	0.246055594	0.167428606
1628	0.2072261	0.246617182	0.167835018
1629	0.20767855	0.247128528	0.168228572
1630	0.20812285	0.247625476	0.168620224
1631	0.2085374	0.248075756	0.168999044
1632	0.2089452	0.248514128	0.169376272
1633	0.20933445	0.248966753	0.169702147
1634	0.2097218	0.249427593	0.170016007
1635	0.21014125	0.2499108	0.1703717
1636	0.2105741	0.250405146	0.170743054
1637	0.2109093	0.250779165	0.171039435
1638	0.2112221	0.251125581	0.171318619
1639	0.21151885	0.251453976	0.171583724
1640	0.21181405	0.251780365	0.171847735
1641	0.21204995	0.252023984	0.172075916
1642	0.21227645	0.252254965	0.172297935
1643	0.21253705	0.252539299	0.172534801
1644	0.21280365	0.252832353	0.172774947
1645	0.2129767	0.253016641	0.172936759
1646	0.21313815	0.253187793	0.173088507
1647	0.21316925	0.253206672	0.173131828
1648	0.2131848	0.253207479	0.173162121
1649	0.2132243	0.253238474	0.173210126
1650	0.2132658	0.25327177	0.17325983
1651	0.21317625	0.253139808	0.173212692
1652	0.2130758	0.2529949	0.1731567
1653	0.2130115	0.252921631	0.173101369
1654	0.212952	0.252855233	0.173048767
1655	0.2128186	0.252690924	0.172946276
1656	0.2126824	0.252521656	0.172843144
1657	0.2126048	0.252408418	0.172801182
1658	0.21252415	0.252292806	0.172755494
1659	0.21238655	0.252118465	0.172654635
1660	0.2122464	0.251941596	0.172551204
1661	0.2121105	0.251759943	0.172461057
1662	0.21197835	0.25158295	0.17237375
1663	0.211897	0.251486899	0.172307101
1664	0.2118163	0.251390972	0.172241628
1665	0.2117073	0.251245121	0.172169479
1666	0.2115962	0.25109988	0.17209252
1667	0.21148615	0.250979343	0.171992957
1668	0.2113879	0.250868912	0.171906888
1669	0.2113664	0.250822359	0.171910441
1670	0.2113329	0.250765548	0.171900252
1671	0.2112511	0.250680116	0.171822084
1672	0.21117395	0.250594227	0.171753673
1673	0.2111157	0.250499843	0.171731557
1674	0.2110579	0.250412244	0.171703556
1675	0.21099895	0.250346725	0.171651175
1676	0.2109435	0.250281583	0.171605417
1677	0.21091135	0.250234553	0.171588147
1678	0.2108873	0.250211493	0.171563107
1679	0.2108606	0.250224464	0.171496736
1680	0.21080865	0.250202632	0.171414668
1681	0.21071215	0.250111816	0.171312484
1682	0.21060295	0.249997534	0.171208366
1683	0.2104704	0.249839138	0.171101662
1684	0.21032575	0.249675786	0.170975714
1685	0.2101654	0.249509384	0.170821416
1686	0.2099917	0.249327582	0.170655818
1687	0.20979515	0.249120145	0.170470155
1688	0.2095983	0.248904165	0.170292435
1689	0.2094048	0.248681829	0.170127771
1690	0.209224	0.248504498	0.169943502
1691	0.2090493	0.248365733	0.169732867
1692	0.2088637	0.248190516	0.169536884
1693	0.208682	0.248001777	0.169362223
1694	0.2084347	0.247750708	0.169118692
1695	0.2081188	0.247425447	0.168812153
1696	0.2078357	0.247149298	0.168522102
1697	0.2075865	0.246925746	0.168247254
1698	0.20727335	0.246580919	0.167965781
1699	0.2069095	0.246146941	0.167672059
1700	0.2065602	0.245773957	0.167346443
1701	0.2062232	0.245437382	0.167009018
1702	0.20590725	0.245089739	0.166724761
1703	0.2055927	0.244728514	0.166456886
1704	0.20517735	0.244319057	0.166035643
1705	0.2047213	0.243886591	0.165556009
1706	0.20424185	0.243360316	0.165123384
1707	0.20375135	0.242804951	0.164697749
1708	0.20320405	0.242191533	0.164216567
1709	0.2026385	0.241558724	0.163718276
1710	0.2021196	0.240986584	0.163252616
1711	0.20160895	0.240424852	0.162793048
1712	0.20112925	0.239876072	0.162382428
1713	0.20064885	0.239322929	0.161974771
1714	0.200106	0.238709652	0.161502348
1715	0.1995507	0.238086077	0.161015323
1716	0.199043	0.237523758	0.160562242
1717	0.1985352	0.236961345	0.160109055
1718	0.19803035	0.236420175	0.159640525
1719	0.19750215	0.235852452	0.159151848
1720	0.19683665	0.235091646	0.158581654
1721	0.1961617	0.234326483	0.157996917
1722	0.19546385	0.233577491	0.157350209
1723	0.1947833	0.232836157	0.156730443
1724	0.19422005	0.232180756	0.156259344
1725	0.1936425	0.231513459	0.155771541
1726	0.19307685	0.230860139	0.155293561
1727	0.1925275	0.230230965	0.154824035
1728	0.1920138	0.229666397	0.154361203
1729	0.1915104	0.229095665	0.153925135
1730	0.19108075	0.22856053	0.15360097
1731	0.19070905	0.228117137	0.153300963
1732	0.1904739	0.227879346	0.153068454
1733	0.19025545	0.227629443	0.152881457
1734	0.1900632	0.227359083	0.152767317
1735	0.18989315	0.227122882	0.152663418
1736	0.18972715	0.226910506	0.152543794
1737	0.1895835	0.22673435	0.15243265
1738	0.189489	0.226620773	0.152357227
1739	0.1893028	0.22637533	0.15223027
1740	0.18902945	0.226004839	0.152054061
1741	0.18878155	0.225672235	0.151890865
1742	0.18855495	0.225370779	0.151739121
1743	0.18824205	0.22500623	0.15147787
1744	0.187873	0.224597539	0.151148461
1745	0.1874388	0.224081433	0.150796167
1746	0.1869679	0.223505259	0.150430541
1747	0.1864917	0.222936727	0.150046673
1748	0.1860097	0.222369297	0.149650103
1749	0.18551545	0.221785401	0.149245499
1750	0.1850169	0.221198828	0.148834972
1751	0.1844367	0.220554194	0.148319206
1752	0.1838373	0.219892669	0.147781931
1753	0.18338695	0.219338833	0.147435067
1754	0.18294565	0.218788082	0.147103218
1755	0.18230095	0.218059069	0.146542831
1756	0.18163875	0.217317063	0.145960437
1757	0.18107855	0.216683682	0.145473418
1758	0.18050695	0.216026119	0.144987781
1759	0.17994775	0.215364295	0.144531205
1760	0.17941085	0.214744277	0.144077423
1761	0.1789267	0.214187719	0.143665681
1762	0.17844625	0.213629883	0.143262617
1763	0.1780731	0.213212917	0.142933283
1764	0.17768065	0.212778529	0.142582771
1765	0.1772733	0.212304255	0.142242345
1766	0.1769066	0.21187645	0.14193675
1767	0.1766218	0.211556731	0.141686869
1768	0.17635025	0.211258792	0.141441708
1769	0.17613265	0.211039372	0.141225928
1770	0.1758901	0.210767988	0.141012212
1771	0.17562195	0.210428672	0.140815228
1772	0.17543565	0.210195791	0.140675509
1773	0.17532645	0.210070324	0.140582576
1774	0.1751795	0.209887297	0.140471703
1775	0.17502095	0.209672438	0.140369462
1776	0.17481555	0.209449162	0.140181938
1777	0.17455665	0.209197748	0.139915552
1778	0.17436345	0.208968833	0.139758067
1779	0.17421015	0.208762375	0.139657925
1780	0.174003	0.208472082	0.139533918
1781	0.17377435	0.208139707	0.139408993
1782	0.1736557	0.20799098	0.13932042
1783	0.17355465	0.207880333	0.139228967
1784	0.17347495	0.207824094	0.139125806
1785	0.17340825	0.207790307	0.139026193
1786	0.1735172	0.207901822	0.139132578
1787	0.17365585	0.20804203	0.13926967
1788	0.1737199	0.208109375	0.139330425
1789	0.17374045	0.208143139	0.139337761
1790	0.1736103	0.208028561	0.139192039
1791	0.1734996	0.207939895	0.139059305
1792	0.1735082	0.207998204	0.139018196
1793	0.17349185	0.208023772	0.138959928
1794	0.17353595	0.20808446	0.13898744
1795	0.17359575	0.208170621	0.139020879
1796	0.1736279	0.20822134	0.13903446
1797	0.17374295	0.208367734	0.139118166
1798	0.17402865	0.208759776	0.139297524
1799	0.1742346	0.209015002	0.139454198
1800	0.17421575	0.208891492	0.139540008
1801	0.16749295	0.207476172	0.127509728
1802	0.1669294	0.206086459	0.127772341
1803	0.1666491	0.204776361	0.128521839
1804	0.16509465	0.202628778	0.127560522
1805	0.16230745	0.200648111	0.123966789
1806	0.1607344	0.201445975	0.120022825
1807	0.1633819	0.206236991	0.120526809
1808	0.164953	0.208746788	0.121159212
1809	0.1659664	0.2098975	0.1220353
1810	0.1677454	0.212535697	0.122955103
1811	0.1663029	0.211767728	0.120838072
1812	0.1612297	0.20657427	0.11588513
1813	0.155878	0.20174025	0.11001575
1814	0.1519866	0.198326005	0.105647195
1815	0.14895275	0.195058581	0.102846919
1816	0.14873795	0.194380449	0.103095451
1817	0.15225995	0.20130944	0.10321046
1818	0.1537004	0.20545344	0.10194736
1819	0.1447552	0.19589747	0.09361293
1820	0.13652925	0.189124685	0.083933815
1821	0.1338285	0.191627266	0.076029734
1822	0.13409255	0.198336567	0.069848533
1823	0.1345981	0.199625701	0.069570499
1824	0.1352424	0.198602274	0.071882526
1825	0.13449995	0.195424988	0.073574912
1826	0.12442175	0.189016094	0.059827406
1827	0.10319215	0.167733142	0.038651158
1828	0.09244255	0.164138463	0.020746637
1829	0.08313515	0.153090535	0.013179765
1830	0.06852835	0.12798254	0.00907416
1831	0.05595835	0.114520413	-0.002603713
1832	0.05326895	0.102995858	0.003542042
1833	0.05140355	0.109121479	-0.006314379
1834	0.06624665	0.139683263	-0.007189963
1835	0.05210165	0.140837045	-0.036633745
1836	0.05027675	0.134553912	-0.034000412
1837	0.07793135	0.23690873	-0.08104603
1838	0.1301772	0.357735504	-0.097381104
1839	0.1484024	0.330996226	-0.034191426
1840	0.1083983	0.269890114	-0.053093514
1841	0.12313205	0.33138536	-0.08512126
1842	0.1676927	0.45273616	-0.11735076
1843	0.07534445	0.175684649	-0.024995749
1844	0.0507161	0.130073427	-0.028641227
1845	0.04775205	0.125846537	-0.030342437
1846	0.0458442	0.132424428	-0.040736028
1847	0.04656345	0.122175487	-0.029048587
1848	0.046031	0.128590721	-0.036528721
1849	0.03899715	0.129840909	-0.051846609
1850	0.0300415	0.087342423	-0.027259423
1851	0.0252092	0.081304649	-0.030886249
1852	0.0516645	0.164831865	-0.061502865
1853	0.0575305	0.20336739	-0.08830639
1854	0.0354263	0.103799248	-0.032946648
1855	0.0317651	0.106967127	-0.043436927
1856	0.0301949	0.09597991	-0.03559011
1857	0.03073985	0.099250129	-0.037770429
1858	0.04809035	0.134718814	-0.038538114
1859	0.0956867	0.254150789	-0.062777389
1860	0.17491765	0.499792609	-0.149957309
1861	0.5082206	1.351893991	-0.335452791
1862	0.24681695	0.785256598	-0.291622698
1863	0.0780557	0.212089785	-0.055978385
1864	0.0615433	0.156933136	-0.033846536
1865	0.0778757	0.173293012	-0.017541612
1866	0.1156882	0.307138801	-0.075762401
1867	0.113609	0.319567314	-0.092349314
1868	0.0846888	0.216250002	-0.046872402
1869	0.11646505	0.293447072	-0.060516972
1870	0.2819359	0.710386651	-0.146514851
1871	0	0	0
1872	0	0	0
1873	0.50961065	1.40539538	-0.38617408
1874	0.1712133	0.390396085	-0.047969485
1875	0.1090229	0.283194682	-0.065148882
1876	0.0765866	0.207456816	-0.054283616
1877	0.0643896	0.178902403	-0.050123203
1878	0.0596348	0.165383036	-0.046113436
1879	0.04701085	0.139893724	-0.045872024
1880	0.02834035	0.089298109	-0.032617409
1881	0.0205777	0.06215215	-0.02099675
1882	0.0162632	0.051737215	-0.019210815
1883	0.01108745	0.027866479	-0.005691579
1884	0.00780375	0.01736931	-0.00176181
1885	0.01148475	0.025161485	-0.002191985
1886	0.017383	0.038420085	-0.003654085
1887	0.02036705	0.04112566	-0.00039156
1888	0.01893005	0.040548328	-0.002688228
1889	0.0190405	0.050917067	-0.012836067
1890	0.02124065	0.053761161	-0.011279861
1891	0.02329225	0.059989117	-0.013404617
1892	0.02023255	0.050994126	-0.010529026
1893	0.0164813	0.043041517	-0.010078917
1894	0.0141374	0.036004695	-0.007729895
1895	0.0118549	0.034076082	-0.010366282
1896	0.01006925	0.034741535	-0.014603035
1897	0.01158385	0.043356667	-0.020188967
1898	0.0139677	0.053429815	-0.025494415
1899	0.0149658	0.058087348	-0.028155748
1900	0.0128631	0.058247222	-0.032521022
1901	0.00910865	0.037778316	-0.019561016
1902	0.00759505	0.02609819	-0.01090809
1903	0.0189484	0.064903367	-0.027006567
1904	0.0307311	0.108211514	-0.046749314
1905	0.0235846	0.067679439	-0.020510239
1906	0.01926815	0.065605125	-0.027068825
1907	0.0188353	0.067528493	-0.029857893
1908	0.01701775	0.059201937	-0.025166437
1909	0.00988275	0.035042992	-0.015277492
1910	0.0044272	0.013001756	-0.004147356
1911	0.0021984	0.009648294	-0.005251494
1912	0.0009798	0.004323905	-0.002364305
1913	0.0001643	0.000725081	-0.000396481
1914	0.00007825	0.000428195	-0.000271695
1915	0.00016905	0.000925065	-0.000586965
1916	0.00053905	0.002409765	-0.001331665
1917	0.00099225	0.005221992	-0.003237492
1918	0.0016957	0.006434246	-0.003042846
1919	0.0024366	0.008489589	-0.003616389
1920	0.00313515	0.011723056	-0.005452756
1921	0.0035565	0.012076353	-0.004963353
1922	0.0037383	0.012206471	-0.004729871
1923	0.0037011	0.01183919	-0.00443699
1924	0.0038305	0.012733396	-0.005072396
1925	0.00455225	0.012723831	-0.003619331
1926	0.00517485	0.012820139	-0.002470439
1927	0.0055804	0.012950796	-0.001789996
1928	0.0055847	0.012780938	-0.001611538
1929	0.0057162	0.013404358	-0.001971958
1930	0.0062886	0.014447432	-0.001870232
1931	0.00652235	0.015317141	-0.002272441
1932	0.00597045	0.01350512	-0.00156422
1933	0.005512	0.012841434	-0.001817434
1934	0.0062097	0.013320692	-0.000901292
1935	0.00688905	0.014684726	-0.000906626
1936	0.00742685	0.015429617	-0.000575917
1937	0.0077921	0.016075775	-0.000491575
1938	0.0080825	0.015875769	0.000289231
1939	0.0082657	0.014962317	0.001569083
1940	0.0084208	0.014990391	0.001851209
1941	0.00867155	0.016089278	0.001253822
1942	0.0089175	0.017687867	0.000147133
1943	0.01000385	0.018308119	0.001699581
1944	0.01099965	0.019680433	0.002318867
1945	0.01200425	0.020457429	0.003551071
1946	0.0128804	0.021374824	0.004385976
1947	0.01354405	0.022216086	0.004872014
1948	0.01415495	0.023489372	0.004820528
1949	0.01437525	0.023947125	0.004803375
1950	0.01400475	0.022864156	0.005145344
1951	0.0137429	0.02244443	0.00504137
1952	0.0138686	0.02275298	0.00498422
1953	0.0139893	0.023563647	0.004414953
1954	0.01476125	0.024219538	0.005302962
1955	0.01550385	0.025258234	0.005749466
1956	0.0162358	0.025816459	0.006655141
1957	0.01689965	0.026365297	0.007434003
1958	0.01751795	0.026940161	0.008095739
1959	0.01807965	0.027586209	0.008573091
1960	0.01857845	0.027968873	0.009188027
1961	0.0190244	0.02796359	0.01008521
1962	0.0195185	0.028399282	0.010637718
1963	0.0205731	0.029395955	0.011750245
1964	0.0214805	0.030370106	0.012590894
1965	0.02219425	0.030846945	0.013541555
1966	0.0228065	0.031399044	0.014213956
1967	0.0230279	0.03153741	0.01451839
1968	0.02310765	0.031546305	0.014668995
1969	0.02358665	0.032022036	0.015151264
1970	0.02437635	0.032869539	0.015883161
1971	0.0249746	0.033562385	0.016386815
1972	0.02528825	0.034031564	0.016544936
1973	0.02558335	0.034487296	0.016679404
1974	0.02599115	0.034743993	0.017238307
1975	0.02637215	0.035024227	0.017720073
1976	0.02653515	0.034985092	0.018085208
1977	0.02666265	0.034936698	0.018388602
1978	0.0269102	0.03510788	0.01871252
1979	0.0271879	0.035342346	0.019033454
1980	0.0275033	0.03569798	0.01930862
1981	0.02787845	0.036186815	0.019570085
1982	0.0282234	0.036622449	0.019824351
1983	0.02845615	0.036956858	0.019955442
1984	0.02868215	0.037326339	0.020037961
1985	0.0290733	0.037921959	0.020224641
1986	0.029462	0.038543636	0.020380364
1987	0.029749	0.038807893	0.020690107
1988	0.0300097	0.03905761	0.02096179
1989	0.03024395	0.03942954	0.02105836
1990	0.03047335	0.03985188	0.02109482
1991	0.030686	0.040246719	0.021125281
1992	0.0308947	0.040593173	0.021196227
1993	0.0310249	0.040823293	0.021226507
1994	0.03100775	0.040861174	0.021154326
1995	0.03098995	0.040903932	0.021075968
1996	0.03091955	0.040875871	0.020963229
1997	0.03084635	0.04089721	0.02079549
1998	0.03107105	0.04121588	0.02092622
1999	0.03136725	0.041634429	0.021100071
2000	0.03184615	0.041987174	0.021705126
2001	0.0324051	0.04238981	0.02242039
2002	0.03258475	0.042748916	0.022420584
2003	0.0324358	0.043016772	0.021854828
2004	0.0323342	0.043304804	0.021363596
2005	0.03237615	0.043555476	0.021196824
2006	0.0324804	0.04384085	0.02111995
2007	0.0329884	0.044146938	0.021829862
2008	0.03352855	0.044516855	0.022540245
2009	0.034335	0.045501449	0.023168551
2010	0.03511785	0.046597896	0.023637804
2011	0.03563275	0.047115674	0.024149826
2012	0.0360805	0.047497472	0.024663528
2013	0.03648725	0.047856463	0.025118037
2014	0.03689205	0.048244772	0.025539328
2015	0.0373988	0.048842658	0.025954942
2016	0.0380644	0.04971002	0.02641878
2017	0.03876315	0.050530927	0.026995373
2018	0.03946285	0.0512325	0.0276932
2019	0.0400439	0.051871166	0.028216634
2020	0.0402648	0.051982081	0.028547519
2021	0.0404668	0.05210345	0.02883015
2022	0.0410323	0.052759332	0.029305268
2023	0.0415699	0.053433377	0.029706423
2024	0.04198515	0.053849535	0.030120765
2025	0.04240595	0.054248595	0.030563305
2026	0.04273755	0.054631041	0.030844059
2027	0.04303155	0.055071765	0.030991335
2028	0.04340225	0.055593151	0.031211349
2029	0.04382235	0.056238411	0.031406289
2030	0.04422925	0.05687463	0.03158387
2031	0.04470235	0.057221201	0.032183499
2032	0.04513685	0.057547183	0.032726517
2033	0.04540085	0.057722257	0.033079443
2034	0.0456483	0.057893514	0.033403086
2035	0.04584075	0.057955222	0.033726278
2036	0.0459807	0.058016916	0.033944484
2037	0.0461448	0.05824492	0.03404468
2038	0.0463264	0.058560465	0.034092335
2039	0.04655805	0.058942987	0.034173113
2040	0.04681195	0.059409237	0.034214663
2041	0.0470528	0.059825635	0.034279965
2042	0.04727205	0.060042839	0.034501261
2043	0.0474674	0.060224924	0.034709876
2044	0.0476148	0.060394075	0.034835525
2045	0.0477423	0.060584515	0.034900085
2046	0.04773175	0.060654746	0.034808754
2047	0.0477284	0.060724226	0.034732574
2048	0.048038	0.061101846	0.034974154
2049	0.04837225	0.061523772	0.035220728
2050	0.048755	0.062020713	0.035489287
2051	0.0491539	0.062567505	0.035740295
2052	0.0494671	0.063051613	0.035882587
2053	0.04976215	0.063474467	0.036049833
2054	0.050028	0.063794747	0.036261253
2055	0.0501369	0.06370629	0.03656751
2056	0.05027375	0.063685178	0.036862322
2057	0.05050435	0.063990787	0.037017913
2058	0.0507429	0.064369658	0.037116142
2059	0.0511461	0.065001888	0.037290312
2060	0.0516069	0.065696269	0.037517531
2061	0.0520305	0.066152708	0.037908292
2062	0.0524157	0.066553528	0.038277872
2063	0.0528658	0.067039898	0.038691702
2064	0.0534335	0.067669221	0.039197779
2065	0.05394565	0.068286976	0.039604324
2066	0.0541865	0.068651611	0.039721389
2067	0.05431245	0.068920295	0.039704605
2068	0.0543569	0.069048076	0.039665724
2069	0.05445745	0.069146591	0.039768309
2070	0.05471075	0.069181253	0.040240247
2071	0.0549481	0.069254182	0.040642018
2072	0.055167	0.069489041	0.040844959
2073	0.05540455	0.069749503	0.041059597
2074	0.05585335	0.07032366	0.04138304
2075	0.0562843	0.070926557	0.041642043
2076	0.0566881	0.071430619	0.041945581
2077	0.05713545	0.071963339	0.042307561
2078	0.05758585	0.072468036	0.042703664
2079	0.05802775	0.072925568	0.043129932
2080	0.0584012	0.073294587	0.043507813
2081	0.058706	0.073604173	0.043807827
2082	0.05905335	0.073986724	0.044119976
2083	0.0593385	0.074317937	0.044359063
2084	0.05960265	0.074648213	0.044557087
2085	0.0599609	0.075115707	0.044806093
2086	0.06033845	0.075614434	0.045062466
2087	0.0604224	0.075824731	0.045020069
2088	0.06042065	0.075914994	0.044926306
2089	0.0605626	0.076078531	0.045046669
2090	0.0608235	0.076370644	0.045276356
2091	0.0612401	0.07675947	0.04572073
2092	0.0617223	0.077250175	0.046194425
2093	0.06208685	0.077651565	0.046522135
2094	0.06231755	0.077897183	0.046737917
2095	0.062538	0.078134182	0.046941818
2096	0.0627796	0.078399172	0.047160028
2097	0.06304925	0.078719945	0.047378555
2098	0.06338895	0.079188893	0.047589007
2099	0.0637371	0.079688636	0.047785564
2100	0.0640915	0.080205721	0.047977279
2101	0.06442315	0.080674202	0.048172098
2102	0.06477805	0.081012107	0.048543993
2103	0.0652427	0.081465712	0.049019688
2104	0.06564025	0.08197068	0.04930982
2105	0.06589555	0.082340905	0.049450195
2106	0.06615055	0.082688677	0.049612423
2107	0.0664242	0.083069168	0.049779232
2108	0.0666719	0.083393141	0.049950659
2109	0.06686775	0.083732503	0.050002997
2110	0.06706915	0.084085686	0.050052614
2111	0.06732995	0.084417888	0.050242012
2112	0.0676392	0.0848215	0.0504569
2113	0.06803255	0.085398674	0.050666426
2114	0.06840225	0.085937069	0.050867431
2115	0.06868175	0.086213253	0.051150247
2116	0.06896905	0.086493549	0.051444551
2117	0.069199	0.086679394	0.051718606
2118	0.0694505	0.086932089	0.051968911
2119	0.06965055	0.087148969	0.052152131
2120	0.0697591	0.087247213	0.052270987
2121	0.0699899	0.087513234	0.052466566
2122	0.07038015	0.087935462	0.052824838
2123	0.0707214	0.088323314	0.053119486
2124	0.07084535	0.088467391	0.053223309
2125	0.07096355	0.088614958	0.053312142
2126	0.0711674	0.088903656	0.053431144
2127	0.07139755	0.089200744	0.053594356
2128	0.07173545	0.089513949	0.053956951
2129	0.07210195	0.089870499	0.054333401
2130	0.0723388	0.090188242	0.054489358
2131	0.07251275	0.090453915	0.054571585
2132	0.0727005	0.090642139	0.054758861
2133	0.07288835	0.090801137	0.054975563
2134	0.0731016	0.091081991	0.055121209
2135	0.07336185	0.091445707	0.055277993
2136	0.0735756	0.091689822	0.055461378
2137	0.07364855	0.09166146	0.05563564
2138	0.0737761	0.091717724	0.055834476
2139	0.0740932	0.09225719	0.05592921
2140	0.07443285	0.092798209	0.056067491
2141	0.0748183	0.093217016	0.056419584
2142	0.07520445	0.093648437	0.056760463
2143	0.0755422	0.094073436	0.057010964
2144	0.0758384	0.094421481	0.057255319
2145	0.0760631	0.094562729	0.057563471
2146	0.07634015	0.094769299	0.057911001
2147	0.07675635	0.095432067	0.058080633
2148	0.0770899	0.096059273	0.058120527
2149	0.0772198	0.096314775	0.058124825
2150	0.07728	0.096437003	0.058122997
2151	0.077361	0.096452188	0.058269812
2152	0.07761135	0.096649748	0.058572952
2153	0.0778908	0.096910962	0.058870638
2154	0.07809365	0.097086331	0.059100969
2155	0.07837725	0.097451537	0.059302963
2156	0.078563	0.097804885	0.059321115
2157	0.07860915	0.097954819	0.059263481
2158	0.0786222	0.097867891	0.059376509
2159	0.07872385	0.097852898	0.059594802
2160	0.0789417	0.098123287	0.059760113
2161	0.0791718	0.098501604	0.059841996
2162	0.0794626	0.098982227	0.059942973
2163	0.0797121	0.099374931	0.060049269
2164	0.0799509	0.099629145	0.060272655
2165	0.0802202	0.099910681	0.060529719
2166	0.0804656	0.100194233	0.060736967
2167	0.0806961	0.100508643	0.060883557
2168	0.080843	0.100775506	0.060910494
2169	0.0809979	0.101039135	0.060956665
2170	0.0811763	0.101295688	0.061056912
2171	0.081292	0.101297538	0.061286462
2172	0.08147155	0.101379015	0.061564085
2173	0.08194555	0.10179622	0.06209488
2174	0.082427	0.102222831	0.062631169
2175	0.08269585	0.10254666	0.06284504
2176	0.0829114	0.102864459	0.062958341
2177	0.08305315	0.103128422	0.062977878
2178	0.0831478	0.103349409	0.062946191
2179	0.08332285	0.103642282	0.063003418
2180	0.0836175	0.104027233	0.063207767
2181	0.0840044	0.104422143	0.063586657
2182	0.084458	0.104914658	0.064001342
2183	0.08473555	0.105149662	0.064321438
2184	0.0848148	0.105174739	0.064454861
2185	0.0849568	0.105337845	0.064575755
2186	0.0850374	0.105429099	0.064645701
2187	0.0851548	0.105625992	0.064683608
2188	0.085486	0.10597916	0.06499284
2189	0.0858367	0.106315728	0.065357672
2190	0.0861007	0.10662901	0.06557239
2191	0.0862497	0.106803943	0.065695457
2192	0.08619205	0.106761175	0.065622925
2193	0.08617695	0.106788613	0.065565287
2194	0.0862811	0.106915413	0.065646787
2195	0.086378	0.107004217	0.065751783
2196	0.08657235	0.107147592	0.065997108
2197	0.08685115	0.107398945	0.066303355
2198	0.0871628	0.107796308	0.066529292
2199	0.08750765	0.108232673	0.066782627
2200	0.0877385	0.108515861	0.066961139
2201	0.0879324	0.108820443	0.067044357
2202	0.08811115	0.109116052	0.067106248
2203	0.0882188	0.109269508	0.067168092
2204	0.0884557	0.109575883	0.067335517
2205	0.0887202	0.10985787	0.06758253
2206	0.08891565	0.109990185	0.067841115
2207	0.08909715	0.110202821	0.067991479
2208	0.0892092	0.11035392	0.06806448
2209	0.0892283	0.110368734	0.068087866
2210	0.0892542	0.11043139	0.06807701
2211	0.0891614	0.11045215	0.06787065
2212	0.0890674	0.110501374	0.067633426
2213	0.08906535	0.110666809	0.067463891
2214	0.08907685	0.110821272	0.067332428
2215	0.0892162	0.110980263	0.067452137
2216	0.0894024	0.111159979	0.067644821
2217	0.0894705	0.111216948	0.067724052
2218	0.0895761	0.111336616	0.067815584
2219	0.0895764	0.111412508	0.067740292
2220	0.08951205	0.111449302	0.067574798
2221	0.08952465	0.111372598	0.067676702
2222	0.08944975	0.111113079	0.067786421
2223	0.0893309	0.110856352	0.067805448
2224	0.08934075	0.110770017	0.067911483
2225	0.08931795	0.110735213	0.067900687
2226	0.08926375	0.110689996	0.067837504
2227	0.0891494	0.110626344	0.067672456
2228	0.08890125	0.110505517	0.067296983
2229	0.0887194	0.110370016	0.067068784
2230	0.08860485	0.110199185	0.067010515
2231	0.0884886	0.110018921	0.066958279
2232	0.0883255	0.109686655	0.066964345
2233	0.0881088	0.109292647	0.066924953
2234	0.0877759	0.108862049	0.066689751
2235	0.0874331	0.1084423	0.0664239
2236	0.0870235	0.107971495	0.066075505
2237	0.08659565	0.107474943	0.065716357
2238	0.08623325	0.107033026	0.065433474
2239	0.0859199	0.106628768	0.065211032
2240	0.0855605	0.106138985	0.064982015
2241	0.0851684	0.105570056	0.064766744
2242	0.08489395	0.105177252	0.064610648
2243	0.08460845	0.104891633	0.064325267
2244	0.08426015	0.104462862	0.064057438
2245	0.0839054	0.104068074	0.063742726
2246	0.0834293	0.103565648	0.063292952
2247	0.08280575	0.102867195	0.062744305
2248	0.0822786	0.102304783	0.062252417
2249	0.08176805	0.101700019	0.061836081
2250	0.0812487	0.101109195	0.061388205
2251	0.08077815	0.100563391	0.060992909
2252	0.08027615	0.099994795	0.060557505
2253	0.07976655	0.099471244	0.060061856
2254	0.0792664	0.098945894	0.059586906
2255	0.0787199	0.098331013	0.059108787
2256	0.07815725	0.097701307	0.058613193
2257	0.0776959	0.0969706	0.0584212
2258	0.0773355	0.09629272	0.05837828
2259	0.07700325	0.095810831	0.058195669
2260	0.0765413	0.095218164	0.057864436
2261	0.075998	0.094569622	0.057426378
2262	0.07547075	0.094005239	0.056936261
2263	0.0749667	0.093567552	0.056365848
2264	0.07445435	0.093181523	0.055727177
2265	0.07394175	0.092662006	0.055221494
2266	0.07346755	0.09197886	0.05495624
2267	0.07300675	0.091267635	0.054745865
2268	0.07249445	0.090405656	0.054583244
2269	0.0720123	0.089655354	0.054369246
2270	0.07169645	0.08939713	0.05399577
2271	0.07139065	0.089130465	0.053650835
2272	0.07108605	0.088719291	0.053452809
2273	0.0707919	0.08824041	0.05334339
2274	0.0705113	0.08770461	0.05331799
2275	0.07018805	0.087219064	0.053157036
2276	0.06970585	0.08668014	0.05273156
2277	0.06920355	0.086115121	0.052291979
2278	0.06876225	0.08561791	0.05190659
2279	0.06836665	0.08517463	0.05155867
2280	0.0681056	0.084995171	0.051216029
2281	0.06785225	0.084871327	0.050833173
2282	0.067636	0.084367473	0.050904527
2283	0.06744735	0.083807185	0.051087515
2284	0.06729185	0.083649025	0.050934675
2285	0.0671522	0.083524805	0.050779595
2286	0.0668481	0.083214909	0.050481291
2287	0.0664251	0.082805752	0.050044448
2288	0.06593925	0.082213655	0.049664845
2289	0.06540045	0.081564267	0.049236633
2290	0.0648572	0.080851023	0.048863377
2291	0.0643728	0.080199475	0.048546125
2292	0.06390635	0.079750538	0.048062162
2293	0.06345955	0.079478083	0.047441017
2294	0.06302435	0.079163946	0.046884754
2295	0.0625587	0.078658526	0.046458874
2296	0.06209165	0.078104725	0.046078575
2297	0.06178695	0.07756732	0.04600658
2298	0.06153025	0.077107855	0.045952645
2299	0.06112155	0.076610997	0.045632103
2300	0.06064495	0.07610007	0.04518983
2301	0.06003025	0.075395152	0.044665348
2302	0.05937165	0.074640501	0.044102799
2303	0.05875845	0.073933948	0.043582952
2304	0.05822675	0.073280164	0.043173336
2305	0.05786955	0.072752557	0.042986543
2306	0.057531	0.072290757	0.042771243
2307	0.05715635	0.071659162	0.042653538
2308	0.05674855	0.07096488	0.04253222
2309	0.0562572	0.070312929	0.042201471
2310	0.05576685	0.06973593	0.04179777
2311	0.0554981	0.069547823	0.041448377
2312	0.0554319	0.069631963	0.041231837
2313	0.0554285	0.069813073	0.041043927
2314	0.0554327	0.069937697	0.040927703
2315	0.05554595	0.070010762	0.041081138
2316	0.0554719	0.069924713	0.041019087
2317	0.05544955	0.069937819	0.040961281
2318	0.0556487	0.070178464	0.041118936
2319	0.0558119	0.070376009	0.041247791
2320	0.0557788	0.070381265	0.041176335
2321	0.0555853	0.070257267	0.040913333
2322	0.055371	0.070095425	0.040646575
2323	0.05536535	0.070145665	0.040585035
2324	0.05543835	0.070019667	0.040857033
2325	0.0553949	0.069821119	0.040968681
2326	0.0553085	0.069729138	0.040887862
2327	0.0551518	0.069464574	0.040839026
2328	0.05476815	0.068807228	0.040729072
2329	0.05442255	0.068264999	0.040580101
2330	0.0542166	0.067885175	0.040548025
2331	0.05398195	0.067459191	0.040504709
2332	0.0535975	0.066888594	0.040306406
2333	0.0531464	0.066315762	0.039977038
2334	0.05254105	0.065761863	0.039320237
2335	0.0519818	0.06527744	0.03868616
2336	0.0518853	0.065250295	0.038520305
2337	0.0518589	0.065337186	0.038380614
2338	0.0515649	0.064968728	0.038161072
2339	0.05122245	0.064478765	0.037966135
2340	0.0507917	0.06401648	0.03756692
2341	0.05027515	0.063480198	0.037070102
2342	0.0497946	0.062929617	0.036659583
2343	0.0493018	0.062390562	0.036213038
2344	0.0488987	0.061890857	0.035906543
2345	0.0485135	0.061556962	0.035470038
2346	0.04804695	0.061134856	0.034959044
2347	0.0475403	0.060544478	0.034536122
2348	0.0471562	0.06008094	0.03423146
2349	0.04691415	0.059737106	0.034091194
2350	0.0467393	0.05944336	0.03403524
2351	0.0466704	0.059234505	0.034106295
2352	0.0465207	0.058889852	0.034151548
2353	0.0462548	0.05838962	0.03411998
2354	0.0460224	0.057913926	0.034130874
2355	0.0458287	0.057735784	0.033921616
2356	0.0456641	0.057608146	0.033720054
2357	0.04541785	0.057134628	0.033701072
2358	0.0451847	0.056722991	0.033646409
2359	0.04524445	0.056475723	0.034013177
2360	0.0452989	0.056273492	0.034324308
2361	0.04509825	0.05600385	0.03419265
2362	0.04477345	0.055738882	0.033808018
2363	0.0442033	0.055402975	0.033003625
2364	0.04366565	0.055117854	0.032213446
2365	0.04331525	0.054978365	0.031652135
2366	0.0429802	0.054909381	0.031051019
2367	0.04279985	0.05460577	0.03099393
2368	0.04263065	0.054165515	0.031095785
2369	0.0420734	0.053473784	0.030673016
2370	0.04138385	0.052915042	0.029852658
2371	0.041111	0.052795441	0.029426559
2372	0.04105625	0.052921044	0.029191456
2373	0.0411069	0.053096382	0.029117418
2374	0.0410892	0.053246024	0.028932376
2375	0.0408515	0.053043346	0.028659654
2376	0.0405216	0.052764283	0.028278917
2377	0.0402672	0.052321618	0.028212782
2378	0.0400281	0.051739347	0.028316853
2379	0.03979165	0.051392445	0.028190855
2380	0.0396027	0.051222637	0.027982763
2381	0.0393157	0.050647376	0.027984024
2382	0.0390193	0.050129026	0.027909574
2383	0.03822705	0.049102222	0.027351878
2384	0.0370993	0.047730143	0.026468457
2385	0.0364758	0.047322471	0.025629129
2386	0.0362482	0.047558993	0.024937407
2387	0.03646275	0.047853271	0.025072229
2388	0.03702315	0.048309312	0.025736988
2389	0.03715935	0.048194446	0.026124254
2390	0.03685665	0.047392982	0.026320318
2391	0.0364052	0.04686713	0.02594327
2392	0.03596005	0.046636638	0.025283462
2393	0.0356527	0.04657903	0.02472637
2394	0.0351714	0.046557221	0.023785579
2395	0.0347491	0.046200153	0.023298047
2396	0.03470625	0.045509644	0.023902856
2397	0.03456745	0.045095914	0.024038986
2398	0.0342118	0.044801738	0.023621862
2399	0.0339233	0.044488773	0.023357827
2400	0.0337951	0.043955106	0.023635094
2401	0.0336555	0.043404055	0.023906945
2402	0.0334446	0.043130342	0.023758858
2403	0.0332554	0.043096343	0.023414457
2404	0.0329008	0.043058086	0.022743514
2405	0.03254245	0.043167908	0.021916992
2406	0.0321212	0.043116664	0.021125736
2407	0.03151475	0.043058928	0.019970572
2408	0.03082835	0.04219058	0.01946612
2409	0.0302157	0.041287017	0.019144383
2410	0.0300719	0.040905813	0.019237987
2411	0.0299363	0.040870157	0.019002443
2412	0.02881815	0.039726376	0.017909924
2413	0.0275001	0.03835525	0.01664495
2414	0.0268396	0.03730319	0.01637601
2415	0.02634295	0.036577079	0.016108821
2416	0.0263643	0.0362203	0.0165083
2417	0.0264084	0.036164391	0.016652409
2418	0.02553325	0.03566855	0.01539795
2419	0.0246092	0.035083448	0.014134952
2420	0.02419465	0.034335449	0.014053851
2421	0.0237762	0.033918925	0.013633475
2422	0.02377915	0.033949073	0.013609227
2423	0.02410605	0.034193752	0.014018348
2424	0.02457115	0.03409014	0.01505216
2425	0.0249792	0.034170551	0.015787849
2426	0.0253816	0.034149218	0.016613982
2427	0.02566135	0.034476227	0.016846473
2428	0.02565485	0.034601091	0.016708609
2429	0.0254808	0.034516316	0.016445284
2430	0.0247628	0.033896874	0.015628726
2431	0.02387155	0.033305055	0.014438045
2432	0.0231517	0.032344037	0.013959363
2433	0.0226928	0.031769432	0.013616168
2434	0.02228085	0.031464928	0.013096772
2435	0.0214291	0.030376436	0.012481764
2436	0.02065435	0.029203816	0.012104884
2437	0.02072965	0.029293454	0.012165846
2438	0.02070115	0.029129174	0.012273126
2439	0.0205522	0.02884524	0.01225916
2440	0.020782	0.029198718	0.012365282
2441	0.02061095	0.029572287	0.011649613
2442	0.0201562	0.029153403	0.011158997
2443	0.0195385	0.028089084	0.010987916
2444	0.0188976	0.027517678	0.010277522
2445	0.01822595	0.026918028	0.009533872
2446	0.0175738	0.02589733	0.00925027
2447	0.0166677	0.024854964	0.008480436
2448	0.01496795	0.024158928	0.005776972
2449	0.01347285	0.023135262	0.003810438
2450	0.0127883	0.02212867	0.00344793
2451	0.0125936	0.020642793	0.004544407
2452	0.011979	0.019669439	0.004288561
2453	0.0110954	0.018820842	0.003369958
2454	0.01131765	0.019423274	0.003212026
2455	0.01251195	0.021723204	0.003300696
2456	0.01314035	0.023522829	0.002757871
2457	0.01339025	0.024282317	0.002498183
2458	0.0137602	0.024966788	0.002553612
2459	0.01389705	0.024436463	0.003357637
2460	0.01378925	0.023968077	0.003610423
2461	0.0130394	0.02201049	0.00406831
2462	0.0122373	0.02097752	0.00349708
2463	0.01278845	0.021931573	0.003645327
2464	0.0130878	0.022331482	0.003844118
2465	0.01104865	0.019471641	0.002625659
2466	0.0092462	0.017993626	0.000498774
2467	0.0091572	0.01833053	-1.61E-05
2468	0.0092312	0.019128729	-0.000666329
2469	0.00957565	0.019619626	-0.000468326
2470	0.0099839	0.019939553	2.82E-05
2471	0.00975905	0.018250085	0.001268015
2472	0.00890645	0.017215452	0.000597448
2473	0.00820965	0.016145671	0.000273629
2474	0.00828745	0.017342526	-0.000767626
2475	0.00842215	0.017232973	-0.000388673
2476	0.0081859	0.017323448	-0.000951648
2477	0.00719865	0.013901374	0.000495926
2478	0.0057294	0.010184843	0.001273957
2479	0.00469915	0.009055557	0.000342743
2480	0.00408015	0.010244946	-0.002084646
2481	0.0037446	0.010284077	-0.002794877
2482	0.0032667	0.010400998	-0.003867598
2483	0.00279435	0.007964119	-0.002375419
2484	0.0025888	0.007221005	-0.002043405
2485	0.0036225	0.009731485	-0.002486485
2486	0.0048605	0.013881712	-0.004160712
2487	0.00471185	0.012386212	-0.002962512
2488	0.0039113	0.010393076	-0.002570476
2489	0.0050833	0.012701201	-0.002534601
2490	0.007288	0.020704067	-0.006128067
2491	0.00503325	0.015579265	-0.005512765
2492	0.0016385	0.006287276	-0.003010276
2493	0.0012154	0.003851425	-0.001420625
2494	0.0021632	0.006056467	-0.001730067
2495	0.00409965	0.012473211	-0.004273911
2496	0.0050589	0.016904641	-0.006786841
2497	0.0037296	0.011734539	-0.004275339
2498	0.0027898	0.008042459	-0.002462859
2499	0.00301635	0.008052751	-0.002020051
2500	0.0033241	0.010647374	-0.003999174
