Wavelength	Mean	Std+	Std-
350	0.02036985	0.027075033	0.013664667
351	0.0205158	0.027249914	0.013781686
352	0.0204248	0.027111846	0.013737754
353	0.02022645	0.026913857	0.013539043
354	0.02010865	0.02678932	0.01342798
355	0.02009635	0.02676068	0.01343202
356	0.0203491	0.027018931	0.013679269
357	0.02031925	0.026973663	0.013664837
358	0.0201459	0.026783412	0.013508388
359	0.0200405	0.026701353	0.013379647
360	0.0201884	0.026862613	0.013514187
361	0.020311	0.026984072	0.013637928
362	0.02024015	0.026888026	0.013592274
363	0.02017295	0.026798448	0.013547452
364	0.0202327	0.026843393	0.013622007
365	0.0204136	0.027017254	0.013809946
366	0.02024015	0.026820346	0.013659954
367	0.01992035	0.026498892	0.013341808
368	0.0196536	0.02624395	0.01306325
369	0.0200528	0.026651742	0.013453858
370	0.02016125	0.026755156	0.013567344
371	0.0201415	0.026721969	0.013561031
372	0.0200549	0.026613349	0.013496451
373	0.0200442	0.026600418	0.013487982
374	0.0200149	0.026572305	0.013457495
375	0.0199488	0.026507791	0.013389809
376	0.0197405	0.026300086	0.013180914
377	0.01993215	0.026476951	0.013387349
378	0.02029735	0.026820366	0.013774334
379	0.02007015	0.026593472	0.013546828
380	0.0199299	0.026434568	0.013425232
381	0.0199182	0.026403868	0.013432532
382	0.020126	0.026606901	0.013645099
383	0.02001515	0.026498874	0.013531426
384	0.0200309	0.026498766	0.013563034
385	0.020259	0.026686726	0.013831274
386	0.01993555	0.026379775	0.013491325
387	0.01980845	0.026248418	0.013368482
388	0.0198491	0.026273333	0.013424867
389	0.02005135	0.026479372	0.013623328
390	0.01999745	0.026428055	0.013566845
391	0.01994375	0.02637304	0.01351446
392	0.02013525	0.026553488	0.013717012
393	0.0201304	0.026535655	0.013725145
394	0.02012295	0.02651662	0.01372928
395	0.02015335	0.026537471	0.013769229
396	0.02002745	0.026399367	0.013655533
397	0.01997275	0.02634154	0.01360396
398	0.01995855	0.026329261	0.013587839
399	0.0198983	0.026265422	0.013531178
400	0.01998	0.02635002	0.01360998
401	0.02011935	0.026492051	0.013746649
402	0.02027615	0.026644585	0.013907715
403	0.02035695	0.026727629	0.013986271
404	0.02038885	0.026759535	0.014018165
405	0.02037555	0.026741353	0.014009747
406	0.0204917	0.026846917	0.014136483
407	0.020617	0.026975256	0.014258744
408	0.0207474	0.027118277	0.014376523
409	0.0208871	0.027261958	0.014512242
410	0.0210186	0.027401869	0.014635331
411	0.0211546	0.027546651	0.014762549
412	0.02131725	0.02771383	0.01492067
413	0.0213878	0.027802397	0.014973203
414	0.02153525	0.027958137	0.015112363
415	0.0218323	0.028243925	0.015420675
416	0.02197705	0.028421595	0.015532505
417	0.02213185	0.028593832	0.015669868
418	0.02230705	0.028772606	0.015841494
419	0.02252985	0.029014932	0.016044768
420	0.02269155	0.029198125	0.016184975
421	0.0228567	0.029382918	0.016330482
422	0.02313425	0.029670173	0.016598327
423	0.02331335	0.029858382	0.016768318
424	0.02350245	0.03006042	0.01694448
425	0.0237516	0.030329542	0.017173658
426	0.02395695	0.0305526	0.0173613
427	0.0241261	0.030739195	0.017513005
428	0.02427	0.030900029	0.017639971
429	0.0245174	0.031165583	0.017869217
430	0.02469815	0.031366386	0.018029914
431	0.02485485	0.0315411	0.0181686
432	0.0250643	0.031756359	0.018372241
433	0.02522985	0.031941283	0.018518417
434	0.02537645	0.032106802	0.018646098
435	0.0255128	0.032255756	0.018769844
436	0.0257084	0.032467248	0.018949552
437	0.0258465	0.032616176	0.019076824
438	0.0259292	0.032704552	0.019153848
439	0.0260963	0.032879639	0.019312961
440	0.02628055	0.033073664	0.019487436
441	0.0264571	0.033260808	0.019653392
442	0.02656245	0.033377399	0.019747501
443	0.0267015	0.033528857	0.019874143
444	0.0268514	0.033689622	0.020013178
445	0.0270028	0.033848001	0.020157599
446	0.02714625	0.033994594	0.020297906
447	0.0272889	0.034146886	0.020430914
448	0.02743115	0.034305301	0.020556999
449	0.0275409	0.034412909	0.020668891
450	0.02765295	0.034535276	0.020770624
451	0.02776935	0.034667277	0.020871423
452	0.02789665	0.034798224	0.020995076
453	0.02803245	0.034935126	0.021129774
454	0.02816125	0.035064979	0.021257521
455	0.028268	0.035174577	0.021361423
456	0.028313	0.035220477	0.021405523
457	0.02835365	0.035260869	0.021446431
458	0.0283985	0.035304271	0.021492729
459	0.0284266	0.035325436	0.021527764
460	0.02846985	0.035365212	0.021574488
461	0.028525	0.035418399	0.021631601
462	0.02858175	0.035469159	0.021694341
463	0.0286319	0.035512009	0.021751791
464	0.02866425	0.035537191	0.021791309
465	0.0286608	0.035528098	0.021793502
466	0.028712	0.035574466	0.021849534
467	0.0287645	0.035621895	0.021907105
468	0.02880675	0.035658407	0.021955093
469	0.0287873	0.035625877	0.021948723
470	0.0287982	0.035629705	0.021966695
471	0.02883875	0.035667214	0.022010286
472	0.0289238	0.035744604	0.022102996
473	0.02896745	0.035785565	0.022149335
474	0.0289931	0.035808541	0.022177659
475	0.029016	0.035824119	0.022207881
476	0.029057	0.035857889	0.022256111
477	0.02908265	0.035879174	0.022286126
478	0.02908405	0.035879384	0.022288716
479	0.02915025	0.035940387	0.022360113
480	0.0291812	0.035963666	0.022398734
481	0.02918395	0.035957497	0.022410403
482	0.0291965	0.035969144	0.022423856
483	0.02922525	0.035993673	0.022456827
484	0.0292676	0.036028075	0.022507125
485	0.02932645	0.036073476	0.022579424
486	0.02935065	0.036092621	0.022608679
487	0.0293674	0.036102969	0.022631831
488	0.02938445	0.036108891	0.022660009
489	0.02946635	0.03619206	0.02274064
490	0.02953835	0.036262997	0.022813703
491	0.0296079	0.036330812	0.022884988
492	0.02975045	0.036479929	0.023020971
493	0.02986995	0.036600148	0.023139752
494	0.0299914	0.036722353	0.023260447
495	0.0301522	0.036892149	0.023412251
496	0.03033655	0.037080297	0.023592803
497	0.0305562	0.037305756	0.023806644
498	0.030825	0.03758614	0.02406386
499	0.0310668	0.03784136	0.02429224
500	0.03137925	0.038168121	0.024590379
501	0.0317567	0.038561206	0.024952194
502	0.0321251	0.038952528	0.025297672
503	0.0325362	0.039390781	0.025681619
504	0.03298585	0.039871384	0.026100316
505	0.03350355	0.040424135	0.026582965
506	0.03408915	0.04105047	0.02712783
507	0.03470415	0.041710879	0.027697421
508	0.0353442	0.042402068	0.028286332
509	0.03609565	0.043213708	0.028977592
510	0.03689655	0.044079512	0.029713588
511	0.0377456	0.044998789	0.030492411
512	0.0386793	0.046010936	0.031347664
513	0.03967305	0.04709281	0.03225329
514	0.04071835	0.048234839	0.033201861
515	0.04180905	0.049429694	0.034188406
516	0.0430338	0.05076681	0.03530079
517	0.04432975	0.05218712	0.03647238
518	0.04567495	0.053671889	0.037678011
519	0.04709195	0.055239751	0.038944149
520	0.04849575	0.056796518	0.040194982
521	0.04986745	0.058320122	0.041414778
522	0.05127105	0.059870312	0.042671788
523	0.05265965	0.061404563	0.043914737
524	0.05404615	0.062937776	0.045154524
525	0.05543645	0.064478798	0.046394102
526	0.05677005	0.06596137	0.04757873
527	0.05805555	0.067396108	0.048714992
528	0.05929585	0.068787888	0.049803812
529	0.0604043	0.070040358	0.050768242
530	0.06146165	0.071227573	0.051695727
531	0.06247385	0.072353873	0.052593827
532	0.0634387	0.073433378	0.053444022
533	0.0643463	0.074456059	0.054236541
534	0.0652046	0.075428598	0.054980602
535	0.06599555	0.07632585	0.05566525
536	0.0666936	0.077125375	0.056261825
537	0.06735515	0.07788408	0.05682622
538	0.06801185	0.07863274	0.05739096
539	0.06860645	0.079310894	0.057902006
540	0.06919165	0.079981511	0.058401789
541	0.06977045	0.080648874	0.058892026
542	0.0702645	0.081238484	0.059290516
543	0.0707764	0.081838104	0.059714696
544	0.0713018	0.082445223	0.060158377
545	0.07184765	0.083071004	0.060624296
546	0.0723545	0.08365526	0.06105374
547	0.0728446	0.084221549	0.061467651
548	0.07333215	0.084784817	0.061879483
549	0.0737667	0.085288835	0.062244565
550	0.0741669	0.085754438	0.062579362
551	0.07453235	0.086181423	0.062883277
552	0.07479645	0.086491303	0.063101597
553	0.07499425	0.086725327	0.063263173
554	0.07512355	0.086879823	0.063367277
555	0.07513395	0.086894691	0.063373209
556	0.0750644	0.086818851	0.063309949
557	0.07491	0.086652333	0.063167667
558	0.0746145	0.08634022	0.06288878
559	0.07429425	0.085991223	0.062597277
560	0.07392085	0.085582308	0.062259392
561	0.07348	0.085100061	0.061859939
562	0.07300175	0.084567605	0.061435895
563	0.07247995	0.083985517	0.060974383
564	0.0719123	0.083352136	0.060472464
565	0.07127735	0.082644747	0.059909953
566	0.0705511	0.081839652	0.059262548
567	0.06978135	0.080984631	0.058578069
568	0.06901255	0.080122295	0.057902805
569	0.06818455	0.079190515	0.057178585
570	0.06731265	0.07821201	0.05641329
571	0.06639385	0.077186647	0.055601053
572	0.0655592	0.076251699	0.054866701
573	0.0647381	0.075326406	0.054149794
574	0.0639302	0.074411138	0.053449262
575	0.06316465	0.073546716	0.052782584
576	0.062454	0.072741227	0.052166773
577	0.06177545	0.071972659	0.051578241
578	0.0611242	0.071240765	0.051007635
579	0.06051785	0.070562577	0.050473123
580	0.059957	0.069933951	0.049980049
581	0.0594546	0.069367195	0.049542005
582	0.05898895	0.068836269	0.049141631
583	0.0585582	0.068342706	0.048773694
584	0.05816195	0.06788632	0.04843758
585	0.0578195	0.067494564	0.048144436
586	0.0574714	0.067098577	0.047844223
587	0.0571203	0.066700484	0.047540116
588	0.0567831	0.066317714	0.047248486
589	0.0564909	0.065998699	0.046983101
590	0.0562176	0.065703055	0.046732145
591	0.0559601	0.065422681	0.046497519
592	0.0558333	0.065269502	0.046397098
593	0.05570705	0.06512313	0.04629097
594	0.05557165	0.0649744	0.0461689
595	0.0554546	0.064843262	0.046065938
596	0.05532685	0.064703472	0.045950228
597	0.05519715	0.064563698	0.045830602
598	0.0550865	0.064445721	0.045727279
599	0.05496155	0.064308366	0.045614734
600	0.05479965	0.064132102	0.045467198
601	0.05457405	0.063891406	0.045256694
602	0.05434205	0.063635644	0.045048456
603	0.0540589	0.063326189	0.044791611
604	0.0537193	0.06295662	0.04448198
605	0.05337575	0.062565404	0.044186096
606	0.05301785	0.062152789	0.043882911
607	0.05263175	0.061707079	0.043556421
608	0.0521749	0.061190052	0.043159748
609	0.0516766	0.060624698	0.042728502
610	0.0511864	0.06006493	0.04230787
611	0.0507545	0.059564393	0.041944607
612	0.05028995	0.059033042	0.041546858
613	0.04982825	0.058501778	0.041154722
614	0.04937545	0.057976027	0.040774873
615	0.0489569	0.057489285	0.040424515
616	0.04856505	0.057041647	0.040088453
617	0.04820685	0.056635326	0.039778374
618	0.04792245	0.056297258	0.039547642
619	0.04764445	0.055975625	0.039313275
620	0.04738395	0.055676346	0.039091554
621	0.0471595	0.055415419	0.038903581
622	0.04705575	0.055282495	0.038829005
623	0.04694205	0.055144853	0.038739247
624	0.0467926	0.054977584	0.038607616
625	0.04668655	0.05486098	0.03851212
626	0.0466265	0.054795218	0.038457782
627	0.0465964	0.054761259	0.038431541
628	0.0465459	0.054699392	0.038392408
629	0.0465533	0.054701296	0.038405304
630	0.0465591	0.054704266	0.038413934
631	0.04650735	0.054650415	0.038364285
632	0.0464473	0.054586449	0.038308151
633	0.04636215	0.054490488	0.038233812
634	0.04624685	0.054355417	0.038138283
635	0.04609125	0.054173703	0.038008797
636	0.0458744	0.053924531	0.037824269
637	0.0455981	0.053608659	0.037587541
638	0.04523225	0.053186233	0.037278267
639	0.0448565	0.052755944	0.036957056
640	0.0444536	0.052298066	0.036609134
641	0.0439886	0.051772998	0.036204202
642	0.0435294	0.051239474	0.035819326
643	0.0430708	0.050706999	0.035434601
644	0.0426074	0.050173472	0.035041328
645	0.04207145	0.04956979	0.03457311
646	0.0415724	0.049008314	0.034136486
647	0.04110795	0.048484823	0.033731077
648	0.04067775	0.047989695	0.033365805
649	0.0402795	0.047541757	0.033017243
650	0.0399034	0.047121207	0.032685593
651	0.0395445	0.046712397	0.032376603
652	0.0392186	0.046340105	0.032097095
653	0.03890965	0.045985657	0.031833643
654	0.0386103	0.045639763	0.031580837
655	0.03820745	0.04518196	0.03123294
656	0.0377468	0.044660082	0.030833518
657	0.0372521	0.044099808	0.030404392
658	0.0367212	0.043490924	0.029951476
659	0.0361582	0.042848241	0.029468159
660	0.0355935	0.042203505	0.028983495
661	0.0350716	0.041601314	0.028541886
662	0.03454855	0.041001877	0.028095223
663	0.0340402	0.040419839	0.027660561
664	0.0335578	0.039865648	0.027249952
665	0.03315675	0.039405764	0.026907736
666	0.0327732	0.038968598	0.026577802
667	0.03240835	0.038555138	0.026261562
668	0.03213605	0.038243293	0.026028807
669	0.03189035	0.03796867	0.02581203
670	0.03167235	0.037727937	0.025616763
671	0.03150495	0.037537861	0.025472039
672	0.03142075	0.037434961	0.025406539
673	0.03134195	0.037343705	0.025340195
674	0.0312326	0.037232088	0.025233112
675	0.03120695	0.037205105	0.025208795
676	0.03121485	0.037212216	0.025217484
677	0.0312556	0.037254218	0.025256982
678	0.03138245	0.037395628	0.025369272
679	0.0315668	0.03760121	0.02553239
680	0.0318069	0.037870058	0.025743742
681	0.0321361	0.038242785	0.026029415
682	0.03259125	0.038762852	0.026419648
683	0.0331804	0.03943436	0.02692644
684	0.0339704	0.040330387	0.027610413
685	0.0351506	0.041665772	0.028635428
686	0.0365975	0.043317124	0.029877876
687	0.03829475	0.045275978	0.031313522
688	0.0402609	0.047558566	0.032963234
689	0.0424823	0.050145221	0.034819379
690	0.04495235	0.053029537	0.036875163
691	0.04797365	0.056551888	0.039395412
692	0.0514143	0.060566871	0.042261729
693	0.0551667	0.064959921	0.045373479
694	0.0592681	0.069775275	0.048760925
695	0.06384205	0.075101893	0.052582207
696	0.06855195	0.080589052	0.056514848
697	0.0734292	0.086274797	0.060583603
698	0.078698	0.092386208	0.065009792
699	0.0841787	0.09871909	0.06963831
700	0.08983965	0.105241293	0.074438007
701	0.0956441	0.111910212	0.079377988
702	0.10156635	0.118673869	0.084458831
703	0.1074917	0.125415027	0.089568373
704	0.1134367	0.132149804	0.094723596
705	0.1195687	0.139045651	0.100091749
706	0.1257884	0.146010916	0.105565884
707	0.13208535	0.153034504	0.111136196
708	0.1385556	0.16019187	0.11691933
709	0.14515065	0.167452796	0.122848504
710	0.1518633	0.174810954	0.128915646
711	0.15875305	0.182313816	0.135192284
712	0.16576535	0.189899192	0.141631508
713	0.1728764	0.197552593	0.148200207
714	0.1801886	0.205368407	0.155008793
715	0.1874299	0.213026704	0.161833096
716	0.1950573	0.221080278	0.169034322
717	0.20319865	0.229680583	0.176716717
718	0.211777	0.238750909	0.184803091
719	0.22068865	0.248149208	0.193228092
720	0.22928935	0.257181489	0.201397211
721	0.23783285	0.265996373	0.209669327
722	0.24635355	0.274797074	0.217910026
723	0.2553128	0.284083729	0.226541871
724	0.26447815	0.293637121	0.235319179
725	0.2734457	0.302943855	0.243947545
726	0.28234535	0.312191739	0.252498961
727	0.29131965	0.321540529	0.261098771
728	0.30023845	0.330882998	0.269593902
729	0.3091229	0.340234258	0.278011542
730	0.317865	0.349482972	0.286247028
731	0.3265916	0.35875767	0.29442553
732	0.33494725	0.367668024	0.302226476
733	0.3429574	0.376257186	0.309657614
734	0.35071055	0.384628983	0.316792117
735	0.35820145	0.392799753	0.323603147
736	0.3654983	0.400806885	0.330189715
737	0.37258495	0.408614884	0.336555016
738	0.37921615	0.415994697	0.342437603
739	0.385657	0.423202873	0.348111127
740	0.3918788	0.430203396	0.353554204
741	0.39767575	0.436768048	0.358583452
742	0.40316885	0.443011887	0.363325813
743	0.4084113	0.448993927	0.367828673
744	0.41339535	0.45470122	0.37208948
745	0.41798145	0.459989861	0.375973039
746	0.4223058	0.464996114	0.379615486
747	0.42637785	0.469720735	0.383034965
748	0.4300161	0.473964538	0.386067662
749	0.43344475	0.47797278	0.38891672
750	0.43666025	0.481738173	0.391582327
751	0.439648	0.485241834	0.394054166
752	0.4424151	0.48848635	0.39634385
753	0.44500645	0.491523542	0.398489358
754	0.4474249	0.494353958	0.400495842
755	0.44960155	0.496911287	0.402291813
756	0.4514827	0.4991099	0.4038555
757	0.4530281	0.500884847	0.405171353
758	0.45228345	0.500085465	0.404481435
759	0.45109045	0.498960685	0.403220215
760	0.45019335	0.498419726	0.401966974
761	0.4531416	0.50180494	0.40447826
762	0.4553966	0.50438262	0.40641058
763	0.45757515	0.506854231	0.408296069
764	0.4601544	0.509745547	0.410563253
765	0.4624465	0.512257829	0.412635171
766	0.464346	0.514330376	0.414361624
767	0.4659326	0.516070482	0.415794718
768	0.46711895	0.517378888	0.416859012
769	0.4681375	0.518515835	0.417759165
770	0.4690286	0.519526249	0.418530951
771	0.4699092	0.520519675	0.419298725
772	0.4707404	0.521448003	0.420032797
773	0.47153055	0.522326494	0.420734606
774	0.472263	0.523150244	0.421375756
775	0.4730172	0.52398503	0.42204937
776	0.473714	0.524761598	0.422666402
777	0.4742759	0.525409382	0.423142418
778	0.4749283	0.526135763	0.423720837
779	0.4756078	0.526889643	0.424325957
780	0.4763023	0.52766058	0.42494402
781	0.47689255	0.528317275	0.425467825
782	0.47750465	0.528993749	0.426015551
783	0.4781432	0.529698206	0.426588194
784	0.4788234	0.530458602	0.427188198
785	0.4794259	0.531130836	0.427720964
786	0.47997905	0.53174115	0.42821695
787	0.4804762	0.532274537	0.428677863
788	0.48096435	0.532808627	0.429120073
789	0.4815225	0.533420653	0.429624347
790	0.4821723	0.534132962	0.430211638
791	0.48271635	0.534729607	0.430703093
792	0.4832975	0.535369764	0.431225236
793	0.4838954	0.53603232	0.43175848
794	0.4844298	0.536634589	0.432225011
795	0.48501255	0.537285049	0.432740051
796	0.48562355	0.537959758	0.433287342
797	0.486254	0.538644392	0.433863608
798	0.48676145	0.539199745	0.434323155
799	0.48726095	0.539753954	0.434767946
800	0.48777145	0.540329719	0.435213181
801	0.4883424	0.540961096	0.435723704
802	0.48894965	0.541628546	0.436270754
803	0.48957825	0.542318054	0.436838446
804	0.49013645	0.542939566	0.437333334
805	0.49068605	0.543542805	0.437829295
806	0.4911897	0.544095808	0.438283592
807	0.4915747	0.544530907	0.438618493
808	0.49202755	0.545028596	0.439026504
809	0.4924696	0.545505815	0.439433385
810	0.4928691	0.545927251	0.439810949
811	0.4930597	0.546119635	0.439999765
812	0.4932153	0.546261203	0.440169397
813	0.4933511	0.546371497	0.440330703
814	0.4935155	0.546534181	0.440496819
815	0.4937943	0.54683443	0.44075417
816	0.49418675	0.547269239	0.441104261
817	0.49475285	0.547907955	0.441597745
818	0.4955604	0.548846311	0.442274489
819	0.49628965	0.549687047	0.442892253
820	0.49682445	0.550283755	0.443365145
821	0.49702525	0.550451693	0.443598807
822	0.4973893	0.550851085	0.443927515
823	0.4979233	0.551490578	0.444356022
824	0.4986778	0.552375335	0.444980265
825	0.49917605	0.552932122	0.445419978
826	0.4995358	0.553311129	0.445760471
827	0.49979585	0.553569958	0.446021742
828	0.5000786	0.553883859	0.446273341
829	0.5003969	0.55424598	0.44654782
830	0.50076875	0.554668962	0.446868538
831	0.50128375	0.555237189	0.447330311
832	0.5017879	0.555800264	0.447775536
833	0.5022627	0.556337773	0.448187627
834	0.50271985	0.556848794	0.448590906
835	0.5031765	0.557371778	0.448981222
836	0.50361195	0.557876692	0.449347208
837	0.50396125	0.558281685	0.449640815
838	0.5044011	0.558772	0.4500302
839	0.5048582	0.559282439	0.450433961
840	0.5052991	0.559784891	0.450813309
841	0.5056651	0.560201395	0.451128805
842	0.50606955	0.560652174	0.451486926
843	0.506514	0.561139411	0.451888589
844	0.50681515	0.561483441	0.452146859
845	0.5071411	0.561856933	0.452425267
846	0.5074855	0.562249442	0.452721558
847	0.50784215	0.562644116	0.453040184
848	0.50823245	0.563076383	0.453388517
849	0.5085853	0.563472184	0.453698416
850	0.5088217	0.563748528	0.453894872
851	0.5090551	0.564001384	0.454108816
852	0.5093579	0.5643279	0.4543879
853	0.50975245	0.564756254	0.454748646
854	0.51013745	0.565203309	0.455071591
855	0.5104612	0.565583144	0.455339256
856	0.51074435	0.565914326	0.455574374
857	0.5110739	0.566279244	0.455868556
858	0.51132975	0.566566949	0.456092551
859	0.5115398	0.566805281	0.456274319
860	0.51169895	0.566986777	0.456411123
861	0.5119449	0.567258027	0.456631773
862	0.5121742	0.567513289	0.456835111
863	0.5123734	0.567739302	0.457007498
864	0.51273665	0.568100379	0.457372921
865	0.5130429	0.56843211	0.45765369
866	0.5132847	0.568716288	0.457853112
867	0.51340915	0.568859936	0.457958364
868	0.5135191	0.568993311	0.458044889
869	0.51366125	0.569157549	0.458164951
870	0.5138988	0.569410212	0.458387388
871	0.5140655	0.569599331	0.458531669
872	0.5142495	0.569798468	0.458700532
873	0.5144724	0.57002519	0.45891961
874	0.51467255	0.570245122	0.459099978
875	0.51481335	0.570401327	0.459225373
876	0.51490995	0.570507468	0.459312432
877	0.51501805	0.570610622	0.459425478
878	0.5151971	0.570800907	0.459593293
879	0.5153779	0.570992111	0.459763689
880	0.51548115	0.571085453	0.459876847
881	0.51556185	0.571167497	0.459956203
882	0.5156216	0.571232431	0.460010769
883	0.51565635	0.57127434	0.46003836
884	0.5157481	0.571352899	0.460143301
885	0.5158641	0.571467757	0.460260443
886	0.5159952	0.571606371	0.460384029
887	0.5160873	0.571692314	0.460482286
888	0.5160479	0.571643089	0.460452711
889	0.5159572	0.571536604	0.460377796
890	0.5158925	0.571442668	0.460342332
891	0.5157449	0.571257778	0.460232022
892	0.51558245	0.571056714	0.460108186
893	0.5154234	0.570859492	0.459987308
894	0.51530335	0.570690035	0.459916665
895	0.51514515	0.570460584	0.459829716
896	0.5149461	0.570171338	0.459720862
897	0.5147428	0.569904993	0.459580607
898	0.5146643	0.569776338	0.459552262
899	0.51467395	0.569744471	0.459603429
900	0.51475265	0.56978782	0.45971748
901	0.51467475	0.569722861	0.459626639
902	0.5145511	0.569614936	0.459487264
903	0.5144129	0.56947971	0.45934609
904	0.51433005	0.569362416	0.459297684
905	0.5143194	0.569310288	0.459328512
906	0.51435005	0.569293466	0.459406634
907	0.51413425	0.569036266	0.459232234
908	0.5139947	0.568851795	0.459137605
909	0.5138826	0.568689129	0.459076071
910	0.51371515	0.56846074	0.45896956
911	0.5135734	0.568274485	0.458872315
912	0.51347955	0.568136727	0.458822373
913	0.5134606	0.568066551	0.458854649
914	0.51345325	0.568030699	0.458875801
915	0.51346745	0.568029967	0.458904933
916	0.51348425	0.568042435	0.458926065
917	0.51324965	0.567784055	0.458715245
918	0.5131898	0.567710661	0.458668939
919	0.51322995	0.567739783	0.458720117
920	0.51327825	0.56776488	0.45879162
921	0.51312005	0.567594041	0.458646059
922	0.51298725	0.567441391	0.458533109
923	0.5130261	0.567440159	0.458612041
924	0.51284165	0.567180614	0.458502686
925	0.51238085	0.566612658	0.458149042
926	0.51162895	0.56572077	0.45753713
927	0.51107735	0.56505226	0.45710244
928	0.51042055	0.564252703	0.456588397
929	0.50967015	0.563322363	0.456017937
930	0.50893105	0.562333368	0.455528732
931	0.50803435	0.561198868	0.454869832
932	0.50708235	0.559990233	0.454174467
933	0.50627075	0.558895814	0.453645686
934	0.50528485	0.557654422	0.452915278
935	0.50443195	0.556564708	0.452299192
936	0.5038662	0.555802789	0.451929611
937	0.50333245	0.55514707	0.45151783
938	0.50243125	0.554171837	0.450690663
939	0.501408	0.553084969	0.449731031
940	0.5007883	0.55228267	0.44929393
941	0.5001163	0.551528073	0.448704527
942	0.49947245	0.550796034	0.448148866
943	0.4989269	0.550074935	0.447778865
944	0.49821995	0.549184025	0.447255875
945	0.4970999	0.547819298	0.446380502
946	0.49547015	0.545866415	0.445073885
947	0.4939206	0.544084492	0.443756708
948	0.492533	0.542452644	0.442613356
949	0.4912455	0.540910621	0.441580379
950	0.4897811	0.539165952	0.440396248
951	0.48818695	0.537314275	0.439059625
952	0.48648885	0.535342254	0.437635446
953	0.48467285	0.533190682	0.436155018
954	0.4825858	0.530813601	0.434357999
955	0.4806353	0.528580464	0.432690136
956	0.4789316	0.526594157	0.431269043
957	0.4772615	0.524571006	0.429951994
958	0.4756188	0.522630183	0.428607417
959	0.4739811	0.520740018	0.427222182
960	0.47219415	0.518719804	0.425668496
961	0.47073105	0.517015291	0.424446809
962	0.4695103	0.515568709	0.423451891
963	0.4685566	0.514436471	0.422676729
964	0.4675188	0.513265525	0.421772075
965	0.4666698	0.512329704	0.421009896
966	0.4661036	0.511728593	0.420478607
967	0.46554005	0.511062815	0.420017285
968	0.46479745	0.51024038	0.41935452
969	0.46398605	0.509361754	0.418610346
970	0.4637341	0.508996941	0.418471259
971	0.4632201	0.508462039	0.417978161
972	0.4627235	0.507969743	0.417477257
973	0.4626386	0.5078418	0.4174354
974	0.4622492	0.507396182	0.417102218
975	0.46198355	0.507066547	0.416900553
976	0.46203	0.507041239	0.417018761
977	0.4615363	0.506547891	0.416524709
978	0.4611614	0.506130141	0.416192659
979	0.4609612	0.505855955	0.416066445
980	0.4611522	0.506075928	0.416228472
981	0.4611323	0.506078203	0.416186397
982	0.46109225	0.506071596	0.416112904
983	0.46132415	0.506384424	0.416263876
984	0.46148	0.506522129	0.416437871
985	0.46161375	0.506629279	0.416598221
986	0.461741	0.506755034	0.416726966
987	0.46239855	0.507469047	0.417328053
988	0.4627376	0.507882297	0.417592903
989	0.4627741	0.508003459	0.417544741
990	0.46332065	0.508593541	0.418047759
991	0.46382445	0.509148333	0.418500567
992	0.4642679	0.509637466	0.418898334
993	0.4645669	0.509946356	0.419187444
994	0.4651019	0.51061762	0.41958618
995	0.4656183	0.511242106	0.419994494
996	0.46597455	0.511588753	0.420360347
997	0.4667478	0.512453421	0.421042179
998	0.46750905	0.513293129	0.421724971
999	0.4681817	0.514027643	0.422335757
1000	0.4681464	0.514133673	0.422159127
1001	0.46942515	0.515182253	0.423668047
1002	0.4706178	0.516553608	0.424681992
1003	0.4713082	0.5173381	0.4252783
1004	0.47199075	0.518088846	0.425892654
1005	0.4728031	0.519021103	0.426585097
1006	0.4737658	0.520136594	0.427395006
1007	0.47485355	0.521355979	0.428351121
1008	0.4758876	0.522499535	0.429275665
1009	0.47683615	0.523575439	0.430096861
1010	0.4777488	0.524641694	0.430855906
1011	0.4787062	0.525760932	0.431651468
1012	0.47979825	0.527003286	0.432593214
1013	0.48097545	0.52830479	0.43364611
1014	0.48210275	0.529547598	0.434657902
1015	0.48310415	0.530680883	0.435527417
1016	0.4841116	0.531856993	0.436366207
1017	0.48515725	0.533068192	0.437246308
1018	0.4861375	0.534169574	0.438105426
1019	0.48726315	0.535439297	0.439087003
1020	0.4884793	0.536825146	0.440133454
1021	0.48956795	0.538067461	0.441068439
1022	0.49058845	0.539202487	0.441974413
1023	0.4916072	0.540322671	0.442891729
1024	0.4926144	0.541479287	0.443749513
1025	0.49360835	0.54266817	0.44454853
1026	0.49463465	0.543860876	0.445408424
1027	0.49572535	0.545079458	0.446371242
1028	0.496747	0.54625635	0.44723765
1029	0.49749955	0.547160926	0.447838174
1030	0.4983651	0.548140418	0.448589782
1031	0.49960015	0.549526981	0.449673319
1032	0.5005759	0.550660666	0.450491134
1033	0.5014095	0.551608951	0.451210049
1034	0.50244905	0.552759587	0.452138513
1035	0.50353175	0.553983474	0.453080026
1036	0.50456975	0.555193491	0.453946009
1037	0.50555765	0.556341215	0.454774085
1038	0.5064932	0.557415697	0.455570703
1039	0.50744295	0.558504855	0.456381045
1040	0.5084619	0.559658978	0.457264822
1041	0.50947745	0.560796445	0.458158455
1042	0.51040795	0.561843005	0.458972895
1043	0.511282	0.562841213	0.459722787
1044	0.5119857	0.563665743	0.460305657
1045	0.51261965	0.564402792	0.460836508
1046	0.51346225	0.565368559	0.461555941
1047	0.51425405	0.566283714	0.462224386
1048	0.51492595	0.567058634	0.462793266
1049	0.5156892	0.567972536	0.463405864
1050	0.516363	0.56879857	0.46392743
1051	0.5168801	0.569395782	0.464364418
1052	0.5174245	0.570003134	0.464845866
1053	0.51798215	0.570640187	0.465324113
1054	0.5185293	0.571270028	0.465788572
1055	0.519075	0.571883834	0.466266166
1056	0.51958395	0.572457374	0.466710526
1057	0.52004605	0.573009214	0.467082886
1058	0.52059285	0.573668196	0.467517504
1059	0.5211914	0.574336819	0.468045981
1060	0.5216145	0.574774552	0.468454448
1061	0.52178985	0.574961891	0.468617809
1062	0.52213255	0.575363975	0.468901125
1063	0.5227336	0.576049375	0.469417825
1064	0.52315025	0.576534425	0.469766075
1065	0.52337305	0.576800517	0.469945583
1066	0.52374535	0.577191141	0.470299559
1067	0.52408215	0.577555314	0.470608986
1068	0.5241327	0.577633748	0.470631652
1069	0.5242353	0.57775642	0.47071418
1070	0.5246768	0.578216057	0.471137543
1071	0.52514545	0.578708239	0.471582661
1072	0.52531785	0.57890735	0.47172835
1073	0.5253773	0.57899081	0.47176379
1074	0.52547875	0.579117108	0.471840392
1075	0.5256858	0.579349778	0.472021822
1076	0.5258828	0.579550138	0.472215462
1077	0.52605335	0.57971851	0.47238819
1078	0.526111	0.579783803	0.472438197
1079	0.5259739	0.579635761	0.472312039
1080	0.5258409	0.579465141	0.472216659
1081	0.5256828	0.579259488	0.472106112
1082	0.5255595	0.579096294	0.472022706
1083	0.5255785	0.579086	0.472071
1084	0.52558835	0.579066062	0.472110638
1085	0.52557305	0.57902336	0.47212274
1086	0.52551555	0.578931465	0.472099635
1087	0.5253182	0.578656665	0.471979735
1088	0.5251123	0.578367776	0.471856824
1089	0.52481935	0.577999979	0.471638721
1090	0.52448725	0.577592537	0.471381963
1091	0.5241896	0.577233718	0.471145482
1092	0.5238589	0.576856149	0.470861651
1093	0.52354545	0.576465058	0.470625842
1094	0.523269	0.5760712	0.4704668
1095	0.52293445	0.575632868	0.470236032
1096	0.52254895	0.575181423	0.469916477
1097	0.52211805	0.574681384	0.469554716
1098	0.52166235	0.574133259	0.469191441
1099	0.5211933	0.573566356	0.468820244
1100	0.5206348	0.572884416	0.468385184
1101	0.5200748	0.572204827	0.467944773
1102	0.51956355	0.571600075	0.467527025
1103	0.51904705	0.570988525	0.467105575
1104	0.51837165	0.570201649	0.466541651
1105	0.5176458	0.569363618	0.465927982
1106	0.51664515	0.568228587	0.465061713
1107	0.51555315	0.566990195	0.464116105
1108	0.5148451	0.566211346	0.463478854
1109	0.5143304	0.565665647	0.462995153
1110	0.51367105	0.564920046	0.462422054
1111	0.5128019	0.563893407	0.461710393
1112	0.5118673	0.562798158	0.460936442
1113	0.5108787	0.561670859	0.460086541
1114	0.5098893	0.560534129	0.459244471
1115	0.50877485	0.559249736	0.458299964
1116	0.50742655	0.557693981	0.457159119
1117	0.50598045	0.555958478	0.456002422
1118	0.5044535	0.554126881	0.454780119
1119	0.5029432	0.5523777	0.4535087
1120	0.50127575	0.550442717	0.452108783
1121	0.4993087	0.548004275	0.450613125
1122	0.49723745	0.545424629	0.449050271
1123	0.4953937	0.543235061	0.447552339
1124	0.493577	0.541094562	0.446059438
1125	0.49127845	0.538426981	0.444129919
1126	0.4888992	0.535670787	0.442127613
1127	0.4863877	0.53274499	0.44003041
1128	0.48393875	0.52990051	0.43797699
1129	0.4813879	0.526968453	0.435807347
1130	0.47862625	0.523803957	0.433448543
1131	0.47559085	0.520336836	0.430844864
1132	0.4720193	0.516276036	0.427762564
1133	0.4685289	0.51230649	0.42475131
1134	0.4648546	0.508111285	0.421597915
1135	0.4613055	0.504067713	0.418543287
1136	0.4575012	0.49977325	0.41522915
1137	0.4539562	0.495778567	0.412133833
1138	0.45059385	0.491974181	0.409213519
1139	0.44734765	0.488306988	0.406388312
1140	0.4432686	0.48375992	0.40277728
1141	0.43915915	0.479199429	0.399118871
1142	0.43496185	0.474573925	0.395349775
1143	0.43077835	0.469978876	0.391577824
1144	0.4264041	0.465112267	0.387695933
1145	0.42193795	0.460107998	0.383767902
1146	0.4174499	0.45510239	0.37979741
1147	0.41299175	0.450161574	0.375821926
1148	0.4087066	0.445410114	0.372003086
1149	0.4046719	0.440922181	0.368421619
1150	0.40087025	0.436702813	0.365037687
1151	0.3974149	0.432881542	0.361948258
1152	0.3942158	0.42934925	0.35908235
1153	0.3913809	0.42622175	0.35654005
1154	0.3887952	0.423376436	0.354213964
1155	0.38670955	0.421120763	0.352298337
1156	0.38479355	0.419050618	0.350536482
1157	0.38298135	0.41708352	0.34887918
1158	0.3813034	0.415263399	0.347343401
1159	0.37972465	0.413563025	0.345886275
1160	0.37824775	0.411975765	0.344519735
1161	0.37694465	0.410595103	0.343294197
1162	0.3757536	0.409341994	0.342165206
1163	0.3745699	0.408081353	0.341058447
1164	0.3734001	0.40682764	0.33997256
1165	0.37227405	0.405597453	0.338950647
1166	0.37117735	0.404371987	0.337982713
1167	0.3701727	0.403280131	0.337065269
1168	0.36928885	0.402372075	0.336205625
1169	0.36843065	0.401484624	0.335376676
1170	0.36759305	0.400601466	0.334584634
1171	0.366762	0.399722354	0.333801646
1172	0.3658889	0.398782956	0.332994844
1173	0.36502495	0.397854292	0.332195608
1174	0.3641619	0.396938816	0.331384984
1175	0.3633046	0.396030315	0.330578885
1176	0.3625107	0.395189292	0.329832108
1177	0.3617238	0.394356185	0.329091415
1178	0.36090775	0.393473026	0.328342474
1179	0.36008795	0.392582354	0.327593546
1180	0.35924965	0.391683099	0.326816201
1181	0.35840505	0.390781886	0.326028214
1182	0.35756935	0.389875544	0.325263156
1183	0.35674135	0.388968609	0.324514091
1184	0.35596015	0.388110091	0.323810209
1185	0.35522645	0.387300234	0.323152666
1186	0.3545041	0.38650186	0.32250634
1187	0.35379515	0.385716053	0.321874247
1188	0.35316085	0.385020914	0.321300786
1189	0.35269865	0.384536239	0.320861061
1190	0.3522519	0.38406634	0.32043746
1191	0.3518536	0.383638013	0.320069187
1192	0.35145895	0.383212214	0.319705686
1193	0.35109735	0.382810232	0.319384468
1194	0.35073955	0.382413077	0.319066023
1195	0.35062045	0.382298285	0.318942615
1196	0.3505092	0.382191596	0.318826804
1197	0.35049755	0.382178192	0.318816908
1198	0.3505035	0.382181842	0.318825158
1199	0.35055095	0.382210399	0.318891501
1200	0.3506109	0.382246528	0.318975272
1201	0.3508431	0.382476057	0.319210143
1202	0.3511678	0.382809243	0.319526357
1203	0.3514782	0.3831274	0.319829
1204	0.35175825	0.38341284	0.32010366
1205	0.35212815	0.38379799	0.32045831
1206	0.3526312	0.3843294	0.320933
1207	0.35318575	0.384915084	0.321456416
1208	0.3538214	0.385587272	0.322055528
1209	0.3544778	0.386285266	0.322670334
1210	0.35520925	0.387073349	0.323345151
1211	0.35595235	0.387870814	0.324033886
1212	0.3568347	0.388790499	0.324878901
1213	0.3577152	0.389709692	0.325720708
1214	0.35865555	0.390715381	0.326595719
1215	0.35958525	0.391710417	0.327460083
1216	0.360527	0.39270964	0.32834436
1217	0.3614648	0.393706777	0.329222823
1218	0.36247775	0.394796155	0.330159345
1219	0.36349575	0.395890121	0.331101379
1220	0.3645919	0.397067503	0.332116297
1221	0.3657043	0.398264801	0.333143799
1222	0.36682925	0.399474868	0.334183632
1223	0.3679572	0.400686968	0.335227432
1224	0.36909935	0.401919665	0.336279035
1225	0.37026555	0.403177438	0.337353662
1226	0.37143335	0.404432138	0.338434562
1227	0.3725989	0.405686016	0.339511784
1228	0.3737193	0.406891094	0.340547506
1229	0.3747585	0.408010647	0.341506353
1230	0.37576945	0.409105296	0.342433604
1231	0.3766935	0.410118392	0.343268608
1232	0.37761585	0.411128076	0.344103624
1233	0.37848945	0.412063367	0.344915533
1234	0.3793479	0.412982159	0.345713641
1235	0.3802344	0.413935031	0.346533769
1236	0.3811193	0.414886946	0.347351654
1237	0.3819187	0.41574192	0.34809548
1238	0.38271075	0.416587591	0.348833909
1239	0.3834886	0.417418965	0.349558235
1240	0.3842495	0.418236739	0.350262261
1241	0.3850442	0.419110951	0.350977449
1242	0.385855	0.420005278	0.351704722
1243	0.38656585	0.4207676	0.3523641
1244	0.3872376	0.42147798	0.35299722
1245	0.3879146	0.422215139	0.353614061
1246	0.3886013	0.422974573	0.354228027
1247	0.3892988	0.423730952	0.354866648
1248	0.38995305	0.42443006	0.35547604
1249	0.39056175	0.425089823	0.356033677
1250	0.3911649	0.425749581	0.356580219
1251	0.3917562	0.426391109	0.357121291
1252	0.39230505	0.426986697	0.357623403
1253	0.39286775	0.427595816	0.358139684
1254	0.3934318	0.428202562	0.358661038
1255	0.39397255	0.428785523	0.359159577
1256	0.3943847	0.429227349	0.359542051
1257	0.3947982	0.429675129	0.359921271
1258	0.3951331	0.43007601	0.36019019
1259	0.3954635	0.430472667	0.360454333
1260	0.39579145	0.43081733	0.36076557
1261	0.39613145	0.431168837	0.361094063
1262	0.39648035	0.431541921	0.361418779
1263	0.3968081	0.431896305	0.361719895
1264	0.39706295	0.432164264	0.361961636
1265	0.3973157	0.432424405	0.362206995
1266	0.39757425	0.432689804	0.362458696
1267	0.39785615	0.432979421	0.362732879
1268	0.39805625	0.433183617	0.362928883
1269	0.3981875	0.433322538	0.363052462
1270	0.3982823	0.433417095	0.363147505
1271	0.39831065	0.433428822	0.363192478
1272	0.39833255	0.43343902	0.36322608
1273	0.39836215	0.433469444	0.363254856
1274	0.3983436	0.433440787	0.363246413
1275	0.3981998	0.433256865	0.363142735
1276	0.3980524	0.433079778	0.363025022
1277	0.39794775	0.432971004	0.362924496
1278	0.39783135	0.432842537	0.362820163
1279	0.397583	0.432575375	0.362590625
1280	0.39732465	0.432299382	0.362349918
1281	0.3970597	0.432009494	0.362109906
1282	0.3967908	0.43171372	0.36186788
1283	0.39638035	0.431260944	0.361499756
1284	0.3959461	0.430782529	0.361109671
1285	0.3954186	0.430222338	0.360614862
1286	0.3948792	0.42965379	0.36010461
1287	0.39423705	0.428955398	0.359518702
1288	0.39356515	0.428218168	0.358912132
1289	0.39289025	0.427478733	0.358301767
1290	0.3922235	0.426753599	0.357693401
1291	0.3914839	0.425976214	0.356991586
1292	0.3906909	0.425150499	0.356231301
1293	0.38984805	0.424246783	0.355449317
1294	0.38896695	0.423284231	0.354649669
1295	0.3880202	0.422261115	0.353779285
1296	0.3869778	0.421140944	0.352814656
1297	0.38588785	0.419964085	0.351811615
1298	0.38475835	0.418747406	0.350769294
1299	0.3835888	0.417490918	0.349686682
1300	0.38236195	0.416172495	0.348551405
1301	0.38107995	0.414790059	0.347369841
1302	0.3797284	0.413326662	0.346130138
1303	0.37835455	0.411849052	0.344860048
1304	0.37691985	0.410324053	0.343515647
1305	0.37541585	0.408715269	0.342116431
1306	0.37386775	0.40702735	0.34070815
1307	0.37226655	0.405287334	0.339245766
1308	0.37050045	0.403390463	0.337610437
1309	0.3686631	0.401416632	0.335909568
1310	0.36674745	0.399350789	0.334144111
1311	0.36475685	0.397207624	0.332306076
1312	0.3628106	0.395099328	0.330521872
1313	0.3608259	0.392945355	0.328706445
1314	0.35871605	0.39065124	0.32678086
1315	0.35653625	0.388280185	0.324792315
1316	0.3542932	0.385844591	0.322741809
1317	0.35198515	0.383335641	0.320634659
1318	0.34964015	0.380793207	0.318487093
1319	0.34727245	0.378242574	0.316302326
1320	0.3448893	0.37568068	0.31409792
1321	0.34241935	0.373016584	0.311822116
1322	0.34000415	0.370422269	0.309586031
1323	0.3377005	0.367973354	0.307427646
1324	0.3352961	0.365416795	0.305175405
1325	0.33277425	0.362730276	0.302818224
1326	0.33016595	0.359951574	0.300380326
1327	0.32745475	0.357030835	0.297878665
1328	0.32464455	0.353998365	0.295290735
1329	0.32179725	0.350960138	0.292634362
1330	0.3188337	0.347793352	0.289874048
1331	0.31602645	0.344728418	0.287324482
1332	0.3131206	0.341568581	0.284672619
1333	0.3101478	0.338414941	0.281880659
1334	0.30712635	0.33522059	0.27903211
1335	0.30431585	0.332255356	0.276376344
1336	0.3015422	0.329329183	0.273755217
1337	0.2992132	0.326858247	0.271568153
1338	0.2968382	0.324336421	0.269339979
1339	0.2946476	0.322020814	0.267274386
1340	0.2924499	0.319704542	0.265195258
1341	0.29049825	0.317657152	0.263339348
1342	0.2884283	0.315497569	0.261359031
1343	0.28664065	0.313649544	0.259631756
1344	0.2847126	0.311657721	0.257767479
1345	0.2830399	0.309971916	0.256107884
1346	0.28127395	0.308205784	0.254342116
1347	0.27950315	0.306366403	0.252639897
1348	0.2775974	0.304343998	0.250850802
1349	0.27581835	0.302536125	0.249100575
1350	0.27401	0.300803863	0.247216137
1351	0.2722277	0.299082552	0.245372848
1352	0.2706206	0.297571174	0.243670026
1353	0.26886445	0.295922402	0.241806498
1354	0.26703725	0.293915398	0.240159102
1355	0.2648625	0.291439513	0.238285487
1356	0.2634403	0.289676959	0.237203641
1357	0.26150495	0.287114779	0.235895121
1358	0.25926085	0.284317371	0.234204329
1359	0.2540399	0.279176568	0.228903232
1360	0.24887495	0.273990589	0.223759311
1361	0.2446555	0.270105868	0.219205132
1362	0.2505981	0.273713346	0.227482854
1363	0.2557873	0.280127416	0.231447184
1364	0.2454879	0.272451052	0.218524748
1365	0.23575255	0.273419299	0.198085801
1366	0.220338	0.254506688	0.186169312
1367	0.20261425	0.23827161	0.16695689
1368	0.19991605	0.227195568	0.172636532
1369	0.2034676	0.229029842	0.177905358
1370	0.21254735	0.237407583	0.187687117
1371	0.21649425	0.244448389	0.188540111
1372	0.20383475	0.228826541	0.178842959
1373	0.1937775	0.219433097	0.168121903
1374	0.19464635	0.21758707	0.17170563
1375	0.19690555	0.222639468	0.171171632
1376	0.19542445	0.220985108	0.169863792
1377	0.194207	0.219993363	0.168420637
1378	0.193508	0.217241984	0.169774016
1379	0.1910383	0.213422215	0.168654385
1380	0.18762395	0.209500958	0.165746942
1381	0.18238395	0.204751464	0.160016436
1382	0.1756332	0.198048161	0.153218239
1383	0.1697502	0.190825489	0.148674911
1384	0.1601023	0.179402659	0.140801941
1385	0.15031585	0.168448545	0.132183155
1386	0.14536125	0.163009081	0.127713419
1387	0.1431047	0.160213146	0.125996254
1388	0.14022125	0.15784273	0.12259977
1389	0.13607995	0.154891862	0.117268038
1390	0.1318112	0.150505265	0.113117135
1391	0.1266049	0.143565615	0.109644185
1392	0.12220925	0.138098422	0.106320078
1393	0.1197243	0.135052827	0.104395773
1394	0.11771425	0.133355652	0.102072848
1395	0.114554	0.129923119	0.099184881
1396	0.11150875	0.126931239	0.096086261
1397	0.10941565	0.124805422	0.094025878
1398	0.1074342	0.122940484	0.091927916
1399	0.1032261	0.117773066	0.088679134
1400	0.0992301	0.113218043	0.085242157
1401	0.09591445	0.109691321	0.082137579
1402	0.09286105	0.106723142	0.078998958
1403	0.0899818	0.103795964	0.076167636
1404	0.0875453	0.101329783	0.073760817
1405	0.0851283	0.098236701	0.072019899
1406	0.08295125	0.095557993	0.070344507
1407	0.0806692	0.092807826	0.068530574
1408	0.07862685	0.090396468	0.066857232
1409	0.0768418	0.088063256	0.065620344
1410	0.0754638	0.08625467	0.06467293
1411	0.0737387	0.084373457	0.063103943
1412	0.07216735	0.082837951	0.061496749
1413	0.07105925	0.081781794	0.060336706
1414	0.07022915	0.080939804	0.059518496
1415	0.06916695	0.079643168	0.058690732
1416	0.0681132	0.078431732	0.057794668
1417	0.0672058	0.07753038	0.05688122
1418	0.0664246	0.076762047	0.056087153
1419	0.0656621	0.075854982	0.055469218
1420	0.06494335	0.074968915	0.054917785
1421	0.06426455	0.074235974	0.054293126
1422	0.0636147	0.073582586	0.053646814
1423	0.0630898	0.073044042	0.053135558
1424	0.0626498	0.072533671	0.052765929
1425	0.0621235	0.071858813	0.052388187
1426	0.06155875	0.071143749	0.051973751
1427	0.06109695	0.070593758	0.051600142
1428	0.06064845	0.07011624	0.05118066
1429	0.06022085	0.069676412	0.050765288
1430	0.05989535	0.069304208	0.050486492
1431	0.05958365	0.068973819	0.050193481
1432	0.05930755	0.068696086	0.049919014
1433	0.0590147	0.068364705	0.049664695
1434	0.05862115	0.06794065	0.04930165
1435	0.05827115	0.067565394	0.048976906
1436	0.05801115	0.067283377	0.048738923
1437	0.05777755	0.06703819	0.04851691
1438	0.05771355	0.066966022	0.048461078
1439	0.05762965	0.066852425	0.048406875
1440	0.0573073	0.066426464	0.048188136
1441	0.0570107	0.066072031	0.047949369
1442	0.0568566	0.065987141	0.047726059
1443	0.0567257	0.065931867	0.047519533
1444	0.0566423	0.065877673	0.047406927
1445	0.056567	0.065807203	0.047326797
1446	0.05652055	0.065712538	0.047328562
1447	0.05648905	0.065646348	0.047331752
1448	0.05644805	0.065558559	0.047337541
1449	0.05639875	0.065468962	0.047328538
1450	0.0564793	0.065589295	0.047369305
1451	0.05658775	0.065735604	0.047439896
1452	0.0566266	0.065759989	0.047493211
1453	0.05664455	0.065770888	0.047518212
1454	0.0567525	0.06587466	0.04763034
1455	0.056866	0.065980747	0.047751253
1456	0.05689475	0.066002741	0.047786759
1457	0.0569239	0.066026851	0.047820949
1458	0.05698575	0.066100863	0.047870637
1459	0.05704345	0.066183789	0.047903111
1460	0.05708395	0.066243522	0.047924378
1461	0.0571136	0.066288375	0.047938825
1462	0.05718935	0.066404113	0.047974587
1463	0.0572882	0.06653707	0.04803933
1464	0.05738875	0.066630978	0.048146522
1465	0.0574933	0.066718647	0.048267953
1466	0.0576648	0.066909958	0.048419642
1467	0.0578889	0.067191773	0.048586027
1468	0.05818615	0.067515294	0.048857006
1469	0.05853045	0.067858006	0.049202894
1470	0.05885685	0.068218597	0.049495103
1471	0.05916065	0.068585431	0.049735869
1472	0.05953755	0.069017855	0.050057245
1473	0.05998075	0.069487401	0.050474099
1474	0.06041735	0.06993376	0.05090094
1475	0.06083105	0.070368037	0.051294063
1476	0.0612513	0.07082919	0.05167341
1477	0.06170085	0.071330877	0.052070823
1478	0.06214405	0.071810863	0.052477237
1479	0.06257855	0.072272599	0.052884501
1480	0.06304355	0.072796124	0.053290976
1481	0.06355235	0.073395877	0.053708823
1482	0.0640596	0.073972345	0.054146855
1483	0.0645665	0.074510477	0.054622523
1484	0.06508535	0.075060007	0.055110693
1485	0.06566655	0.07568904	0.05564406
1486	0.06623115	0.076307663	0.056154637
1487	0.066798	0.076941609	0.056654391
1488	0.0673563	0.07755672	0.05715588
1489	0.0679168	0.078147949	0.057685651
1490	0.06846125	0.078727739	0.058194761
1491	0.06906835	0.079380327	0.058756373
1492	0.0696437	0.079997737	0.059289663
1493	0.07023055	0.080632398	0.059828702
1494	0.0707966	0.081247821	0.060345379
1495	0.0713727	0.081870026	0.060875374
1496	0.07192675	0.082471855	0.061381645
1497	0.07247185	0.083094379	0.061849321
1498	0.07300815	0.083704332	0.062311968
1499	0.07356335	0.084312529	0.062814171
1500	0.07410665	0.08490792	0.06330538
1501	0.0747186	0.085573418	0.063863782
1502	0.07532535	0.08623208	0.06441862
1503	0.0759371	0.086921172	0.064953028
1504	0.0765513	0.087614391	0.065488209
1505	0.077214	0.088318868	0.066109132
1506	0.0778604	0.089005538	0.066715262
1507	0.07851305	0.089733833	0.067292267
1508	0.07915525	0.090451255	0.067859245
1509	0.07979565	0.091157588	0.068433712
1510	0.08042325	0.091849081	0.068997419
1511	0.0810475	0.092520863	0.069574137
1512	0.0816649	0.093184823	0.070144977
1513	0.08232215	0.093902118	0.070742182
1514	0.08296875	0.094607534	0.071329966
1515	0.083584	0.095272016	0.071895984
1516	0.08419155	0.095930573	0.072452527
1517	0.08481785	0.096632908	0.073002792
1518	0.0854427	0.097333634	0.073551766
1519	0.08608045	0.098032222	0.074128678
1520	0.086711	0.098720386	0.074701614
1521	0.0873708	0.099417297	0.075324303
1522	0.0880281	0.100110171	0.075946029
1523	0.0886668	0.100826682	0.076506918
1524	0.0893018	0.101545329	0.077058271
1525	0.0899371	0.102243549	0.077630651
1526	0.0905721	0.1029392	0.078205
1527	0.091215	0.103642268	0.078787732
1528	0.09185455	0.104341203	0.079367897
1529	0.0924878	0.105038529	0.079937071
1530	0.0931145	0.105730016	0.080498984
1531	0.09374225	0.106401893	0.081082607
1532	0.09437595	0.107076392	0.081675508
1533	0.09501585	0.107765702	0.082265998
1534	0.09565615	0.108458504	0.082853796
1535	0.096278	0.10915667	0.08339933
1536	0.09689635	0.109856421	0.083936279
1537	0.0975246	0.110536333	0.084512867
1538	0.09815065	0.111204119	0.085097181
1539	0.09875795	0.111857424	0.085658476
1540	0.0993624	0.112511045	0.086213755
1541	0.099967	0.113166939	0.086767061
1542	0.10057635	0.113827301	0.087325399
1543	0.1011646	0.114464416	0.087864784
1544	0.10173735	0.115085479	0.088389221
1545	0.1023313	0.115740992	0.088921608
1546	0.10293505	0.116414428	0.089455672
1547	0.10351955	0.117050613	0.089988487
1548	0.1041029	0.117675086	0.090530714
1549	0.1046841	0.118314693	0.091053507
1550	0.10526685	0.118965872	0.091567828
1551	0.1058555	0.119602849	0.092108151
1552	0.1064475	0.120233062	0.092661938
1553	0.1070348	0.120853459	0.093216141
1554	0.1076181	0.121472524	0.093763676
1555	0.108199	0.122109032	0.094288968
1556	0.1087828	0.122754007	0.094811593
1557	0.1093524	0.123373004	0.095331796
1558	0.10991985	0.123985879	0.095853821
1559	0.11048065	0.124588627	0.096372673
1560	0.1110358	0.125184331	0.096887269
1561	0.1115879	0.125795986	0.097379814
1562	0.112143	0.126419057	0.097866943
1563	0.112695	0.12701832	0.09837168
1564	0.11324495	0.127602939	0.098886961
1565	0.1138086	0.128219835	0.099397365
1566	0.11439065	0.128868607	0.099912693
1567	0.11493565	0.129467084	0.100404216
1568	0.11545415	0.130030929	0.100877371
1569	0.1159869	0.130614487	0.101359313
1570	0.1165342	0.131217975	0.101850425
1571	0.11706175	0.131775437	0.102348063
1572	0.1175814	0.132304524	0.102858276
1573	0.118115	0.132878617	0.103351383
1574	0.1186596	0.133488807	0.103830393
1575	0.1192252	0.134116023	0.104334377
1576	0.11980615	0.134753082	0.104859218
1577	0.1203629	0.135365387	0.105360413
1578	0.12089625	0.135953283	0.105839217
1579	0.1214199	0.13652318	0.10631662
1580	0.1219402	0.137087267	0.106793133
1581	0.12246665	0.137655494	0.107277806
1582	0.12300135	0.138226381	0.107776319
1583	0.12352925	0.138795214	0.108263286
1584	0.1240485	0.139361249	0.108735751
1585	0.1245634	0.139919209	0.109207591
1586	0.12507205	0.140466628	0.109677472
1587	0.12556815	0.140998071	0.110138229
1588	0.12606105	0.141526	0.1105961
1589	0.1266015	0.142133517	0.111069483
1590	0.1271775	0.142796484	0.111558516
1591	0.12769225	0.143363125	0.112021375
1592	0.128163	0.143862042	0.112463958
1593	0.128671	0.14439869	0.11294331
1594	0.12920535	0.144962649	0.113448051
1595	0.12973105	0.145535351	0.113926749
1596	0.13025355	0.146117905	0.114389195
1597	0.13079765	0.146709218	0.114886082
1598	0.13135995	0.147309427	0.115410473
1599	0.13188765	0.147883263	0.115892037
1600	0.1323937	0.148440895	0.116346505
1601	0.13292635	0.1490165	0.1168362
1602	0.13347765	0.149605984	0.117349316
1603	0.13398715	0.150160095	0.117814205
1604	0.13447355	0.150694339	0.118252761
1605	0.13499485	0.151262532	0.118727168
1606	0.1355384	0.151852638	0.119224162
1607	0.13606255	0.152414888	0.119710212
1608	0.1365722	0.152957745	0.120186655
1609	0.13708565	0.153517526	0.120653774
1610	0.13760205	0.154087654	0.121116446
1611	0.13810445	0.154636116	0.121572784
1612	0.13859875	0.155172866	0.122024634
1613	0.13908445	0.155705982	0.122462918
1614	0.1395653	0.156236747	0.122893853
1615	0.14001685	0.156729789	0.123303911
1616	0.1404538	0.157203493	0.123704107
1617	0.14091365	0.157694214	0.124133086
1618	0.14138355	0.158193131	0.124573969
1619	0.14176065	0.158605275	0.124916025
1620	0.14209495	0.158977163	0.125212737
1621	0.14250125	0.159429305	0.125573195
1622	0.1429388	0.159916309	0.125961291
1623	0.1433655	0.160363431	0.126367569
1624	0.1437879	0.160794176	0.126781624
1625	0.14412495	0.161145699	0.127104201
1626	0.14442855	0.161466365	0.127390735
1627	0.1447519	0.161815815	0.127687985
1628	0.1450834	0.162177369	0.127989431
1629	0.14540115	0.162524814	0.128277486
1630	0.14571565	0.162869132	0.128562168
1631	0.14602575	0.163212188	0.128839312
1632	0.14633725	0.163558007	0.129116493
1633	0.1465945	0.163816527	0.129372473
1634	0.14683785	0.164051782	0.129623918
1635	0.14710075	0.164339939	0.129861561
1636	0.14737045	0.164644322	0.130096578
1637	0.1476245	0.164924029	0.130324971
1638	0.14787645	0.16519945	0.13055345
1639	0.14816535	0.165511707	0.130818993
1640	0.148465	0.165835576	0.131094424
1641	0.1487743	0.166181541	0.131367059
1642	0.14908685	0.166532708	0.131640992
1643	0.1493218	0.166783269	0.131860331
1644	0.1495448	0.167019246	0.132070354
1645	0.1497674	0.167245787	0.132289013
1646	0.14998975	0.167470644	0.132508856
1647	0.1501745	0.167679215	0.132669785
1648	0.1503557	0.167887419	0.132823981
1649	0.1504478	0.167984746	0.132910854
1650	0.15053015	0.168070783	0.132989517
1651	0.1506594	0.16819007	0.13312873
1652	0.1507935	0.168313382	0.133273618
1653	0.1508197	0.168375366	0.133264034
1654	0.1508424	0.168436789	0.133248011
1655	0.1508171	0.168398526	0.133235674
1656	0.15078835	0.168355588	0.133221112
1657	0.15077575	0.168350663	0.133200837
1658	0.15076355	0.168346645	0.133180455
1659	0.15070725	0.168284815	0.133129685
1660	0.1506482	0.168218795	0.133077605
1661	0.1505365	0.168094798	0.132978202
1662	0.15043175	0.167980403	0.132883097
1663	0.1504514	0.168010116	0.132892684
1664	0.15046055	0.168029049	0.132892051
1665	0.15034255	0.167920594	0.132764506
1666	0.15021935	0.167803745	0.132634955
1667	0.15009655	0.167661334	0.132531766
1668	0.1499867	0.167533633	0.132439767
1669	0.1499424	0.167479786	0.132405014
1670	0.1498884	0.167414231	0.132362569
1671	0.14979265	0.167298037	0.132287263
1672	0.14968455	0.167180236	0.132188864
1673	0.1495209	0.167046129	0.131995671
1674	0.1493567	0.166900849	0.131812551
1675	0.1491968	0.166725651	0.131667949
1676	0.1490204	0.166523389	0.131517411
1677	0.1487917	0.166237632	0.131345768
1678	0.14856615	0.165974063	0.131158237
1679	0.14836135	0.165775851	0.130946849
1680	0.1481331	0.165535489	0.130730711
1681	0.1478515	0.1652021	0.1305009
1682	0.14753845	0.164842898	0.130234002
1683	0.1471573	0.164428336	0.129886264
1684	0.1467417	0.163977723	0.129505677
1685	0.14628965	0.163493276	0.129086024
1686	0.145842	0.163002531	0.128681469
1687	0.1453894	0.162482188	0.128296612
1688	0.14492265	0.161965166	0.127880134
1689	0.1444394	0.161454783	0.127424017
1690	0.14396885	0.160953633	0.126984067
1691	0.1435174	0.16047185	0.12656295
1692	0.14302705	0.159932406	0.126121694
1693	0.1424941	0.159332187	0.125656013
1694	0.1419753	0.158764172	0.125186428
1695	0.14147005	0.158225234	0.124714866
1696	0.1410198	0.157733043	0.124306557
1697	0.1406037	0.157264554	0.123942846
1698	0.14011635	0.156733255	0.123499445
1699	0.13958275	0.156163038	0.123002462
1700	0.1391055	0.155636347	0.122574653
1701	0.138651	0.15512698	0.12217502
1702	0.1382252	0.15466703	0.12178337
1703	0.13781895	0.154236676	0.121401224
1704	0.13739295	0.153743849	0.121042051
1705	0.13695165	0.153221089	0.120682211
1706	0.1365329	0.152736831	0.120328969
1707	0.13611515	0.15225102	0.11997928
1708	0.1356065	0.151694038	0.119518962
1709	0.13508155	0.151132658	0.119030442
1710	0.13459585	0.150595783	0.118595917
1711	0.1341021	0.150043118	0.118161082
1712	0.13362965	0.149532748	0.117726552
1713	0.1331622	0.149035167	0.117289233
1714	0.13269585	0.148522343	0.116869357
1715	0.1322307	0.148010083	0.116451317
1716	0.13184995	0.147597061	0.116102839
1717	0.13147145	0.147182881	0.115760019
1718	0.13116465	0.146839617	0.115489683
1719	0.130855	0.146496464	0.115213536
1720	0.13050125	0.146131145	0.114871355
1721	0.1301484	0.1457602	0.1145366
1722	0.12984685	0.145417751	0.114275949
1723	0.1295349	0.145072643	0.113997157
1724	0.1291946	0.144703162	0.113686038
1725	0.12885985	0.144337926	0.113381774
1726	0.1285941	0.144068982	0.113119218
1727	0.12834835	0.143821424	0.112875276
1728	0.12816375	0.143626933	0.112700567
1729	0.12794595	0.143399931	0.112491969
1730	0.1276589	0.143107314	0.112210486
1731	0.1274171	0.142862576	0.111971624
1732	0.12726915	0.142716975	0.111821325
1733	0.12714995	0.142590315	0.111709585
1734	0.12707035	0.142480832	0.111659868
1735	0.1269409	0.142329678	0.111552122
1736	0.1267666	0.142147216	0.111385984
1737	0.12659785	0.141954784	0.111240916
1738	0.1264088	0.141722421	0.111095179
1739	0.12622425	0.141502943	0.110945557
1740	0.12607115	0.141315422	0.110826878
1741	0.1258889	0.141119976	0.110657824
1742	0.125672	0.140920096	0.110423904
1743	0.1254	0.140647478	0.110152522
1744	0.1250914	0.140319505	0.109863295
1745	0.12479885	0.140024273	0.109573427
1746	0.1245089	0.139747536	0.109270264
1747	0.1241078	0.139308402	0.108907198
1748	0.12366715	0.138812428	0.108521872
1749	0.12331605	0.138416019	0.108216081
1750	0.1229893	0.138037293	0.107941307
1751	0.1226203	0.137633262	0.107607338
1752	0.12224415	0.137228249	0.107260051
1753	0.12187785	0.136848309	0.106907391
1754	0.12150665	0.136466879	0.106546421
1755	0.12121445	0.136094819	0.106334081
1756	0.12092175	0.135718096	0.106125404
1757	0.12052005	0.135289785	0.105750315
1758	0.1201113	0.134855473	0.105367127
1759	0.11983505	0.134552047	0.105118053
1760	0.1195575	0.134255681	0.104859319
1761	0.1192104	0.133869891	0.104550909
1762	0.11885955	0.133482499	0.104236601
1763	0.1185038	0.133113356	0.103894244
1764	0.1181843	0.132778566	0.103590034
1765	0.11805225	0.132637712	0.103466788
1766	0.11788765	0.132465353	0.103309947
1767	0.11763175	0.132189313	0.103074187
1768	0.1174316	0.131969066	0.102894134
1769	0.117311	0.13185234	0.10276966
1770	0.1171947	0.131753296	0.102636104
1771	0.1171321	0.131716866	0.102547334
1772	0.1170112	0.131604006	0.102418394
1773	0.1168059	0.131373643	0.102238157
1774	0.11658295	0.131095275	0.102070625
1775	0.1163318	0.130768285	0.101895315
1776	0.1161519	0.130554421	0.101749379
1777	0.11602135	0.130415251	0.101627449
1778	0.11590115	0.130296489	0.101505811
1779	0.11581045	0.130226164	0.101394736
1780	0.1157971	0.130234543	0.101359657
1781	0.11578245	0.130230927	0.101333973
1782	0.11565645	0.13010583	0.10120707
1783	0.11553705	0.12999159	0.10108251
1784	0.1156403	0.130153048	0.101127552
1785	0.11574245	0.130322034	0.101162866
1786	0.1157573	0.130275875	0.101238725
1787	0.11576955	0.130223665	0.101315435
1788	0.11576835	0.130211874	0.101324826
1789	0.115761	0.130194137	0.101327863
1790	0.11592855	0.130447534	0.101409566
1791	0.11613865	0.130770802	0.101506498
1792	0.11607805	0.130755538	0.101400562
1793	0.11600505	0.130713854	0.101296246
1794	0.11605975	0.130796661	0.101322839
1795	0.1160966	0.130823143	0.101370057
1796	0.11610815	0.130719968	0.101496332
1797	0.1161814	0.130725828	0.101636972
1798	0.11627735	0.130818119	0.101736581
1799	0.1162701	0.130883584	0.101656616
1800	0.1161553	0.130969786	0.101340814
1801	0.10796995	0.124049885	0.091890015
1802	0.1078621	0.124938818	0.090785382
1803	0.1097828	0.126701769	0.092863831
1804	0.1115843	0.128535496	0.094633104
1805	0.1113429	0.127843158	0.094842642
1806	0.11027045	0.127551447	0.092989453
1807	0.108302	0.126276979	0.090327021
1808	0.10353765	0.122121032	0.084954268
1809	0.09779115	0.117649361	0.077932939
1810	0.09737985	0.119393642	0.075366058
1811	0.0977301	0.121265165	0.074195035
1812	0.09728235	0.121221482	0.073343218
1813	0.0969536	0.123766213	0.070140987
1814	0.09825115	0.125903873	0.070598427
1815	0.099269	0.124170583	0.074367417
1816	0.0947416	0.116880783	0.072602417
1817	0.0876068	0.114082498	0.061131102
1818	0.0802897	0.110845125	0.049734275
1819	0.07730705	0.109580942	0.045033158
1820	0.0763945	0.112772239	0.040016761
1821	0.0745977	0.110710667	0.038484733
1822	0.07189785	0.106585582	0.037210118
1823	0.0700464	0.104870245	0.035222555
1824	0.06665065	0.103987377	0.029313923
1825	0.0559283	0.091252584	0.020604016
1826	0.04226505	0.081006649	0.003523451
1827	0.03748475	0.074960827	8.67E-06
1828	0.03997775	0.090354727	-0.010399227
1829	0.03914495	0.086324294	-0.008034394
1830	0.03343605	0.075835214	-0.008963114
1831	0.02865995	0.072867215	-0.015547315
1832	0.0282091	0.063976021	-0.007557821
1833	0.0304846	0.085825993	-0.024856793
1834	0.03783695	0.093378723	-0.017704823
1835	0.0455299	0.127011492	-0.035951692
1836	0.042537	0.112031798	-0.026957798
1837	0.0458354	0.140469789	-0.048798989
1838	0.03298905	0.117270959	-0.051292859
1839	0.01422075	0.050041558	-0.021600058
1840	0.0091471	0.028122782	-0.009828582
1841	0.01681085	0.055414481	-0.021792781
1842	0.0239728	0.07845229	-0.03050669
1843	0.02999805	0.083201146	-0.023205046
1844	0.0388594	0.1126669	-0.0349481
1845	0.0378288	0.11860967	-0.04295207
1846	0.0365609	0.118132829	-0.045011029
1847	0.05530195	0.158944333	-0.048340433
1848	0.07841705	0.214355587	-0.057521487
1849	0.10047945	0.25471355	-0.05375465
1850	0.11600265	0.300253898	-0.068248598
1851	0.2063568	0.651424824	-0.238711224
1852	0.8037593	2.596886886	-0.989368286
1853	0	0	0
1854	0.32827355	0.967097428	-0.310550328
1855	0.13670285	0.414203208	-0.140797508
1856	0.0842398	0.261817298	-0.093337698
1857	0.0653815	0.191284267	-0.060521267
1858	0.1526833	0.516420244	-0.211053644
1859	0.61803695	2.399858428	-1.163784528
1860	0.2657623	0.942957613	-0.411433013
1861	0.0835073	0.274797473	-0.107782873
1862	0.0569303	0.215202492	-0.101341892
1863	0.0520491	0.193988386	-0.089890186
1864	0.04126255	0.158266121	-0.075741021
1865	0.035568	0.117814586	-0.046678586
1866	0.03444435	0.120922675	-0.052033975
1867	0.02802285	0.092528758	-0.036483058
1868	0.019146	0.057045993	-0.018753993
1869	0.0246281	0.09427205	-0.04501585
1870	0.0619953	0.199924994	-0.075934394
1871	0.2032613	0.860017377	-0.453494777
1872	0.0520394	0.160703024	-0.056624224
1873	0.0200643	0.070599605	-0.030471005
1874	0.01252255	0.032955733	-0.007910633
1875	0.01097775	0.033312814	-0.011357314
1876	0.01130275	0.035009436	-0.012403936
1877	0.01072625	0.030841824	-0.009389324
1878	0.0168995	0.04502702	-0.01122802
1879	0.0314074	0.083682669	-0.020867869
1880	0.0411033	0.113934091	-0.031727491
1881	0.02872685	0.079031657	-0.021577957
1882	0.01868825	0.061018663	-0.023642163
1883	0.01586075	0.048796702	-0.017075202
1884	0.0147619	0.05046812	-0.02094432
1885	0.01528675	0.045440695	-0.014867195
1886	0.0150589	0.042313953	-0.012196153
1887	0.0126967	0.037595989	-0.012202589
1888	0.01030665	0.027270232	-0.006656932
1889	0.00818855	0.02142544	-0.00504834
1890	0.008078	0.017282632	-0.001126632
1891	0.00861955	0.023893845	-0.006654745
1892	0.00888595	0.026604064	-0.008832164
1893	0.0092584	0.031478654	-0.012961854
1894	0.01237375	0.040007325	-0.015259825
1895	0.0235208	0.077534179	-0.030492579
1896	0.0284602	0.093184177	-0.036263777
1897	0.017768	0.055667216	-0.020131216
1898	0.0145291	0.058050545	-0.028992345
1899	0.02659975	0.103925505	-0.050726005
1900	0.04682895	0.200290813	-0.106632913
1901	0.0703314	0.327825535	-0.187162735
1902	0.09457825	0.475612414	-0.286455914
1903	0.0795985	0.370503481	-0.211306481
1904	0.06455085	0.270910668	-0.141808968
1905	0.01870095	0.07700446	-0.03960256
1906	0.00431225	0.017756465	-0.009131965
1907	0.00301515	0.011255854	-0.005225554
1908	0.01279315	0.047757834	-0.022171534
1909	0.0207953	0.07312379	-0.03153319
1910	0.01249925	0.03990642	-0.01490792
1911	0.0046922	0.021335433	-0.011951033
1912	0.00380035	0.011607734	-0.004007034
1913	0.0036883	0.013171455	-0.005794855
1914	0.00481645	0.015507486	-0.005874586
1915	0.00522575	0.018137917	-0.007686417
1916	0.00473855	0.015437911	-0.005960811
1917	0.00479845	0.017573505	-0.007976605
1918	0.00489575	0.017838274	-0.008046774
1919	0.0043998	0.01309538	-0.00429578
1920	0.0042534	0.01403852	-0.00553172
1921	0.00477975	0.012487598	-0.002928098
1922	0.00516985	0.014950758	-0.004611058
1923	0.00561395	0.014850238	-0.003622338
1924	0.0060778	0.017176866	-0.005021266
1925	0.0051713	0.012847223	-0.002504623
1926	0.00380825	0.008707297	-0.001090797
1927	0.0030882	0.007688652	-0.001512252
1928	0.0028479	0.00809422	-0.00239842
1929	0.00282975	0.008667519	-0.003008019
1930	0.00331115	0.008795242	-0.002172942
1931	0.00367955	0.010105961	-0.002746861
1932	0.00291345	0.007256763	-0.001429863
1933	0.00229695	0.006961018	-0.002367118
1934	0.0027378	0.007568302	-0.002092702
1935	0.00337155	0.009268189	-0.002525089
1936	0.00363125	0.008714803	-0.001452303
1937	0.00359305	0.007803664	-0.000617564
1938	0.0037877	0.007761696	-0.000186296
1939	0.0043008	0.008852662	-0.000251062
1940	0.004857	0.010398647	-0.000684647
1941	0.00562915	0.010964773	0.000293527
1942	0.0062974	0.012297306	0.000297494
1943	0.0071092	0.013302684	0.000915716
1944	0.00784005	0.014945833	0.000734267
1945	0.00763965	0.014078916	0.001200384
1946	0.007209	0.013331365	0.001086635
1947	0.00720255	0.013042673	0.001362427
1948	0.0074742	0.013392038	0.001556362
1949	0.00728625	0.013118026	0.001454474
1950	0.00646005	0.011478875	0.001441225
1951	0.005855	0.01066467	0.00104533
1952	0.00604805	0.01028114	0.00181496
1953	0.006229	0.010445615	0.002012385
1954	0.0064342	0.010729614	0.002138786
1955	0.0066202	0.011394222	0.001846178
1956	0.0077788	0.013053413	0.002504187
1957	0.0091185	0.015292369	0.002944631
1958	0.01026285	0.016662825	0.003862875
1959	0.01120745	0.017497802	0.004917098
1960	0.01207785	0.018190253	0.005965447
1961	0.0129105	0.018446813	0.007374187
1962	0.01363265	0.018983652	0.008281648
1963	0.0143475	0.020039969	0.008655031
1964	0.0149666	0.021085145	0.008848055
1965	0.0156204	0.021734383	0.009506417
1966	0.01619765	0.022445741	0.009949559
1967	0.01637535	0.022445405	0.010305295
1968	0.01639555	0.022328277	0.010462823
1969	0.01669895	0.022722345	0.010675555
1970	0.01722135	0.023563536	0.010879164
1971	0.0177103	0.02426223	0.01115837
1972	0.0182177	0.024627987	0.011807413
1973	0.01864475	0.025010479	0.012279021
1974	0.0187496	0.024977716	0.012521484
1975	0.018847	0.025011083	0.012682917
1976	0.01898105	0.025107931	0.012854169
1977	0.01910565	0.025239963	0.012971337
1978	0.0195045	0.025561838	0.013447162
1979	0.0200113	0.026020583	0.014002017
1980	0.02048575	0.026542048	0.014429452
1981	0.02088	0.02706125	0.01469875
1982	0.02114625	0.027441219	0.014851281
1983	0.02117955	0.027463964	0.014895136
1984	0.02121145	0.027485583	0.014937317
1985	0.0213642	0.027580327	0.015148073
1986	0.02151635	0.027742102	0.015290598
1987	0.02172355	0.027991127	0.015455973
1988	0.02191525	0.028240394	0.015590106
1989	0.02197605	0.02834926	0.01560284
1990	0.02202645	0.028456923	0.015595977
1991	0.02212025	0.028555802	0.015684698
1992	0.02224405	0.028713255	0.015774845
1993	0.02239305	0.028919562	0.015866538
1994	0.0225476	0.029039717	0.016055483
1995	0.0227011	0.029224898	0.016177302
1996	0.02267905	0.029339645	0.016018455
1997	0.02263525	0.029563472	0.015707028
1998	0.02242215	0.029394191	0.015450109
1999	0.02220625	0.029356558	0.015055942
2000	0.02223145	0.029745073	0.014717827
2001	0.0223195	0.030332398	0.014306602
2002	0.02230885	0.030137154	0.014480546
2003	0.0221934	0.029299987	0.015086813
2004	0.0219199	0.028621481	0.015218319
2005	0.0214682	0.028017884	0.014918516
2006	0.0212007	0.027679273	0.014722127
2007	0.0216517	0.02824873	0.01505467
2008	0.02208555	0.028995315	0.015175785
2009	0.0226941	0.029947048	0.015441152
2010	0.0233169	0.031027838	0.015605962
2011	0.02369195	0.031243755	0.016140145
2012	0.02393965	0.031343679	0.016535621
2013	0.0243235	0.031519425	0.017127575
2014	0.0247188	0.031837228	0.017600372
2015	0.0252004	0.032339224	0.018061576
2016	0.0258742	0.032930519	0.018817881
2017	0.0264913	0.033482312	0.019500288
2018	0.0269958	0.034169885	0.019821715
2019	0.02744095	0.03489036	0.01999154
2020	0.0278794	0.035492543	0.020266257
2021	0.0282833	0.036048064	0.020518536
2022	0.02893785	0.036585752	0.021289948
2023	0.0295544	0.037142544	0.021966256
2024	0.02984595	0.037229721	0.022462179
2025	0.03003065	0.037207707	0.022853593
2026	0.03030955	0.037370078	0.023249022
2027	0.030577	0.037610297	0.023543703
2028	0.030771	0.037884353	0.023657647
2029	0.03099365	0.038344365	0.023642935
2030	0.0311909	0.038715402	0.023666398
2031	0.03117605	0.038553771	0.023798329
2032	0.03117245	0.038452212	0.023892688
2033	0.03139095	0.038674138	0.024107762
2034	0.0316418	0.03894202	0.02434158
2035	0.0318059	0.038964666	0.024647134
2036	0.0319553	0.039035888	0.024874712
2037	0.03210325	0.03908949	0.02511701
2038	0.03223735	0.039084484	0.025390216
2039	0.03236935	0.039085574	0.025653126
2040	0.03247415	0.039073255	0.025875045
2041	0.03263075	0.039285497	0.025976003
2042	0.0327244	0.039737021	0.025711779
2043	0.0327956	0.040125499	0.025465701
2044	0.0330076	0.04042517	0.02559003
2045	0.033219	0.040715017	0.025722983
2046	0.0332124	0.04057251	0.02585229
2047	0.03318715	0.040399254	0.025975046
2048	0.0332557	0.040322144	0.026189256
2049	0.0332813	0.040187642	0.026374958
2050	0.03329505	0.040192602	0.026397498
2051	0.03336905	0.04041182	0.02632628
2052	0.0335541	0.040776466	0.026331734
2053	0.0338517	0.041204891	0.026498509
2054	0.0340599	0.041410715	0.026709085
2055	0.0341518	0.041290324	0.027013276
2056	0.0342519	0.041295764	0.027208036
2057	0.03412855	0.041166156	0.027090944
2058	0.03396525	0.040980288	0.026950212
2059	0.0340454	0.041080797	0.027010003
2060	0.03423735	0.041392696	0.027082004
2061	0.03457795	0.041867939	0.027287961
2062	0.03489525	0.04232079	0.02746971
2063	0.0351642	0.042610784	0.027717616
2064	0.03532825	0.042759879	0.027896621
2065	0.0354388	0.042821029	0.028056571
2066	0.0355667	0.042863397	0.028270003
2067	0.0357154	0.042984252	0.028446548
2068	0.03593555	0.043134089	0.028737011
2069	0.03614915	0.043306636	0.028991664
2070	0.03644805	0.043653747	0.029242353
2071	0.036757	0.044054941	0.029459059
2072	0.0370066	0.044277485	0.029735715
2073	0.0372165	0.044439245	0.029993755
2074	0.03740385	0.044562553	0.030245147
2075	0.0375181	0.044711533	0.030324667
2076	0.03752775	0.044889104	0.030166396
2077	0.0375719	0.045174418	0.029969382
2078	0.0376194	0.045389164	0.029849636
2079	0.0376664	0.045460493	0.029872307
2080	0.0377355	0.045510126	0.029960874
2081	0.03782535	0.045449053	0.030201647
2082	0.0379161	0.045432616	0.030399584
2083	0.03814825	0.045677981	0.030618519
2084	0.03841165	0.045969486	0.030853814
2085	0.0386646	0.046214546	0.031114654
2086	0.03889855	0.046455827	0.031341273
2087	0.03915185	0.046673536	0.031630164
2088	0.03933545	0.046792944	0.031877956
2089	0.03943115	0.046809671	0.032052629
2090	0.03958925	0.046903629	0.032274871
2091	0.0397155	0.047045682	0.032385318
2092	0.0397484	0.0471857	0.0323111
2093	0.03984315	0.047403024	0.032283276
2094	0.0400776	0.047632739	0.032522461
2095	0.04026745	0.047767433	0.032767467
2096	0.04053925	0.048010887	0.033067613
2097	0.04083155	0.04831377	0.03334933
2098	0.0409818	0.048508535	0.033455065
2099	0.0410755	0.048658762	0.033492238
2100	0.04116565	0.048739559	0.033591741
2101	0.04127395	0.048810942	0.033736958
2102	0.04141645	0.049008421	0.033824479
2103	0.04155455	0.049217467	0.033891633
2104	0.04180155	0.049546615	0.034056485
2105	0.04210625	0.050035649	0.034176851
2106	0.04235315	0.05029804	0.03440826
2107	0.04258695	0.050332188	0.034841712
2108	0.04278605	0.050461021	0.035111079
2109	0.04284185	0.05052617	0.03515753
2110	0.0428863	0.050544512	0.035228088
2111	0.04289915	0.050507277	0.035291023
2112	0.04290575	0.050490745	0.035320755
2113	0.04289365	0.050461286	0.035326014
2114	0.04289015	0.050472111	0.035308189
2115	0.043008	0.05071709	0.03529891
2116	0.04314905	0.05103539	0.03526271
2117	0.0433036	0.051375627	0.035231573
2118	0.0434506	0.051614706	0.035286494
2119	0.0436618	0.051684056	0.035639544
2120	0.0439835	0.051804963	0.036162037
2121	0.04428485	0.051981866	0.036587834
2122	0.04460825	0.052320841	0.036895659
2123	0.0448494	0.052640151	0.037058649
2124	0.04473575	0.052593174	0.036878326
2125	0.0446827	0.052618205	0.036747195
2126	0.0448576	0.052838984	0.036876216
2127	0.04503945	0.053052848	0.037026052
2128	0.0452024	0.053169945	0.037234855
2129	0.04537535	0.053284047	0.037466653
2130	0.04548915	0.053332243	0.037646057
2131	0.0455811	0.053455554	0.037706646
2132	0.0456669	0.05375385	0.03757995
2133	0.0457839	0.05408546	0.03748234
2134	0.0460291	0.054525327	0.037532873
2135	0.04637375	0.054961537	0.037785963
2136	0.04674845	0.055336203	0.038160697
2137	0.0469268	0.055374142	0.038479458
2138	0.04702235	0.055300709	0.038743991
2139	0.04711595	0.055308019	0.038923881
2140	0.04717185	0.055351302	0.038992398
2141	0.04724485	0.05547781	0.03901189
2142	0.04736685	0.055623506	0.039110194
2143	0.047494	0.055744885	0.039243115
2144	0.0475925	0.055878989	0.039306011
2145	0.0476878	0.056002151	0.039373449
2146	0.04776465	0.056104765	0.039424535
2147	0.04773815	0.056191452	0.039284848
2148	0.0477622	0.056421867	0.039102533
2149	0.04786385	0.056626543	0.039101157
2150	0.04804215	0.056725187	0.039359113
2151	0.048252	0.056839772	0.039664228
2152	0.04839065	0.05685387	0.03992743
2153	0.048587	0.056876532	0.040297468
2154	0.04881545	0.056950836	0.040680064
2155	0.0489855	0.057057633	0.040913367
2156	0.0491228	0.057331012	0.040914588
2157	0.04924405	0.057608181	0.040879919
2158	0.04922825	0.057659566	0.040796934
2159	0.04923635	0.057682916	0.040789784
2160	0.0495251	0.057937019	0.041113181
2161	0.04987505	0.058301888	0.041448212
2162	0.0501687	0.058624533	0.041712867
2163	0.0504443	0.05894046	0.04194814
2164	0.05045945	0.058997412	0.041921488
2165	0.05039905	0.05895448	0.04184362
2166	0.0504814	0.059002845	0.041959955
2167	0.0507119	0.059071382	0.042352418
2168	0.05085015	0.059106168	0.042594132
2169	0.05089735	0.059199777	0.042594923
2170	0.05111255	0.059439867	0.042785233
2171	0.05140515	0.05985262	0.04295768
2172	0.05166595	0.060257843	0.043074057
2173	0.0520081	0.060721022	0.043295178
2174	0.05231245	0.061125115	0.043499785
2175	0.0524862	0.061283208	0.043689192
2176	0.0526479	0.061401765	0.043894035
2177	0.0527644	0.061400563	0.044128237
2178	0.05286265	0.061416648	0.044308652
2179	0.05295405	0.06146976	0.04443834
2180	0.05299025	0.061438708	0.044541792
2181	0.05304445	0.061452383	0.044636517
2182	0.053106	0.061554415	0.044657585
2183	0.05313995	0.061733317	0.044546583
2184	0.05323065	0.062002423	0.044458877
2185	0.053309	0.062227772	0.044390228
2186	0.05355785	0.062616623	0.044499077
2187	0.05390065	0.063015131	0.044786169
2188	0.0541692	0.063218263	0.045120137
2189	0.05440455	0.063448985	0.045360115
2190	0.05453645	0.063577324	0.045495576
2191	0.05462415	0.063645289	0.045603011
2192	0.05474175	0.063756584	0.045726916
2193	0.0549162	0.063943129	0.045889271
2194	0.055004	0.064022912	0.045985088
2195	0.05500645	0.064027609	0.045985291
2196	0.0549563	0.063903737	0.046008863
2197	0.0549023	0.063783204	0.046021396
2198	0.0550519	0.063977739	0.046126061
2199	0.0553357	0.064360265	0.046311135
2200	0.0554749	0.064490556	0.046459244
2201	0.0555416	0.06443585	0.04664735
2202	0.0557489	0.064612758	0.046885042
2203	0.05602745	0.064878018	0.047176882
2204	0.05611665	0.064921729	0.047311571
2205	0.05601255	0.064793565	0.047231535
2206	0.0558355	0.064520193	0.047150807
2207	0.0557927	0.064367468	0.047217932
2208	0.0558052	0.064326907	0.047283493
2209	0.05579575	0.064427368	0.047164132
2210	0.05586075	0.064600302	0.047121198
2211	0.0560844	0.06493914	0.04722966
2212	0.0563237	0.065351073	0.047296327
2213	0.05656665	0.065759323	0.047373977
2214	0.0567679	0.066070054	0.047465746
2215	0.0567397	0.066030061	0.047449339
2216	0.0566527	0.065905605	0.047399795
2217	0.05641535	0.065651069	0.047179631
2218	0.05612865	0.065399264	0.046858036
2219	0.05606965	0.065334033	0.046805267
2220	0.0560931	0.065362167	0.046824033
2221	0.05612875	0.065443077	0.046814423
2222	0.05619625	0.065544279	0.046848221
2223	0.05614915	0.0654577	0.0468406
2224	0.05611985	0.065240148	0.046999552
2225	0.0560587	0.065008907	0.047108493
2226	0.05587535	0.064713023	0.047037677
2227	0.0557229	0.064424647	0.047021153
2228	0.05548155	0.064108927	0.046854173
2229	0.05526795	0.063982058	0.046553842
2230	0.05518255	0.064209638	0.046155462
2231	0.05513985	0.064443063	0.045836637
2232	0.0551235	0.064455389	0.045791611
2233	0.0550326	0.064330083	0.045735117
2234	0.05466895	0.063830354	0.045507546
2235	0.05427795	0.063313701	0.045242199
2236	0.05397285	0.062828249	0.045117451
2237	0.0537142	0.06241772	0.04501068
2238	0.05360495	0.062257419	0.044952481
2239	0.053526	0.06214898	0.04490302
2240	0.05343675	0.062040157	0.044833343
2241	0.05322215	0.061699165	0.044745135
2242	0.05281355	0.061089074	0.044538026
2243	0.0524833	0.060519336	0.044447264
2244	0.0521326	0.059953278	0.044311922
2245	0.05163595	0.059389396	0.043882504
2246	0.0512713	0.059003942	0.043538658
2247	0.0510526	0.058991716	0.043113484
2248	0.0508371	0.059047347	0.042626853
2249	0.05064245	0.058879213	0.042405687
2250	0.0503727	0.058605702	0.042139698
2251	0.04998795	0.0582309	0.041745
2252	0.0495306	0.057760391	0.041300809
2253	0.04892555	0.057022112	0.040828988
2254	0.0483907	0.056370069	0.040411331
2255	0.04805095	0.055858546	0.040243354
2256	0.04765065	0.055283461	0.040017839
2257	0.04709595	0.054698619	0.039493281
2258	0.04660585	0.054170457	0.039041243
2259	0.04632925	0.053688282	0.038970218
2260	0.0459817	0.053172178	0.038791222
2261	0.0455481	0.052660834	0.038435366
2262	0.0451809	0.052265545	0.038096255
2263	0.04467345	0.05159437	0.03775253
2264	0.0441321	0.050845346	0.037418854
2265	0.04374445	0.050483591	0.037005309
2266	0.0434124	0.050384664	0.036440136
2267	0.0432466	0.050412988	0.036080212
2268	0.0431549	0.050348601	0.035961199
2269	0.042877	0.0500458	0.0357082
2270	0.0426408	0.049694641	0.035586959
2271	0.0424448	0.049467944	0.035421656
2272	0.04218255	0.049083533	0.035281567
2273	0.0418749	0.048676007	0.035073793
2274	0.04161975	0.048453672	0.034785828
2275	0.0414119	0.048263844	0.034559956
2276	0.0411201	0.047832071	0.034408129
2277	0.04083365	0.047399633	0.034267667
2278	0.0408002	0.047379994	0.034220406
2279	0.04079895	0.047500598	0.034097302
2280	0.04061975	0.047417442	0.033822058
2281	0.0403844	0.047268678	0.033500122
2282	0.04005685	0.046934744	0.033178956
2283	0.03968135	0.046477715	0.032884985
2284	0.0393074	0.045995355	0.032619445
2285	0.03897885	0.045590992	0.032366708
2286	0.0389711	0.045581182	0.032361018
2287	0.03907295	0.045671988	0.032473912
2288	0.03895335	0.045515941	0.032390759
2289	0.0387158	0.045315307	0.032116293
2290	0.03843425	0.045045828	0.031822672
2291	0.03816675	0.044831955	0.031501545
2292	0.0379314	0.044626007	0.031236793
2293	0.0376797	0.044194663	0.031164737
2294	0.03748275	0.043853524	0.031111976
2295	0.0373029	0.043640882	0.030964918
2296	0.0371242	0.043490151	0.030758249
2297	0.0369555	0.043317286	0.030593714
2298	0.0366507	0.043014564	0.030286836
2299	0.0361051	0.042378517	0.029831683
2300	0.03563805	0.041824278	0.029451822
2301	0.0354525	0.041577182	0.029327818
2302	0.0352758	0.041385829	0.029165771
2303	0.0351333	0.041223224	0.029043376
2304	0.0350093	0.041132541	0.028886059
2305	0.0347516	0.040901038	0.028602162
2306	0.0344902	0.040670801	0.028309599
2307	0.03431785	0.040325506	0.028310194
2308	0.03402155	0.039904228	0.028138872
2309	0.0337752	0.039768608	0.027781792
2310	0.03372055	0.039902185	0.027538915
2311	0.0336252	0.039693235	0.027557165
2312	0.03352665	0.039442714	0.027610586
2313	0.03350745	0.039431077	0.027583823
2314	0.0334424	0.039429355	0.027455445
2315	0.0334563	0.039464092	0.027448508
2316	0.03352005	0.039497289	0.027542811
2317	0.03356815	0.039496088	0.027640212
2318	0.0336498	0.039537622	0.027761978
2319	0.03369065	0.0396996	0.0276817
2320	0.03358365	0.039889878	0.027277422
2321	0.0336148	0.040103057	0.027126543
2322	0.03371225	0.040063968	0.027360532
2323	0.03373825	0.040023288	0.027453212
2324	0.03383155	0.040028614	0.027634486
2325	0.0337658	0.039824505	0.027707095
2326	0.0334809	0.039648722	0.027313078
2327	0.0331617	0.039638626	0.026684774
2328	0.03277335	0.039262786	0.026283914
2329	0.03243075	0.038819775	0.026041725
2330	0.03213545	0.03827946	0.02599144
2331	0.03190615	0.037927797	0.025884503
2332	0.03200095	0.037961068	0.026040832
2333	0.0320852	0.037995738	0.026174662
2334	0.0319354	0.03774639	0.02612441
2335	0.03176285	0.037531694	0.025994006
2336	0.0314121	0.037040343	0.025783857
2337	0.03095785	0.036507795	0.025407905
2338	0.0307402	0.036403829	0.025076571
2339	0.03065375	0.036595585	0.024711915
2340	0.0307413	0.036897698	0.024584902
2341	0.0308666	0.037193081	0.024540119
2342	0.0305958	0.036870298	0.024321302
2343	0.0301714	0.036472587	0.023870213
2344	0.0296531	0.035903858	0.023402342
2345	0.02908705	0.035106583	0.023067517
2346	0.02882765	0.034660594	0.022994706
2347	0.0286446	0.034416294	0.022872906
2348	0.02852445	0.034296719	0.022752181
2349	0.0285089	0.034346053	0.022671747
2350	0.02833905	0.034247171	0.022430929
2351	0.0281574	0.034110896	0.022203904
2352	0.0280405	0.034002471	0.022078529
2353	0.02789915	0.033891148	0.021907152
2354	0.0279002	0.033894131	0.021906269
2355	0.02800725	0.03374705	0.02226745
2356	0.02795535	0.033594818	0.022315882
2357	0.0277883	0.033379557	0.022197043
2358	0.02777255	0.033366295	0.022178805
2359	0.02810455	0.033524705	0.022684395
2360	0.0283083	0.033623751	0.022992849
2361	0.0282196	0.033878907	0.022560293
2362	0.02807775	0.034265568	0.021889932
2363	0.0278394	0.034183149	0.021495651
2364	0.027613	0.034034115	0.021191885
2365	0.02715965	0.033389619	0.020929681
2366	0.02655975	0.032634409	0.020485091
2367	0.02601655	0.032029682	0.020003418
2368	0.02566115	0.031709559	0.019612741
2369	0.0257944	0.031641161	0.019947639
2370	0.02590175	0.031656059	0.020147441
2371	0.02592245	0.031678233	0.020166667
2372	0.0260103	0.031933229	0.020087371
2373	0.0260118	0.032147651	0.019875949
2374	0.0259157	0.032249998	0.019581402
2375	0.02535	0.031969046	0.018730954
2376	0.02456985	0.031616895	0.017522805
2377	0.0241495	0.031330677	0.016968323
2378	0.02403825	0.031318319	0.016758181
2379	0.0240631	0.031030265	0.017095935
2380	0.023958	0.030492405	0.017423595
2381	0.02420475	0.03030544	0.01810406
2382	0.0246578	0.030643413	0.018672187
2383	0.02442965	0.030119776	0.018739524
2384	0.0238548	0.029235338	0.018474262
2385	0.02320595	0.028466371	0.017945529
2386	0.02243845	0.027926179	0.016950721
2387	0.0220201	0.027753455	0.016286745
2388	0.0221589	0.0280112	0.0163066
2389	0.0223771	0.02830534	0.01644886
2390	0.0224178	0.02836529	0.01647031
2391	0.02242065	0.028249268	0.016592032
2392	0.0223313	0.028024657	0.016637943
2393	0.0221024	0.02769404	0.01651076
2394	0.0218403	0.027715008	0.015965592
2395	0.0216366	0.028146684	0.015126516
2396	0.0216496	0.028022613	0.015276587
2397	0.0218406	0.028249909	0.015431291
2398	0.02188705	0.028461505	0.015312595
2399	0.0218234	0.028262337	0.015384463
2400	0.0217656	0.027748405	0.015782795
2401	0.0216813	0.027823652	0.015538948
2402	0.0216562	0.027886949	0.015425451
2403	0.0216402	0.02804365	0.01523675
2404	0.02137375	0.028521679	0.014225821
2405	0.020797	0.028852291	0.012741709
2406	0.01950415	0.027173758	0.011834542
2407	0.01830135	0.025440695	0.011162005
2408	0.01792495	0.024590354	0.011259546
2409	0.01766555	0.024117525	0.011213575
2410	0.0174821	0.023839063	0.011125137
2411	0.0173959	0.023853178	0.010938622
2412	0.01733085	0.023298415	0.011363285
2413	0.0170831	0.022825231	0.011340969
2414	0.0166082	0.022133133	0.011083267
2415	0.01611955	0.021863092	0.010376008
2416	0.01583025	0.021948679	0.009711821
2417	0.01562465	0.022435508	0.008813792
2418	0.0146005	0.021301312	0.007899688
2419	0.01328925	0.019681305	0.006897195
2420	0.0127935	0.018843089	0.006743911
2421	0.01274785	0.018784717	0.006710983
2422	0.01336295	0.019386155	0.007339745
2423	0.01415685	0.020548523	0.007765177
2424	0.014392	0.020590726	0.008193274
2425	0.0142942	0.020520876	0.008067524
2426	0.0140254	0.02016974	0.00788106
2427	0.0135858	0.019910488	0.007261112
2428	0.01366695	0.019393792	0.007940108
2429	0.014108	0.019402355	0.008813645
2430	0.01423125	0.018995408	0.009467092
2431	0.0141932	0.019096693	0.009289707
2432	0.0136183	0.018730901	0.008505699
2433	0.01265995	0.018508943	0.006810957
2434	0.01205805	0.018073093	0.006043007
2435	0.01171105	0.017573951	0.005848149
2436	0.0115207	0.016754441	0.006286959
2437	0.01165805	0.016736512	0.006579588
2438	0.0114438	0.016864476	0.006023124
2439	0.01101255	0.017201082	0.004824018
2440	0.0104699	0.01657441	0.00436539
2441	0.009389	0.014364822	0.004413178
2442	0.0085295	0.013089151	0.003969849
2443	0.00774045	0.012268254	0.003212646
2444	0.0069349	0.011244264	0.002625536
2445	0.00670095	0.011828451	0.001573449
2446	0.00634145	0.0120446	0.0006383
2447	0.00590495	0.010596148	0.001213752
2448	0.0055575	0.010040113	0.001074887
2449	0.0053793	0.010298464	0.000460136
2450	0.00555725	0.01093293	0.00018157
2451	0.0052623	0.010005852	0.000518748
2452	0.0051987	0.009834576	0.000562824
2453	0.00577695	0.010926082	0.000627818
2454	0.00631455	0.012261062	0.000368038
2455	0.006745	0.012685518	0.000804482
2456	0.00679865	0.012811199	0.000786101
2457	0.00679475	0.012846456	0.000743044
2458	0.0067713	0.013357143	0.000185457
2459	0.00664975	0.013640868	-0.000341368
2460	0.0064473	0.013250066	-0.000355466
2461	0.0058947	0.010483947	0.001305453
2462	0.0057737	0.009763277	0.001784123
2463	0.0061395	0.010656814	0.001622186
2464	0.00592425	0.011444781	0.000403719
2465	0.0053293	0.010195548	0.000463052
2466	0.00490715	0.009595366	0.000218934
2467	0.00430325	0.007907404	0.000699096
2468	0.00377175	0.007278373	0.000265127
2469	0.00367	0.007303585	3.64E-05
2470	0.00364095	0.007438257	-0.000156357
2471	0.00384085	0.007582323	9.94E-05
2472	0.0038741	0.008328775	-0.000580575
2473	0.0035138	0.008074008	-0.001046408
2474	0.0035116	0.008588962	-0.001565762
2475	0.00367395	0.008420147	-0.001072247
2476	0.00325805	0.007761239	-0.001245139
2477	0.00237035	0.005848151	-0.001107451
2478	0.00177865	0.005134781	-0.001577481
2479	0.00180875	0.005470921	-0.001853421
2480	0.0019098	0.006214094	-0.002394494
2481	0.00238605	0.006405318	-0.001633218
2482	0.00309195	0.007971613	-0.001787713
2483	0.00399795	0.009695786	-0.001699886
2484	0.0046751	0.011863557	-0.002513357
2485	0.00449255	0.011557879	-0.002572779
2486	0.00461065	0.013356839	-0.004135539
2487	0.0045424	0.012167196	-0.003082396
2488	0.00386035	0.012319753	-0.004599053
2489	0.00408895	0.011820621	-0.003642721
2490	0.0051936	0.016062899	-0.005675699
2491	0.00860515	0.02624657	-0.00903627
2492	0.01303085	0.041281601	-0.015219901
2493	0.0143491	0.041767921	-0.013069721
2494	0.0133921	0.036754461	-0.009970261
2495	0.00900515	0.023129566	-0.005119266
2496	0.00429945	0.011193232	-0.002594332
2497	0.0021809	0.005313107	-0.000951307
2498	0.00204975	0.007484962	-0.003385462
2499	0.00256125	0.00842749	-0.00330499
2500	0.0023866	0.007952116	-0.003178916
